-6.941051005436781052e-02 -1.219873676001040352e-01
-9.950243867933750153e-03 -9.973011910915374756e-03
-1.960577629506587982e-02 -1.992637384682893753e-02
-2.950412873178720474e-02 -2.983173727989196777e-02
-3.898261394351720810e-02 -3.957409691065549850e-02
-4.655265295878052711e-02 -4.953952878713607788e-02
-5.537896091118454933e-02 -5.950498301535844803e-02
-5.888315429911017418e-02 -6.878462433815002441e-02
-6.170601234771311283e-02 -7.870364189147949219e-02
-6.351393088698387146e-02 -8.561166282743215561e-02
-6.291491969022899866e-02 -9.552046563476324081e-02
-5.701204540673643351e-02 -1.052710311487317085e-01
-5.833002564031630754e-02 -1.146069681271910667e-01
-5.565139523241668940e-02 -1.241581570357084274e-01
-5.363382340874522924e-02 -1.325695766136050224e-01
-5.894897866528481245e-02 -1.280145803466439247e-01
-5.884312200942076743e-02 -1.228765253908932209e-01
-5.262768795364536345e-02 -1.235298482934013009e-01
-5.862057083868421614e-02 -1.262406090972945094e-01
-5.125526539632119238e-02 -1.224335985025390983e-01
-5.285188186098821461e-02 -1.262031957739964128e-01
-5.411196037312038243e-02 -1.273745831567794085e-01
-5.207913208869285882e-02 -1.296896275598555803e-01
-5.595315017853863537e-02 -1.353309310507029295e-01
-5.504814666346646845e-02 -1.322309041861444712e-01
-5.481925529602449387e-02 -1.327891887049190700e-01
-5.648590128112118691e-02 -1.319885445409454405e-01
-5.462676093156915158e-02 -1.361817536526359618e-01
-5.755093383777420968e-02 -1.362059006860363297e-01
-5.151457588362973183e-02 -1.373332396542537026e-01
-4.767804306175094098e-02 -1.343838635293650441e-01
-4.787341933115385473e-02 -1.312168517542886548e-01
-5.110376453376375139e-02 -1.245997038131463341e-01
-5.121035074989777058e-02 -1.249398925501736812e-01
-5.355091362434905022e-02 -1.321467399757239036e-01
-5.592576290655415505e-02 -1.395271998990210705e-01
-4.934319776657503098e-02 -1.375560028172913007e-01
-4.781321335758548230e-02 -1.409002464424702339e-01
-4.608576586178969592e-02 -1.417202823722618632e-01
-5.226552979729603976e-02 -1.353488666863995604e-01
-4.984771744057070464e-02 -1.407956993134575896e-01
-5.153180139313917607e-02 -1.355790090674418025e-01
-5.313849523372482508e-02 -1.291206455716746859e-01
-4.798243827826809138e-02 -1.286445403748075478e-01
-5.482941427908372134e-02 -1.289268541950150393e-01
-5.200803680054377764e-02 -1.229614211115404032e-01
-5.629027522809337825e-02 -1.223213387638679706e-01
-5.755740850872825831e-02 -1.219551743342890404e-01
-5.722248049278277904e-02 -1.302103552370681427e-01
-5.054655166168231517e-02 -1.214359135701670311e-01
-5.379003619600553066e-02 -1.215021098905708641e-01
