-6.909505069439329794e-02 -1.222902065949407757e-01
-9.127783589065074921e-03 -9.675815701484680176e-03
-1.906749419867992401e-02 -1.950282417237758636e-02
-2.815786935389041901e-02 -2.945944014936685562e-02
-3.807763010263442993e-02 -3.918106388300657272e-02
-4.763802513480186462e-02 -4.831273574382066727e-02
-5.624917242676019669e-02 -5.813005939126014709e-02
-6.197368307039141655e-02 -6.773839797824621201e-02
-7.006790628656744957e-02 -7.721174508333206177e-02
-6.947624555323272943e-02 -8.695321902632713318e-02
-6.605615129228681326e-02 -9.671113826334476471e-02
-7.032182335387915373e-02 -1.065767472609877586e-01
-6.387406948488205671e-02 -1.158417062833905220e-01
-5.955715791787952185e-02 -1.242839870974421501e-01
-5.998565867776051164e-02 -1.199801014736294746e-01
-6.583775958279147744e-02 -1.282901158556342125e-01
-6.376869772793725133e-02 -1.351394811645150185e-01
-6.219697458436712623e-02 -1.374299607705324888e-01
-5.848115327535197139e-02 -1.322147713508456945e-01
-6.071330251870676875e-02 -1.262191783171147108e-01
-5.919274390907958150e-02 -1.294889233540743589e-01
-5.515369010390713811e-02 -1.363130535464733839e-01
-5.742140609072521329e-02 -1.387565161567181349e-01
-5.559197749244049191e-02 -1.456722498405724764e-01
-5.685097660170868039e-02 -1.370211767498403788e-01
-5.861075600842013955e-02 -1.387622826732695103e-01
-5.090814089635387063e-02 -1.371627742191776633e-01
-5.677824566373601556e-02 -1.375331085873767734e-01
-6.161565013462677598e-02 -1.432564536808058619e-01
-6.308996380539610982e-02 -1.376908057136461139e-01
-6.198539439355954528e-02 -1.300288041820749640e-01
-6.162411038530990481e-02 -1.336180503712967038e-01
-6.333268707385286689e-02 -1.406837893882766366e-01
-6.199514929903671145e-02 -1.338354806648567319e-01
-5.838511529145762324e-02 -1.268270259024575353e-01
-5.700010963482782245e-02 -1.335274508455768228e-01
-5.849408329231664538e-02 -1.279357677558436990e-01
-5.548579053720459342e-02 -1.302727699512615800e-01
-5.942953884368762374e-02 -1.288277317071333528e-01
-6.071248830994591117e-02 -1.245506942505016923e-01
-6.315090478165075183e-02 -1.271217566682025790e-01
-5.825058062328025699e-02 -1.239892655285075307e-01
-6.226976838661357760e-02 -1.296151858987286687e-01
-6.498578278115019202e-02 -1.339452510001137853e-01
-5.681922187795862556e-02 -1.292390172602608800e-01
-5.911759537411853671e-02 -1.274017256218940020e-01
-6.134119856869801879e-02 -1.209613915998488665e-01
-6.091059316531755030e-02 -1.298054989892989397e-01
-5.678625722066499293e-02 -1.254783568438142538e-01
-6.175200585857965052e-02 -1.327822844032198191e-01
-6.692795074195601046e-02 -1.389204582665115595e-01
