-8.199006721430000810e-02 -1.072505797192881555e-01
-8.735468611121177673e-03 -9.924891404807567596e-03
-1.868477556854486465e-02 -1.987007260322570801e-02
-2.723301015794277191e-02 -2.949034329503774643e-02
-3.688887692987918854e-02 -3.929307218641042709e-02
-4.660443309694528580e-02 -4.921388346701860428e-02
-5.642485059797763824e-02 -5.913641117513179779e-02
-6.594221107661724091e-02 -6.908460799604654312e-02
-6.730475171934813261e-02 -7.874540984630584717e-02
-7.654022320639342070e-02 -8.784723933786153793e-02
-7.873376354109495878e-02 -9.763116948306560516e-02
-7.741539936978369951e-02 -1.064805286005139351e-01
-7.279486872721463442e-02 -1.136073828674852848e-01
-8.064465702045708895e-02 -1.112095215357840061e-01
-8.036657035700045526e-02 -1.157439732924103737e-01
-8.619227292365394533e-02 -1.088071027770638466e-01
-8.180359131074510515e-02 -1.144697153940796852e-01
-7.851599351852200925e-02 -1.186193074099719524e-01
-7.621796740568242967e-02 -1.234736060723662376e-01
-7.503218189231120050e-02 -1.164128091186285019e-01
-7.679254721733741462e-02 -1.117135649546980858e-01
-7.657112550805322826e-02 -1.158949509263038635e-01
-7.791472200187854469e-02 -1.106910458765923977e-01
-7.294501570868305862e-02 -1.137099829502403736e-01
-7.923998238402418792e-02 -1.137108138389635315e-01
-7.347036732244305313e-02 -1.088835468142974605e-01
-7.591398127260617912e-02 -1.098356785694818427e-01
-7.685750487144105136e-02 -1.130244162375788619e-01
-6.904086886788718402e-02 -1.106809655646543433e-01
-7.431235673720948398e-02 -1.056878942507069041e-01
-7.800339927780441940e-02 -1.139765012520115306e-01
-7.444411746109835804e-02 -1.133674168702896168e-01
-7.590693756355904043e-02 -1.087560271587904026e-01
-7.623462480842135847e-02 -1.112529288255359461e-01
-7.990712075843475759e-02 -1.081913411360915234e-01
-7.828444996266625822e-02 -1.062108541116799643e-01
-7.826165714686794672e-02 -1.066356230329006394e-01
-8.100952649874670897e-02 -1.053566933877050360e-01
-7.997929118027968798e-02 -1.095311130664526900e-01
-7.651951582556648646e-02 -1.057733144878625353e-01
-7.374664116105122957e-02 -1.079638971748977383e-01
-7.588022224990709219e-02 -1.042007174144714554e-01
-7.718522776303871069e-02 -1.029893567354633888e-01
-7.882094603883160744e-02 -1.083472298958554347e-01
-7.333818904044164810e-02 -1.081298577226448288e-01
-7.600362703124119435e-02 -1.130003404430794944e-01
-8.069990074181987438e-02 -1.089896249212074508e-01
-7.899119774265273008e-02 -1.101883828267204990e-01
-7.386408256752474699e-02 -1.085968589503067960e-01
-8.177126175178273115e-02 -1.114027678593743076e-01
-7.999294285582436714e-02 -1.111088883515662928e-01
