-9.802919034660859121e-02 -3.024454910693300316e-02
-9.984526783227920532e-03 -7.399212568998336792e-03
-1.989407371729612350e-02 -1.188280247151851654e-02
-2.979592047631740570e-02 -2.038873732089996338e-02
-3.971652965992689133e-02 -2.728114370256662369e-02
-4.956378694623708725e-02 -2.985103963874280453e-02
-5.926183797419071198e-02 -2.670212276279926300e-02
-6.924180872738361359e-02 -3.238670155405998230e-02
-7.915349211543798447e-02 -2.547283936291933060e-02
-8.833609241992235184e-02 -3.012921707704663277e-02
-9.734856151044368744e-02 -2.763694198802113533e-02
-1.055344948545098305e-01 -2.765621753314917441e-02
-1.065706285880878568e-01 -2.500989656800811645e-02
-1.130460455315187573e-01 -2.916395287866180297e-02
-1.083234028192237020e-01 -2.370939493084733840e-02
-1.078739969234447926e-01 -2.941768566051905509e-02
-1.081648633989971131e-01 -3.040355952362006065e-02
-1.074386058317031711e-01 -2.435317538584058639e-02
-1.080901388486381620e-01 -3.164549913162773009e-02
-1.104865638480987400e-01 -2.601687513197248336e-02
-1.088620976952370256e-01 -2.307246644886618014e-02
-1.022814850730355829e-01 -2.783259955140238162e-02
-1.052011690044309944e-01 -3.319555307643895503e-02
-9.826081627397798002e-02 -2.713720100837235805e-02
-1.061386336514260620e-01 -2.422856349403446075e-02
-1.067337669373955578e-01 -2.366511124091630336e-02
-9.888863991363905370e-02 -2.224336886683886405e-02
-1.065188474894966930e-01 -2.108411696644907352e-02
-1.067225368169602007e-01 -1.481979313211922999e-02
-9.994497740990482271e-02 -1.375742019990866538e-02
-1.027483780344482511e-01 -2.069242574179952499e-02
-1.052194506337400526e-01 -2.068090058764937567e-02
-1.058415639854501933e-01 -2.409986771544936346e-02
-1.067264104203786701e-01 -1.874685559323552297e-02
-1.041580702585633844e-01 -1.745626963111135410e-02
-9.994269892922602594e-02 -1.682363309100765036e-02
-1.067038419132586569e-01 -2.022339844279485987e-02
-1.057654955366160721e-01 -1.526292854123312281e-02
-1.082271594495978206e-01 -1.481281096948805498e-02
-1.021678299584891647e-01 -1.480539853582740761e-02
-1.037589973711874336e-01 -2.288434713045717217e-02
-1.086111395561601967e-01 -2.069318632493377663e-02
-1.040999825054313987e-01 -1.935175282778800465e-02
-1.012060077337082475e-01 -1.375038957121432759e-02
-1.073802084138151258e-01 -1.847604697468341328e-02
-1.009344252233859152e-01 -1.385324809598387219e-02
-9.761549680843017995e-02 -2.151678444715798832e-02
-9.463721499196253717e-02 -2.469269803623319604e-02
-9.580107787041924894e-02 -2.737326186979771592e-02
-9.923744885600171983e-02 -2.519563481109798886e-02
-9.637543055578134954e-02 -2.192308113808394410e-02
