-9.230798176783654163e-02 -1.153915625017103153e-02
-9.892269968986511230e-03 7.598018273711204529e-03
-1.975885219871997833e-02 1.379362307488918304e-02
-2.968004532158374786e-02 1.189219974912703037e-02
-3.958534169942140579e-02 9.690341539680957794e-03
-4.951454512774944305e-02 3.323121462017297745e-03
-5.896570160984992981e-02 4.337729536928236485e-03
-6.851556338369846344e-02 5.246584711130708456e-03
-7.843719236552715302e-02 1.410295197274535894e-03
-8.820160385221242905e-02 -3.768973576370626688e-03
-9.567796811461448669e-02 4.612564516719430685e-03
-1.032136012800037861e-01 5.905031575821340084e-04
-1.096724946983158588e-01 -4.953481315169483423e-03
-1.069763549603521824e-01 -4.470828571356832981e-04
-1.108559586573392153e-01 -3.086159995291382074e-03
-1.039695695508271456e-01 -2.363344014156609774e-03
-1.111534370575100183e-01 -1.891693653305992484e-03
-1.116223366407211870e-01 -4.242473369231447577e-03
-1.059861931425984949e-01 -9.497865976300090551e-04
-1.111414188926573843e-01 -7.669641723623499274e-03
-1.117387909616809338e-01 -6.584171991562470794e-03
-1.129848480632063001e-01 -8.563725132262334228e-03
-1.162442177010234445e-01 -5.418898392235860229e-03
-1.125147290003951639e-01 -9.921292628860101104e-03
-1.098486418777611107e-01 -7.684977579629048705e-03
-1.150170477048959583e-01 -1.158884805045090616e-02
-1.094178111234214157e-01 -8.560605434468016028e-03
-1.127846348972525448e-01 -1.308153671561740339e-02
-1.150618613173719496e-01 -1.827886988758109510e-02
-1.119376934075262398e-01 -1.008219466893933713e-02
-1.191063850128557533e-01 -1.282413591980002820e-02
-1.183920281182508916e-01 -8.213106630137190223e-03
-1.203715973242651671e-01 -1.364369652583263814e-02
-1.247079022869002074e-01 -9.249847469618543983e-03
-1.272269303153734654e-01 -1.193070047884248197e-02
-1.204209455463569611e-01 -4.539025103440508246e-03
-1.223762342415284365e-01 -1.269833272090181708e-03
-1.250400419521611184e-01 -5.034010711824521422e-03
-1.209222206089179963e-01 -7.266804197570309043e-03
-1.158825766469817609e-01 -5.604237521765753627e-03
-1.218127344909589738e-01 -1.169118165853433311e-02
-1.238250469032209367e-01 -1.342315968940965831e-02
-1.152272585022728890e-01 -1.002597992192022502e-02
-1.159321149752940983e-01 -8.763014775468036532e-03
-1.158381756758899428e-01 -7.633686735061928630e-03
-1.241353461882681586e-01 -7.668021393328672275e-03
-1.231734583634533919e-01 5.405980373325292021e-04
-1.251504943720647134e-01 -1.734289366140728816e-03
-1.242624292863183655e-01 -4.377765799290500581e-05
-1.210317408913397230e-01 -1.087914242816623300e-04
-1.153958381401025690e-01 -6.726638788677519187e-03
