-8.201678187437541623e-02 7.212301919876686063e-03
-9.991111233830451965e-03 3.956769593060016632e-03
-1.991550065577030182e-02 1.146344048902392387e-02
-2.977102342993021011e-02 7.772757904604077339e-03
-3.975812997668981552e-02 5.007489817216992378e-03
-4.940428305417299271e-02 5.890161264687776566e-04
-5.881579034030437469e-02 6.983064813539385796e-03
-6.835386808961629868e-02 7.676755602005869150e-03
-7.485606940463185310e-02 1.228966383496299386e-02
-7.871980150230228901e-02 4.100172838661819696e-03
-8.608985622413456440e-02 1.724514702800661325e-03
-8.732230798341333866e-02 5.792103765998035669e-03
-8.146531484089791775e-02 5.035422800574451685e-03
-8.524682885035872459e-02 3.948955272790044546e-03
-8.791215717792510986e-02 3.782459243666380644e-03
-8.085970487445592880e-02 9.591358422767370939e-03
-8.378054457716643810e-02 6.714816845487803221e-03
-8.984446828253567219e-02 6.209954794030636549e-03
-8.280901261605322361e-02 -1.398446795064955950e-03
-8.714095526374876499e-02 4.406036983709782362e-03
-8.376156282611191273e-02 4.069257644005119801e-03
-7.904055691324174404e-02 4.136122130148578435e-03
-8.179370430298149586e-02 2.253616177767980844e-03
-7.965603494085371494e-02 4.439503136381972581e-03
-8.427774463780224323e-02 6.103804284066427499e-03
-7.748498744331300259e-02 1.068581776053179055e-03
-7.576117943972349167e-02 1.928798395965714008e-03
-7.566348623367957771e-02 -1.201006809424143285e-03
-8.065245227771811187e-02 1.540688805107492954e-03
-8.004548863391391933e-02 2.054821765341330320e-03
-8.031411960837431252e-02 3.050176375836599618e-03
-7.752761690062470734e-02 7.634548892383463681e-04
-8.028881860082037747e-02 4.090680224180687219e-03
-8.433421750669367611e-02 1.024842676997650415e-03
-8.556864634738303721e-02 8.827159595966804773e-03
-8.936473741778172553e-02 7.060055337205994874e-03
-9.350406532757915556e-02 3.259616853029001504e-03
-8.991920729749836028e-02 6.490369742095936090e-03
-8.447672627517022192e-02 1.071882568794535473e-02
-8.655105895013548434e-02 1.474908175441669300e-02
-8.605016776709817350e-02 1.133971516537712887e-02
-8.682674178271554410e-02 1.179659189801895991e-02
-8.822443251847289503e-02 9.504781432042364031e-03
-8.326567671610973775e-02 9.875188530713785440e-03
-8.724882369278930128e-02 5.858529308170545846e-03
-8.744059805758297443e-02 9.825191875279415399e-03
-8.669132000068202615e-02 1.275128633278654888e-02
-9.379224252188578248e-02 1.020881505246507004e-02
-9.154649922857061028e-02 1.266461582417832687e-02
-8.580423571402207017e-02 1.530670369538711384e-02
-8.277736656600609422e-02 9.860916477919090539e-03
