-3.551732548733751993e-02 4.348004915609814114e-02
-9.443835355341434479e-03 4.750373307615518570e-03
-1.916303019970655441e-02 1.434791507199406624e-02
-2.725964039564132690e-02 2.396529866382479668e-02
-3.413891093805432320e-02 3.286586469039320946e-02
-3.995359363034367561e-02 3.436584654264152050e-02
-3.475722996518015862e-02 3.978737513534724712e-02
-3.648612170945852995e-02 3.810020373202860355e-02
-3.673539072042331100e-02 3.565782471559941769e-02
-3.243859944632276893e-02 4.333650250919163227e-02
-2.795854391297325492e-02 3.673691186122596264e-02
-3.198497364064678550e-02 3.986222180537879467e-02
-3.600142890354618430e-02 3.717762860469520092e-02
-3.732644492993131280e-02 3.797000437043607235e-02
-3.815051668789237738e-02 3.399545350112020969e-02
-3.861913911532610655e-02 3.741192258894443512e-02
-3.641664504539221525e-02 3.937273169867694378e-02
-3.398177388589829206e-02 3.925955321028595790e-02
-3.341831092257052660e-02 4.228447449713712558e-02
-2.987837453838437796e-02 4.039755593839799985e-02
-3.258971648756414652e-02 3.812692654173588380e-02
-3.303543405490927398e-02 4.169428362365579233e-02
-3.148283678456209600e-02 4.295244710374390706e-02
-3.135294873209204525e-02 4.078544154617702588e-02
-3.163793879502918571e-02 4.479894265386974439e-02
-2.731532893085386604e-02 4.041260704252636060e-02
-3.409235608705785125e-02 3.993304477626224980e-02
-3.299206028168555349e-02 4.199876295024296269e-02
-3.434577175357844681e-02 3.990530114242574200e-02
-3.600574260053690523e-02 4.227006652945419773e-02
-3.119344239530619234e-02 4.359782786195864901e-02
-3.404402731393929571e-02 4.712236017076065764e-02
-3.333478209970053285e-02 4.986033282330026850e-02
-3.024784800072666258e-02 4.329569098626961932e-02
-2.418237690289970487e-02 4.191984116187086329e-02
-2.363657600653823465e-02 4.786243728449335322e-02
-2.589166814868804067e-02 4.195849291136255488e-02
-2.628957921115215868e-02 4.577278481883695349e-02
-2.576638395839836448e-02 4.402017822576453909e-02
-2.490620313619729131e-02 4.639839400624623522e-02
-2.816851319221314043e-02 4.809400540398200974e-02
-2.428392831643577665e-02 4.029665522830327973e-02
-3.162427338247653097e-02 4.189713412051787600e-02
-2.507157715444918722e-02 4.260088616138091311e-02
-2.615275954303797334e-02 4.308922818017890677e-02
-2.297262776119168848e-02 4.153436476917704567e-02
-2.597141962905880064e-02 4.105436262761941180e-02
-2.049986225028987974e-02 3.791827634995570406e-02
-2.613327883591409773e-02 4.379650876944651827e-02
-3.316809375246521086e-02 4.306643237214302644e-02
-2.720107043569441885e-02 4.135633285477524623e-02
