-5.328191557369611753e-02 3.462291340291659414e-02
-8.914648555219173431e-03 9.946355596184730530e-03
-1.265934249386191368e-02 1.993221696466207504e-02
-1.865566801279783249e-02 2.980929333716630936e-02
-2.781228628009557724e-02 3.952980227768421173e-02
-2.387630101293325424e-02 4.939314257353544235e-02
-2.783073298633098602e-02 5.837364029139280319e-02
-2.747840396477840841e-02 6.209925725124776363e-02
-2.122706416412256658e-02 6.109074130654335022e-02
-2.806843500002287328e-02 6.433415901847183704e-02
-3.068520044325850904e-02 6.101807602681219578e-02
-3.014887784956954420e-02 6.679358123801648617e-02
-3.154601898859255016e-02 7.451398973353207111e-02
-2.579155421699397266e-02 6.767312181182205677e-02
-2.009609711240045726e-02 6.869111547712236643e-02
-2.223588406923227012e-02 7.460416073445230722e-02
-2.806116614374332130e-02 7.053471787367016077e-02
-2.886761815170757473e-02 7.084546668920665979e-02
-2.904270142607856542e-02 6.371228594798594713e-02
-2.180939046957064420e-02 6.806628603953868151e-02
-2.634421661787200719e-02 6.478180910926312208e-02
-2.723204328503925353e-02 6.406771746696904302e-02
-2.015678475436288863e-02 6.377305058413185179e-02
-2.740804136556107551e-02 6.692112694145180285e-02
-2.082428878929931670e-02 6.297474532038904727e-02
-2.786033863958436996e-02 6.810269263223744929e-02
-2.959711309813428670e-02 6.386460681096650660e-02
-2.412196034856606275e-02 5.983222406939603388e-02
-2.705536359280813485e-02 6.832580492482520640e-02
-2.966025164641905576e-02 6.447285172180272639e-02
-3.226506170176435262e-02 6.641747467801906168e-02
-3.812012374692130834e-02 6.359808859997428954e-02
-3.149714293249417096e-02 5.854234579601325095e-02
-2.738880943797994405e-02 6.233460424118675292e-02
-2.492470103607047349e-02 6.251165387220680714e-02
-2.648056934413034469e-02 5.761284497566521168e-02
-3.158518190321046859e-02 5.710081785218790174e-02
-2.767884389322716743e-02 6.562520220177248120e-02
-2.530886798922438174e-02 6.575759961560834199e-02
-2.305919078935403377e-02 6.545824422209989280e-02
-2.426208108954597265e-02 6.883944994478952140e-02
-2.914238833182025701e-02 6.246812599420081824e-02
-2.894386075786314905e-02 6.849684943153988570e-02
-2.761961842770688236e-02 7.049729819118510932e-02
-2.743549967999570072e-02 6.537314555316697806e-02
-2.455388099770061672e-02 6.035848478495609015e-02
-2.606900184764526784e-02 6.529536801099311560e-02
-3.121032621129415929e-02 6.133057786792051047e-02
-3.428146507940255105e-02 5.929881897463928908e-02
-2.542036198428831995e-02 6.079011764086317271e-02
-2.886349576874636114e-02 6.755634005821775645e-02
