-3.836631274583732210e-02 4.234731206856322261e-02
3.806890221312642097e-03 9.829547256231307983e-03
2.876329235732555389e-04 1.968251913785934448e-02
4.229341633617877960e-03 2.949160244315862656e-02
1.577704446390271187e-03 3.882937040179967880e-02
1.587657229720207397e-03 4.585502715781331062e-02
7.075524860738369171e-03 5.137938354164361954e-02
1.156735463973745937e-02 5.275013542268425226e-02
1.193014902037248248e-02 5.248630739515647292e-02
1.357994121008232469e-02 4.864700551843270659e-02
5.714325089684280101e-03 4.938945762114599347e-02
6.286915887358190957e-03 5.145003908546641469e-02
1.745615650179388467e-03 4.527794086607173085e-02
6.550577033522131387e-03 5.142443749355152249e-02
5.195006525354983751e-03 4.809324728557839990e-02
3.291718226137163583e-03 4.912175639765337110e-02
1.705121278973820154e-03 5.350989551516249776e-02
-1.609112571713922080e-03 4.817708936752751470e-02
3.203024186404945794e-03 4.244387737708166242e-02
6.997808611231448594e-03 5.033092695521190763e-02
9.741558257701399270e-03 4.625270591350272298e-02
1.352978617160260910e-02 4.425715614343062043e-02
1.429534223370865220e-02 4.684324312256649137e-02
1.186195164427772397e-02 5.340959719615057111e-02
1.150554866853781277e-02 4.742224683286622167e-02
5.314647977684217039e-03 5.181251169415190816e-02
8.875571250428038184e-03 5.061352619668468833e-02
1.352450210924871499e-02 5.081640966818667948e-02
1.663374976578779751e-02 4.452455640421248972e-02
1.042145706105657155e-02 4.850981562049128115e-02
1.524587936091847951e-02 5.483214920968748629e-02
1.783677755247481400e-02 4.956739573390223086e-02
1.487436710249312455e-02 5.476891426951624453e-02
1.765328581768699223e-02 5.389223012025468051e-02
2.035820420223899418e-02 5.014829800347797573e-02
1.553534698996372754e-02 4.890574151067994535e-02
1.988204411554761464e-02 4.655466377153061330e-02
1.919591124260477955e-02 5.160056063323281705e-02
2.113157324583880836e-02 5.137900183035526425e-02
1.570891449318878585e-02 5.215078896435443312e-02
1.462356338834069902e-02 4.850073998386505991e-02
9.443994263165222947e-03 4.382027454266790301e-02
1.655334059705637628e-02 4.835791188816074282e-02
1.429396157709561521e-02 5.197277503611985594e-02
1.957083714751206571e-02 4.973704648728016764e-02
1.470755960417591268e-02 4.544359214196447283e-02
1.464666690390004078e-02 4.210132385196629912e-02
1.750336851637257496e-02 4.446782499144319445e-02
1.298744542236818234e-02 4.793666863406542689e-02
8.036219828682078514e-03 5.097482471319381148e-02
1.714612202431453625e-02 4.883031827921513468e-02
