2.001018015151597926e-02 4.797751114569034914e-02
9.304868988692760468e-03 9.925339370965957642e-03
1.917940191924571991e-02 1.941868569701910019e-02
2.798499818891286850e-02 2.929389011114835739e-02
3.366607660427689552e-02 3.827515151351690292e-02
3.838011017069220543e-02 4.805309511721134186e-02
4.687041742727160454e-02 5.463111121207475662e-02
4.813593125436455011e-02 5.794236250221729279e-02
4.129000019747763872e-02 6.416202476248145103e-02
4.601746995467692614e-02 7.200538786128163338e-02
4.226463648956269026e-02 6.945688766427338123e-02
3.770621295552700758e-02 6.381328054703772068e-02
4.498520109336823225e-02 6.250276160426437855e-02
4.658760991878807545e-02 6.333458138396963477e-02
4.894571984186768532e-02 6.577682559145614505e-02
3.993864497169852257e-02 7.365541969193145633e-02
3.695103619247674942e-02 7.771290204254910350e-02
4.499133303761482239e-02 7.725222012959420681e-02
4.518077328975778073e-02 7.895433448720723391e-02
5.157084988604765385e-02 8.064187667332589626e-02
4.978833130735438317e-02 8.181023492943495512e-02
4.577314776543062180e-02 8.331204659771174192e-02
4.594731968245469034e-02 7.742278405930846930e-02
4.092943700379692018e-02 7.977683481294661760e-02
4.461257727234624326e-02 7.828325266018509865e-02
4.064345880760811269e-02 6.930734077468514442e-02
4.027280912850983441e-02 6.320015201345086098e-02
3.429533264716155827e-02 6.572256213985383511e-02
3.935308477957732975e-02 6.848606932908296585e-02
4.438401016523130238e-02 7.165008177980780602e-02
4.239976804819889367e-02 7.510212156921625137e-02
4.422863517538644373e-02 7.157066813670098782e-02
4.138496323139406741e-02 7.496454939246177673e-02
4.588130154297687113e-02 7.812171429395675659e-02
4.207299454719759524e-02 7.671970280352979898e-02
3.623266555950976908e-02 7.414777309168130159e-02
3.410894740954972804e-02 7.900649693328887224e-02
3.036764860735274851e-02 7.410594972316175699e-02
3.243266223580576479e-02 7.063789048697799444e-02
3.585813278914429247e-02 7.255308784078806639e-02
3.772145978291518986e-02 7.262656725652050227e-02
3.734753243043087423e-02 6.765661928511690348e-02
4.417319511412642896e-02 6.310908524028491229e-02
3.963389256387017667e-02 6.709948256320785731e-02
3.906661432120017707e-02 7.056662141985725611e-02
4.336691900971345603e-02 6.386912222660612315e-02
4.039572525653056800e-02 6.497215623676311225e-02
3.925845967023633420e-02 6.234797304205130786e-02
3.639506208128295839e-02 6.312526644614990801e-02
4.071878068498335779e-02 6.769765888748224825e-02
3.816785881645046175e-02 6.895530734618660063e-02
