4.233343456734427190e-02 4.059735270819110620e-02
7.830564863979816437e-03 9.776904247701168060e-03
1.207460369914770126e-02 1.899905223399400711e-02
2.030658349394798279e-02 2.871965151280164719e-02
2.315903641283512115e-02 3.837370034307241440e-02
2.174852951429784298e-02 4.783570393919944763e-02
2.200942501076497138e-02 5.632724612951278687e-02
2.559140665107406676e-02 6.567042879760265350e-02
3.202531315037049353e-02 7.468830607831478119e-02
2.817540746764279902e-02 8.275465015321969986e-02
2.975814198725856841e-02 9.095526207238435745e-02
3.490427802898921072e-02 9.611216187477111816e-02
3.575981329777278006e-02 1.024115276522934437e-01
3.368338305153883994e-02 1.089898706413805485e-01
3.722358183586038649e-02 1.095159984542988241e-01
3.902236410067416728e-02 1.047631278051994741e-01
4.260784914367832243e-02 1.082401503226719797e-01
4.394551916630007327e-02 1.139848222373984754e-01
4.659751817234791815e-02 1.156863201758824289e-01
4.145198562764562666e-02 1.113349571241997182e-01
3.483894621604122221e-02 1.149508633534424007e-01
3.524808440124616027e-02 1.098458377528004348e-01
3.628652129555121064e-02 1.127409748150967062e-01
3.856674704002216458e-02 1.181977060041390359e-01
3.528292576083913445e-02 1.165252688224427402e-01
2.974123839521780610e-02 1.113334141555242240e-01
3.537031036103144288e-02 1.069313340703956783e-01
2.707637246930971742e-02 1.100424031610600650e-01
3.554734360659494996e-02 1.104837350139860064e-01
3.125223756069317460e-02 1.099821792158763856e-01
2.770786063047125936e-02 1.139648591342847794e-01
2.472195524023845792e-02 1.169810758146923035e-01
2.153078472474589944e-02 1.134466610092204064e-01
1.690748479450121522e-02 1.158567843667697161e-01
2.227162622148171067e-02 1.183535107120405883e-01
2.405130647821351886e-02 1.168933686276432127e-01
2.711915987310931087e-02 1.130889068299438804e-01
2.504102321108803153e-02 1.120278642920311540e-01
2.752017573220655322e-02 1.065355910395737737e-01
3.050390788121148944e-02 1.120859490183647722e-01
2.878680772846564651e-02 1.209173373354133219e-01
2.668822946725413203e-02 1.198738841048907489e-01
3.458397294161841273e-02 1.234219446487259120e-01
2.969743608264252543e-02 1.221439209475647658e-01
3.369155636755749583e-02 1.217879083706066012e-01
3.543806663947179914e-02 1.242591742193326354e-01
3.643014776753261685e-02 1.184942036634311080e-01
3.603292573825456202e-02 1.201134746661409736e-01
3.055539858178235590e-02 1.286183720221742988e-01
3.025885476381517947e-02 1.350576643599197268e-01
3.472452508867718279e-02 1.289849866880103946e-01
