5.827321972982697773e-02 3.126642518481605182e-02
9.905756451189517975e-03 9.974149987101554871e-03
1.987117435783147812e-02 1.950720418244600296e-02
2.985934168100357056e-02 2.898726705461740494e-02
3.983997739851474762e-02 3.818203695118427277e-02
4.975147359073162079e-02 4.732669144868850708e-02
5.949207860976457596e-02 4.797834303462877870e-02
6.909020617604255676e-02 5.315241456264629960e-02
7.837300002574920654e-02 5.977245565736666322e-02
8.684253599494695663e-02 6.261468637967482209e-02
9.138415101915597916e-02 6.303125130943953991e-02
9.635867690667510033e-02 6.806896324269473553e-02
1.032008202746510506e-01 7.339365105144679546e-02
1.004675778094679117e-01 7.346624592901207507e-02
9.561378206126391888e-02 6.709056059480644763e-02
9.873690572567284107e-02 6.816467680619098246e-02
1.077632347587496042e-01 6.774222769308835268e-02
1.045087557286024094e-01 6.594738527201116085e-02
1.018648045137524605e-01 6.719661271199584007e-02
1.032974021509289742e-01 6.905505328904837370e-02
9.655617084354162216e-02 7.440122251864522696e-02
1.005793386138975620e-01 6.863567826803773642e-02
9.975387091981247067e-02 6.718779332004487514e-02
1.041712368023581803e-01 6.891867402009665966e-02
9.970838139997795224e-02 6.762109941337257624e-02
9.735478350194171071e-02 6.557434087153524160e-02
9.657005080953240395e-02 6.285479676444083452e-02
1.046715141274034977e-01 6.438206322491168976e-02
9.783092234283685684e-02 6.773617630824446678e-02
1.010865254793316126e-01 6.982844718731939793e-02
9.962430316954851151e-02 7.131767156533896923e-02
1.064547328278422356e-01 7.187378406524658203e-02
1.025371830910444260e-01 6.781929126009345055e-02
1.015564101980999112e-01 6.905420171096920967e-02
1.036479716422036290e-01 6.921963798231445253e-02
1.033754192758351564e-01 7.057901608641259372e-02
9.594093612395226955e-02 7.078853594430256635e-02
9.419238858390599489e-02 6.793819060840178281e-02
1.001175037818029523e-01 7.324262494512367994e-02
9.590057760942727327e-02 7.258329687465447932e-02
9.703781746793538332e-02 7.085637336422223598e-02
9.517443203367292881e-02 7.444823261175770313e-02
9.740126505494117737e-02 7.388549922325182706e-02
9.848647483158856630e-02 7.009867085434962064e-02
9.010960825253278017e-02 7.192502748512197286e-02
8.810698275920003653e-02 6.750975568138528615e-02
9.157158841844648123e-02 6.864962175313849002e-02
8.624858164694160223e-02 7.085411490697879344e-02
8.809517882764339447e-02 7.724208764557261020e-02
9.141118428669869900e-02 7.244464995164889842e-02
8.800247451290488243e-02 7.332294103980530053e-02
