7.284378430409127470e-02 1.851118951134204937e-02
9.766723960638046265e-03 -9.913734160363674164e-03
1.970398891717195511e-02 -1.987228263169527054e-02
2.810311689972877502e-02 -2.955933380872011185e-02
3.791720233857631683e-02 -3.922846820205450058e-02
4.777506925165653229e-02 -4.872133117169141769e-02
5.544936237856745720e-02 -5.808957666158676147e-02
6.493887538090348244e-02 -6.325158476829528809e-02
7.391535164788365364e-02 -7.034449279308319092e-02
7.175949402153491974e-02 -7.840430550277233124e-02
7.582618994638323784e-02 -7.033356651663780212e-02
7.941037206910550594e-02 -7.013789520715363324e-02
8.350469148717820644e-02 -7.423753014882095158e-02
8.187196531798690557e-02 -7.653538443264551461e-02
7.931255025323480368e-02 -7.574958304758183658e-02
7.741202285978943110e-02 -7.635352530633099377e-02
8.156536857131868601e-02 -7.264109540847130120e-02
8.865028864238411188e-02 -7.843212297302670777e-02
8.312243188265711069e-02 -7.779265215503983200e-02
8.930299489293247461e-02 -8.089168832520954311e-02
8.371782221365720034e-02 -7.866924928384833038e-02
8.378366865508724004e-02 -7.776680638198740780e-02
8.003573697351384908e-02 -7.415732208755798638e-02
8.111738956358749419e-02 -7.219003260252065957e-02
8.013308567751664668e-02 -7.329828201909549534e-02
8.805536066938657314e-02 -7.752614657511003315e-02
8.883728059299755841e-02 -7.995161393773742020e-02
9.096985003270674497e-02 -7.660461895284242928e-02
8.472572891332674772e-02 -8.053195828688330948e-02
8.280359006312210113e-02 -7.811541206319816411e-02
8.450047946826089174e-02 -7.645447380491532385e-02
8.730950923927593976e-02 -7.868397832498885691e-02
8.886874404561240226e-02 -8.169795261346735060e-02
8.270106076088268310e-02 -7.974652040866203606e-02
8.659789788362104446e-02 -8.105643375893123448e-02
9.030962696124333888e-02 -7.792462690849788487e-02
8.362650412891525775e-02 -8.386232427437789738e-02
8.664341580879408866e-02 -8.572785896831192076e-02
9.180976853531319648e-02 -8.994178069406189024e-02
9.982896067958790809e-02 -8.835371272289194167e-02
9.867308121465612203e-02 -9.012805475504137576e-02
1.012166032596724108e-01 -8.293958791182376444e-02
9.870696878351736814e-02 -8.717730679200030863e-02
1.043682454182999209e-01 -8.094766447902657092e-02
9.836016102053690702e-02 -8.277278314926661551e-02
9.287848575331736356e-02 -7.800452006631530821e-02
9.164714028884191066e-02 -7.920173302409239113e-02
8.461682878260035068e-02 -8.038517544628120959e-02
8.402923548419494182e-02 -7.728322097682394087e-02
8.680522053327877074e-02 -7.568432998959906399e-02
9.142282682296354324e-02 -7.792157356743700802e-02
