5.915378528263557506e-02 3.062772281750146541e-02
9.865650907158851624e-03 -4.571139812469482422e-03
1.968805305659770966e-02 -2.927634748630225658e-03
2.963201235979795456e-02 4.101701662875711918e-03
3.937891777604818344e-02 -1.735838013701140881e-03
4.920471925288438797e-02 -5.883845384232699871e-03
5.874644499272108078e-02 -1.417531340848654509e-02
6.745076179504394531e-02 -1.258060790132731199e-02
7.380502671003341675e-02 -1.163801649818196893e-02
7.894700625911355019e-02 -1.408090378390625119e-02
7.754990085959434509e-02 -1.120673218974843621e-02
7.666848588269203901e-02 -1.358464086661115289e-02
7.264980336185544729e-02 -1.399103904259391129e-02
7.758403557818382978e-02 -1.630481032771058381e-02
7.474622863810509443e-02 -1.093258641776628792e-02
7.491695779026485980e-02 -7.984028226928785443e-03
7.641642823000438511e-02 -4.160631244303658605e-03
7.756415850599296391e-02 -1.033496230957098305e-02
7.611157491919584572e-02 -5.522331019164994359e-03
6.708432853338308632e-02 -1.214967787382192910e-02
7.330975474906153977e-02 -1.273494600900448859e-02
7.796015430358238518e-02 -1.418042651494033635e-02
8.169109377195127308e-02 -9.289650741266086698e-03
8.562285549123771489e-02 -5.620725016342476010e-03
7.942908027325756848e-02 -1.012109083239920437e-02
7.606179409776814282e-02 -1.185878252726979554e-02
7.989047214505262673e-02 -4.010107164504006505e-03
8.456030979868955910e-02 -7.519646344007924199e-03
7.648783017066307366e-02 -1.225883772713132203e-02
8.014458094839937985e-02 -1.953350685653276742e-02
7.156427067820914090e-02 -2.352653144043870270e-02
7.342999140382744372e-02 -1.553405335289426148e-02
6.876050951541401446e-02 -1.628277587587945163e-02
7.251556162373162806e-02 -8.017374639166519046e-03
7.082527587772347033e-02 -1.271690891007892787e-02
7.445902298786677420e-02 -1.466152290231548250e-02
7.453503798024030402e-02 -2.244256748235784471e-02
7.284607121982844546e-02 -1.400798125541768968e-02
7.646851952449651435e-02 -1.920472164056263864e-02
7.108934422285528854e-02 -1.620624199858866632e-02
7.771794556902023032e-02 -2.208667420200072229e-02
7.662603143398882821e-02 -1.593602806678973138e-02
7.373341918719233945e-02 -1.785381636000238359e-02
6.780337636155309156e-02 -2.587660527206026018e-02
6.805751266801962629e-02 -2.061019776738248765e-02
6.481567145237931982e-02 -2.326349480426870286e-02
6.530337691219756380e-02 -1.715305107063613832e-02
6.251601459371158853e-02 -1.664253012859262526e-02
6.138284985354403034e-02 -2.400854337611235678e-02
6.682960937177995220e-02 -2.783060414367355406e-02
6.080159141129115596e-02 -2.182101472862996161e-02
