5.934142402642346437e-02 3.048972229121064970e-02
9.947999380528926849e-03 9.778534993529319763e-03
1.965796574950218201e-02 1.790102291852235794e-02
2.950243558734655380e-02 2.720167674124240875e-02
3.918101359158754349e-02 3.465602407231926918e-02
4.662806540727615356e-02 3.638464934192597866e-02
5.187307018786668777e-02 3.956721187569200993e-02
5.016946571413427591e-02 3.105968912132084370e-02
5.422516691032797098e-02 3.371896222233772278e-02
5.602371552959084511e-02 3.197648248169571161e-02
5.991855240426957607e-02 3.141440590843558311e-02
5.627078050747513771e-02 2.872059843502938747e-02
5.022942554205656052e-02 3.056635754182934761e-02
5.288791656494140625e-02 3.408189909532666206e-02
5.593878868967294693e-02 2.669923566281795502e-02
5.405002844054251909e-02 3.373785736039280891e-02
6.059530016500502825e-02 3.117986815050244331e-02
5.315423163119703531e-02 3.013805404771119356e-02
5.047893908340483904e-02 3.301349410321563482e-02
5.574860714841634035e-02 2.668596280273050070e-02
5.450429406482726336e-02 2.784247766248881817e-02
5.102454766165465117e-02 3.125403285957872868e-02
4.894663800951093435e-02 2.901582256890833378e-02
5.116083601024001837e-02 3.624391672201454639e-02
5.297085142228752375e-02 2.897439966909587383e-02
4.945560207124799490e-02 2.791269496083259583e-02
5.428319692146033049e-02 3.423436684533953667e-02
5.059560539666563272e-02 2.856607921421527863e-02
4.982113844016566873e-02 3.166929003782570362e-02
5.514898296678438783e-02 2.473003766499459743e-02
5.521936651348369196e-02 3.261905792169272900e-02
5.976726889639394358e-02 3.291158200590871274e-02
5.454253528296248987e-02 3.599961273721419275e-02
5.667098967387573794e-02 3.509925477555952966e-02
5.111793505056994036e-02 3.622501247446052730e-02
5.627000315143959597e-02 3.020256242598406971e-02
5.546156271157087758e-02 3.394380278768949211e-02
5.916026212071301416e-02 3.418482966662850231e-02
5.896627761103445664e-02 3.518505998363252729e-02
6.432466579281026497e-02 3.562866635911632329e-02
6.190814937144750729e-02 3.130728444375563413e-02
6.315343580354237929e-02 3.098577879427466542e-02
5.624994854588294402e-02 3.408388271054718643e-02
5.438068076182389632e-02 3.056342260970268399e-02
5.773062617663526908e-02 3.380911717249546200e-02
5.836245205864543095e-02 2.854258580191526562e-02
5.385340352222556248e-02 3.304785782529506832e-02
5.749967715382808819e-02 2.995490365719888359e-02
5.757975003507453948e-02 3.322604591085109860e-02
5.691951415792573243e-02 3.172319593431893736e-02
5.284097087860573083e-02 2.655886604043189436e-02
