4.069069768497309697e-02 4.134696011313197805e-02
8.309212513267993927e-03 7.610146887600421906e-03
1.687706075608730316e-02 1.726930309087038040e-02
1.856163342017680407e-02 2.594658080488443375e-02
2.124415698926895857e-02 3.268688824027776718e-02
2.509526198264211416e-02 3.955990215763449669e-02
3.188878239598125219e-02 4.757172381505370140e-02
2.999975509010255337e-02 4.423876455985009670e-02
3.275042586028575897e-02 4.732183134183287621e-02
3.558060084469616413e-02 4.004446975886821747e-02
2.964915637858211994e-02 4.615779360756278038e-02
3.708083718083798885e-02 4.269876633770763874e-02
4.190133768133819103e-02 3.755124541930854321e-02
3.627074114046990871e-02 4.533002222888171673e-02
3.335099807009100914e-02 5.128107755444943905e-02
3.510880458634346724e-02 5.064176052110269666e-02
3.182246431242674589e-02 4.349584208102896810e-02
3.820265631657093763e-02 4.668197134742513299e-02
3.676287457346916199e-02 4.565338947577401996e-02
3.381475131027400494e-02 4.650421952828764915e-02
3.716813726350665092e-02 3.951892117038369179e-02
3.821572347078472376e-02 4.640125483274459839e-02
3.677973675075918436e-02 5.041169980540871620e-02
3.808897419366985559e-02 4.273401712998747826e-02
3.688743989914655685e-02 4.948991257697343826e-02
3.687311451903951820e-02 4.926485498435795307e-02
4.176297573394549545e-02 5.458713020198047161e-02
3.618018956876767334e-02 5.020019807852804661e-02
3.981374831892026123e-02 4.374749935232102871e-02
3.941708895399642643e-02 4.287100950023159385e-02
3.936733993941743392e-02 5.092518677702173591e-02
3.834605253541667480e-02 5.715493060415610671e-02
4.418764858746726532e-02 5.055162025382742286e-02
5.067079923355777282e-02 5.322343664010986686e-02
4.564847973415453453e-02 5.188649013871327043e-02
4.222453515285451431e-02 4.715514514828100801e-02
4.558367411846120376e-02 5.095725372666493058e-02
4.765469105223019142e-02 4.847529443213716149e-02
4.449636921526689548e-02 4.081952065462246537e-02
4.249680754037399311e-02 4.371874529169872403e-02
3.760854028405447025e-02 4.164108593249693513e-02
4.425570382045407314e-02 4.735336831072345376e-02
4.321289611289103050e-02 4.038505634525790811e-02
3.958748550394375343e-02 4.901325242826715112e-02
4.239143211634655017e-02 4.225701146060600877e-02
3.530223308371205349e-02 4.213673763297265396e-02
4.187674787135620136e-02 3.823746673151617870e-02
3.788502155111928005e-02 3.960433825704967603e-02
4.051237287239928264e-02 3.952907368511660025e-02
4.736188439892430324e-02 3.446102624729974195e-02
4.422131822684605140e-02 3.684096939832670614e-02
