-3.734141745286762709e-02 4.276647316035396551e-02
-9.959273040294647217e-03 9.978635236620903015e-03
-1.932798884809017181e-02 1.980692148208618164e-02
-2.906137984246015549e-02 2.970028761774301529e-02
-3.853148315101861954e-02 3.898736927658319473e-02
-4.754789639264345169e-02 4.788723867386579514e-02
-5.437099467962980270e-02 5.317394994199275970e-02
-5.292099493090063334e-02 5.066545447334647179e-02
-4.819021851290017366e-02 5.331213795579969883e-02
-4.857962162350304425e-02 5.385037144878879189e-02
-5.093010517884977162e-02 5.675042100483551621e-02
-4.987292739679105580e-02 5.617582332342863083e-02
-4.607804751140065491e-02 6.044613709673285484e-02
-5.358291117590852082e-02 5.458274064585566521e-02
-5.586683892761357129e-02 5.523197707952931523e-02
-5.288321993430145085e-02 5.428443552227690816e-02
-4.720850617741234601e-02 5.961230007233098149e-02
-4.274691364844329655e-02 5.595634068595245481e-02
-4.935064216260798275e-02 5.244964273879304528e-02
-4.523367065121419728e-02 5.085732374573126435e-02
-5.137746271793730557e-02 5.156365904258564115e-02
-4.569165411521680653e-02 5.583432951243594289e-02
-4.615261079743504524e-02 5.206964170793071389e-02
-4.777414852287620306e-02 5.777476920047774911e-02
-4.303853574674576521e-02 5.582381802378222346e-02
-4.267810049350373447e-02 5.886827310314401984e-02
-3.875034299562685192e-02 5.646191927371546626e-02
-3.832415668875910342e-02 6.330392666859552264e-02
-3.994266889640130103e-02 5.945320980390533805e-02
-4.373345398926176131e-02 5.420953960856422782e-02
-4.065769692533649504e-02 5.940297100460156798e-02
-4.119609194458462298e-02 5.554534419206902385e-02
-4.392362423823215067e-02 5.827398988185450435e-02
-4.080965594039298594e-02 5.870652408339083195e-02
-4.257528440211899579e-02 5.408549983985722065e-02
-3.834402238135226071e-02 5.495433410396799445e-02
-4.089361222577281296e-02 5.692636215826496482e-02
-3.980906403739936650e-02 5.853691539959982038e-02
-4.059652241994626820e-02 5.710509506752714515e-02
-4.307733851601369679e-02 6.370380608132109046e-02
-4.334281402407214046e-02 5.779680184787139297e-02
-3.575704776449128985e-02 5.625117599265649915e-02
-4.002262203721329570e-02 5.993461312027648091e-02
-3.808372357161715627e-02 5.925343930721282959e-02
-4.205383156659081578e-02 5.802219687029719353e-02
-4.696126404451206326e-02 5.434045265428721905e-02
-4.662505333544686437e-02 5.828686780296266079e-02
-4.343375033931806684e-02 5.630223941989243031e-02
-4.568828275660052896e-02 5.747789097949862480e-02
-3.986355249071493745e-02 5.573017848655581474e-02
-3.936599555891007185e-02 5.728987709153443575e-02
