3.973961756598225897e-02 4.176471432805463346e-02
9.973483160138130188e-03 9.168467484414577484e-03
1.985042076557874680e-02 1.869363989681005478e-02
2.963054832071065903e-02 2.831712644547224045e-02
3.782322350889444351e-02 3.756563086062669754e-02
4.750336334109306335e-02 4.573416337370872498e-02
5.591168347746133804e-02 4.281686176545917988e-02
6.404440570622682571e-02 5.156110343523323536e-02
5.758884456008672714e-02 5.315041355788707733e-02
5.950200336519628763e-02 5.057582911103963852e-02
6.196683191228657961e-02 4.921485122758895159e-02
6.467498082201927900e-02 5.459357204381376505e-02
6.270902173127979040e-02 4.909766709897667170e-02
6.382918136660009623e-02 4.457932256627827883e-02
6.914692057762295008e-02 4.667697555851191282e-02
6.571023061405867338e-02 5.286461010109633207e-02
5.852659686934202909e-02 5.418443924281746149e-02
6.391902675386518240e-02 5.864647135604172945e-02
6.898607814218848944e-02 5.902361974585801363e-02
6.940034709987230599e-02 5.851729679852724075e-02
6.157657157746143639e-02 5.961532040964812040e-02
6.741818066802807152e-02 5.611458222847431898e-02
6.915614721947349608e-02 5.370946333277970552e-02
6.253113146522082388e-02 5.572739045601338148e-02
5.742276847013272345e-02 5.475967569509521127e-02
6.394505422213114798e-02 4.702971462393179536e-02
6.142595518031157553e-02 4.849777341587468982e-02
5.792166353785432875e-02 4.615703591844066978e-02
5.282890019589103758e-02 3.983179287752136588e-02
5.690504112862981856e-02 3.859386994736269116e-02
6.208752063685096800e-02 4.222183168167248368e-02
5.750663919025100768e-02 5.005059164250269532e-02
5.832489053136669099e-02 4.530276829609647393e-02
6.277317678905092180e-02 4.382502072257921100e-02
5.867457421845756471e-02 4.706863145111128688e-02
5.503130945726297796e-02 5.120717984391376376e-02
5.229833870544098318e-02 5.225960706593468785e-02
5.777950919582508504e-02 4.542883700923994184e-02
6.033513331203721464e-02 4.842334339627996087e-02
5.605818060575984418e-02 4.724674770841374993e-02
5.389067376381717622e-02 4.731151411397149786e-02
4.772767642862163484e-02 4.947199761954834685e-02
5.000754338107071817e-02 4.485458690760424361e-02
5.463952649733982980e-02 4.668687059165677056e-02
5.855225663981400430e-02 4.583489018114050850e-02
5.257034520036540926e-02 3.997631891252240166e-02
5.624237874872051179e-02 3.464555515529355034e-02
4.994966633967123926e-02 4.224005442665657029e-02
5.222280984162352979e-02 4.692866894038161263e-02
5.601210831082426012e-02 4.666548343811882660e-02
5.257190167321823537e-02 5.219917726208223030e-02
