5.862358320706362314e-02 3.101404502902252447e-02
9.874301962554454803e-03 9.981871582567691803e-03
1.977008208632469177e-02 1.959464419633150101e-02
2.949804626405239105e-02 2.804998029023408890e-02
3.930290602147579193e-02 2.676370495464652777e-02
4.846662189811468124e-02 3.359225613530725241e-02
5.819648504257202148e-02 3.687013720627874136e-02
5.777179182041436434e-02 4.414857958909124136e-02
6.428571988362818956e-02 3.456123394425958395e-02
6.490980554372072220e-02 3.636430064216256142e-02
6.702905823476612568e-02 3.745581896509975195e-02
7.402739697135984898e-02 3.128634148743003607e-02
6.418371130712330341e-02 3.770209464710205793e-02
6.649498268961906433e-02 4.575848474632948637e-02
7.005465077236294746e-02 4.504281893605366349e-02
7.225410616956651211e-02 4.429994960082694888e-02
7.185432114056311548e-02 4.797983536263927817e-02
6.506590763456188142e-02 4.417502827709540725e-02
6.830186289153061807e-02 3.904984792461618781e-02
5.967880864045582712e-02 4.603869043057784438e-02
6.479552140808664262e-02 4.233455512439832091e-02
7.342946188873611391e-02 4.156767582753673196e-02
6.924444562173448503e-02 4.735578742111101747e-02
6.874375828192569315e-02 5.057606293121352792e-02
6.951460489653982222e-02 5.033260479103773832e-02
7.516405932256020606e-02 4.626426647882908583e-02
7.964792256825603545e-02 5.048647325020283461e-02
8.081756232422776520e-02 4.957768722670152783e-02
7.489708278444595635e-02 4.528854071395471692e-02
7.636207193718291819e-02 4.206522536696866155e-02
7.549781652051024139e-02 5.088872258784249425e-02
6.869698196533136070e-02 5.385143222520127892e-02
7.613588936510495842e-02 4.885232500964775681e-02
7.474376991740427911e-02 5.376598384464159608e-02
7.910616448498331010e-02 5.008638423169031739e-02
7.331540653831325471e-02 4.198166966671124101e-02
7.577147669508121908e-02 4.592239490011706948e-02
6.793597116484306753e-02 4.572632900089956820e-02
7.306533688097260892e-02 4.832183700636960566e-02
6.961033455445431173e-02 4.463846320868469775e-02
7.740809078677557409e-02 4.670556183555163443e-02
7.745756264193914831e-02 4.657625552499666810e-02
7.287513380288146436e-02 3.927922021830454469e-02
7.166001151199452579e-02 4.208319896133616567e-02
7.906734055723063648e-02 4.294725530780851841e-02
7.804865969228558242e-02 4.260822469950653613e-02
7.180939355748705566e-02 4.445890712668187916e-02
7.100887698470614851e-02 4.765024574589915574e-02
6.895057958899997175e-02 3.997809559223242104e-02
7.116837296052835882e-02 4.589198975008912385e-02
7.183854610775597394e-02 4.649538066587410867e-02
