5.740114739747538553e-02 3.188472554422654148e-02
8.188252337276935577e-03 9.940349496901035309e-03
1.635931245982646942e-02 1.943724229931831360e-02
2.243622532114386559e-02 2.892009634524583817e-02
2.301207889104261994e-02 3.618012322112917900e-02
2.472828846657648683e-02 3.759772784542292356e-02
2.255977975437417626e-02 4.452949517872184515e-02
1.750523882219567895e-02 5.308985931333154440e-02
1.983627869049087167e-02 5.435188987758010626e-02
1.822327572153881192e-02 5.870660755317658186e-02
1.589398278156295419e-02 5.479102523531764746e-02
2.425873378524556756e-02 5.219399358611553907e-02
2.668767079012468457e-02 5.652792227920144796e-02
3.077735734404996037e-02 5.739542254013940692e-02
3.160033532185479999e-02 5.872627260396257043e-02
2.912756282603368163e-02 5.329123890260234475e-02
2.726508694468066096e-02 5.379412329057231545e-02
2.021103695733472705e-02 5.788030760595574975e-02
2.543622086523100734e-02 5.939151422353461385e-02
2.069226716412231326e-02 6.360988161759451032e-02
2.515945042250677943e-02 5.858488363446667790e-02
2.045318827731534839e-02 6.093160185264423490e-02
2.352726802928373218e-02 5.588389263721182942e-02
2.602215035585686564e-02 5.279943213099613786e-02
2.394842490321025252e-02 5.624201154569163918e-02
2.240590442670509219e-02 6.313508847961202264e-02
1.777394552482292056e-02 6.143848277861252427e-02
2.084723016014322639e-02 5.859552655601873994e-02
2.139061590423807502e-02 6.213588971877470613e-02
2.075720508582890034e-02 6.471156846964731812e-02
1.705815037712454796e-02 6.812460912624374032e-02
1.724001129332464188e-02 6.099354993784800172e-02
2.306570966902654618e-02 6.344328640261664987e-02
2.213529548316728324e-02 5.847870378056541085e-02
2.768165762245189399e-02 5.406914517516270280e-02
1.962949945300351828e-02 5.531314777908846736e-02
2.213262980512809008e-02 5.659244343405589461e-02
1.975540239072870463e-02 5.780921148834750056e-02
1.646030163101386279e-02 5.881609366042539477e-02
2.176015712029766291e-02 6.628739990992471576e-02
2.736196601472329348e-02 6.054943118942901492e-02
2.168726343370508403e-02 5.593490059254691005e-02
2.435749657161068171e-02 5.886188190197572112e-02
2.236185623041819781e-02 5.811181769240647554e-02
2.534768525219988078e-02 5.269877810496836901e-02
2.183970650366973132e-02 5.659250391181558371e-02
1.985331978357862681e-02 6.127831002231687307e-02
1.584638589702080935e-02 6.628199468832463026e-02
1.503361760114785284e-02 6.836741568986326456e-02
2.326360343431588262e-02 6.882537843193858862e-02
2.959687075053807348e-02 6.983624934218823910e-02
