7.339806677200221008e-02 1.791703611121958639e-02
9.865117259323596954e-03 9.077434428036212921e-03
1.975631993263959885e-02 1.712487172335386276e-02
2.910062763839960098e-02 2.585127763450145721e-02
3.899645525962114334e-02 2.201817324385046959e-02
4.886969365179538727e-02 2.664546528831124306e-02
5.853132065385580063e-02 2.072563720867037773e-02
6.838441547006368637e-02 2.519745426252484322e-02
7.732760813087224960e-02 2.275722171179950237e-02
8.333764458075165749e-02 1.805186201818287373e-02
8.684125798754394054e-02 2.498917258344590664e-02
8.442473784089088440e-02 1.865894976072013378e-02
8.872602600604295731e-02 1.898405374959111214e-02
9.026463876944035292e-02 1.359879039227962494e-02
8.890805859118700027e-02 2.067733183503150940e-02
8.906934637343510985e-02 2.082376733596902341e-02
9.376747993519529700e-02 1.417440448130946606e-02
8.649819012498483062e-02 2.113205699424725026e-02
9.089922899147495627e-02 1.531228415842633694e-02
8.676490787183865905e-02 1.552528611500747502e-02
8.838982466841116548e-02 1.367119667702354491e-02
8.675346738891676068e-02 1.874103178852237761e-02
8.197482425021007657e-02 1.246770904981531203e-02
8.471741020912304521e-02 1.073052457650192082e-02
8.788386645028367639e-02 1.764549271319992840e-02
8.227470103884115815e-02 1.595731990528292954e-02
8.994031377369537950e-02 1.704810748924501240e-02
8.903714490588754416e-02 1.468410392408259213e-02
8.410462585743516684e-02 1.586065665469504893e-02
8.219742681831121445e-02 1.477527097449637949e-02
8.532971888780593872e-02 1.383492429158650339e-02
8.286423957906663418e-02 2.003589956439100206e-02
8.968849689699709415e-02 1.365501325926743448e-02
8.753480645827949047e-02 1.552613181411288679e-02
8.610807813238352537e-02 1.396132280933670700e-02
8.478028699755668640e-02 1.177834157715551555e-02
8.702057995833456516e-02 8.742038131458684802e-03
8.415925549343228340e-02 6.110413203714415431e-03
8.267405861988663673e-02 5.895329843042418361e-03
8.889602869749069214e-02 6.795480352593585849e-03
8.376040961593389511e-02 8.242130366852506995e-03
7.889887504279613495e-02 9.641804703278467059e-03
8.436909364536404610e-02 1.409903771127574146e-02
8.907509222626686096e-02 9.818945050938054919e-03
8.310583559796214104e-02 6.513217900646850467e-03
7.717204652726650238e-02 1.159288312192074955e-02
8.028607675805687904e-02 8.000150060979649425e-03
7.951089512789621949e-02 1.121703043463639915e-02
7.506248686695471406e-02 1.154532923828810453e-02
8.028159808600321412e-02 1.727470417972654104e-02
8.050451707094907761e-02 1.605255866888910532e-02
