9.662574352723740656e-02 -7.575782769972146113e-02
9.950294159352779388e-03 -9.966548532247543335e-03
1.974776852875947952e-02 -1.973883435130119324e-02
2.968245558440685272e-02 -2.886465843766927719e-02
3.964947629719972610e-02 -3.863654378801584244e-02
4.954281449317932129e-02 -4.650433920323848724e-02
5.747789796441793442e-02 -5.465913750231266022e-02
6.693985965102910995e-02 -6.103236181661486626e-02
7.645528111606836319e-02 -6.680689193308353424e-02
8.515010867267847061e-02 -6.717674291576258838e-02
8.895433694124221802e-02 -7.092473303782753646e-02
9.208022151142358780e-02 -7.267820808920077980e-02
8.870760235004127026e-02 -7.567392566124908626e-02
9.517485857941210270e-02 -6.912573098088614643e-02
9.150973637588322163e-02 -7.106679430580697954e-02
9.048635500948876143e-02 -7.658170381910167634e-02
9.025866466981824487e-02 -7.496025957516394556e-02
8.981835980375763029e-02 -7.433599632349796593e-02
8.848781789129134268e-02 -8.128549883258529007e-02
9.076995820214506239e-02 -7.703292908263392746e-02
8.704859366116579622e-02 -7.694977822393411770e-02
9.067789417167659849e-02 -7.834087426454061642e-02
9.147073722851928324e-02 -8.172987632133299485e-02
9.463996136037167162e-02 -8.032750417623901740e-02
9.168896100891288370e-02 -7.378904880170011893e-02
9.651635283080395311e-02 -7.812251043651485816e-02
9.181437150982674211e-02 -8.675812264118576422e-02
9.742738374916370958e-02 -8.471457506675506011e-02
9.008259860274847597e-02 -7.967850132990861312e-02
9.566984021512325853e-02 -7.985386117798043415e-02
9.383899542444851249e-02 -8.634307194006396458e-02
9.626535033748950809e-02 -7.851984962326241657e-02
9.528963900811504573e-02 -7.613587733794702217e-02
1.003453464218182489e-01 -7.801032176212174818e-02
1.008871836093021557e-01 -7.705100054590729997e-02
1.000905776600120589e-01 -7.774920813244534656e-02
1.051184818352339789e-01 -7.597873923805309460e-02
9.828639116312842816e-02 -7.582842467672890052e-02
9.614651410083752126e-02 -8.157521907560294494e-02
9.859443378809373826e-02 -7.663167083956068382e-02
9.680240349553059787e-02 -7.457737766526406631e-02
1.012497179181082174e-01 -7.112357232108479366e-02
1.017397777613950893e-01 -7.593406343221431598e-02
9.721887861087452620e-02 -7.216740751027828082e-02
9.963905373297166079e-02 -7.531218954682117328e-02
9.507636706985067576e-02 -8.176581680163508281e-02
1.000794379942817613e-01 -7.809442237339681014e-02
9.361162855930160731e-02 -7.261625493265455589e-02
9.353505328181199729e-02 -7.215869155334075913e-02
9.135317170876078308e-02 -7.482063964562257752e-02
9.533189955982379615e-02 -7.316921193705638871e-02
