9.995401450422358725e-02 -5.303232328247838023e-02
9.844469837844371796e-03 -9.793747216463088989e-03
1.856869272887706757e-02 -1.937431190162897110e-02
2.793546486645936966e-02 -2.901756204664707184e-02
3.767680190503597260e-02 -3.874216973781585693e-02
4.747533798217773438e-02 -4.862297605723142624e-02
5.687232222408056259e-02 -5.731137003749608994e-02
6.655593961477279663e-02 -6.683893315494060516e-02
7.532292697578668594e-02 -7.073097326792776585e-02
8.256943058222532272e-02 -7.883821544237434864e-02
8.350773405982181430e-02 -7.735934911761432886e-02
9.002811386017128825e-02 -7.879241637419909239e-02
8.454096381319686770e-02 -8.547698648180812597e-02
8.805147715611383319e-02 -8.634747890755534172e-02
8.704463130561634898e-02 -8.828439144417643547e-02
8.370822988217696548e-02 -8.365891734138131142e-02
7.993617391912266612e-02 -8.403001524857245386e-02
7.840663293609395623e-02 -8.600925965583883226e-02
8.559733588481321931e-02 -9.058142112917266786e-02
8.600834209937602282e-02 -9.265837245038710535e-02
8.227739005815237761e-02 -8.652008962235413492e-02
8.497596287634223700e-02 -9.164981762296520174e-02
8.866483939345926046e-02 -8.575416481471620500e-02
8.248517184983938932e-02 -8.427743121865205467e-02
8.896870526950806379e-02 -8.880676116677932441e-02
8.410131360869854689e-02 -8.155177460866980255e-02
8.473908208543434739e-02 -8.048925988259725273e-02
8.627226605312898755e-02 -8.389612843166105449e-02
8.525553421350196004e-02 -8.184744414757005870e-02
8.253814541967585683e-02 -8.275440809666179121e-02
8.857939095469191670e-02 -8.354528542258776724e-02
9.140702575678005815e-02 -8.357848580635618418e-02
8.914336288580670953e-02 -8.772480468905996531e-02
8.636549330549314618e-02 -8.336180662445258349e-02
9.337938373209908605e-02 -8.294026470684912056e-02
8.892500895308330655e-02 -8.338156437093857676e-02
8.555380260804668069e-02 -9.003184038738254458e-02
8.671674638753756881e-02 -8.802965610811952502e-02
9.341851150384172797e-02 -8.668987012060824782e-02
9.047935710987076163e-02 -8.301481117086950690e-02
9.558123670285567641e-02 -8.444058698660228401e-02
9.233476960798725486e-02 -8.712621837912593037e-02
8.882287301821634173e-02 -8.517523681803140789e-02
8.500941138481721282e-02 -8.992513189150486141e-02
8.993373712291941047e-02 -8.956689845945220441e-02
8.536927535897120833e-02 -8.461525004531722516e-02
8.879174775211140513e-02 -7.788316898222547024e-02
8.970559778390452266e-02 -8.381874060432892293e-02
9.063743415754288435e-02 -8.637799222196917981e-02
8.918589598033577204e-02 -7.857984762813430279e-02
9.197057376150041819e-02 -8.040861766494344920e-02
