9.877804589614815056e-02 -3.441482598947161187e-02
9.816020727157592773e-03 -9.816584177315235138e-03
1.959551405161619186e-02 -1.924529206007719040e-02
2.946887630969285965e-02 -2.915503922849893570e-02
3.901666961610317230e-02 -3.869097027927637100e-02
4.836770985275506973e-02 -4.692889377474784851e-02
5.810478795319795609e-02 -5.592423677444458008e-02
6.595229264348745346e-02 -6.477474048733711243e-02
7.535576913505792618e-02 -7.404713798314332962e-02
7.889796816743910313e-02 -7.552541303448379040e-02
8.759912685491144657e-02 -7.558309304295107722e-02
9.169117291457951069e-02 -7.385331735713407397e-02
8.930466370657086372e-02 -6.946509348927065730e-02
9.008664084831252694e-02 -7.179065927630290389e-02
8.695775765227153897e-02 -6.989823334151878953e-02
8.913785341428592801e-02 -7.045857363846153021e-02
9.271199820796027780e-02 -7.164549583103507757e-02
8.433648111531510949e-02 -6.996849179267883301e-02
8.684375515440478921e-02 -6.855494738556444645e-02
9.139096603030338883e-02 -7.056440110318362713e-02
9.060357679845765233e-02 -7.252301438711583614e-02
9.575476014288142323e-02 -7.952746772207319736e-02
8.986368804471567273e-02 -7.347506447695195675e-02
9.572996274800971150e-02 -7.524455583188682795e-02
9.246870718197897077e-02 -7.029486086685210466e-02
9.441575006349012256e-02 -7.659314956981688738e-02
9.119216230465099216e-02 -6.814484775532037020e-02
9.303645271575078368e-02 -7.406612497288733721e-02
9.521953243529424071e-02 -7.236017333343625069e-02
9.079929016297683120e-02 -6.871113297529518604e-02
9.176801226567476988e-02 -7.523284363560378551e-02
9.058774262666702271e-02 -7.277794531546533108e-02
8.895708946511149406e-02 -7.272412828388041817e-02
8.848517865408211946e-02 -6.786205959724611603e-02
9.443451941478997469e-02 -7.180763888391084038e-02
9.443995774245195207e-02 -7.209004807737073861e-02
9.187724067351155099e-02 -6.824190445695421658e-02
9.076906098971448955e-02 -6.529360121567151509e-02
9.109784379006669042e-02 -7.117483435649774037e-02
8.949626884759709355e-02 -6.984791575450799428e-02
9.031341988929852960e-02 -7.191343835074803792e-02
9.321819963270172593e-02 -7.140217118649161421e-02
9.607248469592377660e-02 -7.229341976562864147e-02
9.292114195750400540e-02 -7.991996025884873234e-02
9.844773444683596608e-02 -8.208933323840028606e-02
9.786122654668361065e-02 -8.004705412531620823e-02
9.432886810145646450e-02 -7.969161137225455604e-02
9.591365187998235342e-02 -7.490079538183636032e-02
9.919709876749038813e-02 -8.023251421036547981e-02
9.526850540760278818e-02 -7.674198518725461327e-02
9.702804162270695087e-02 -7.254785220357007347e-02
