7.295818968752453004e-02 1.838934535085993971e-02
9.919741190969944000e-03 -4.509270002017728984e-05
1.984776370227336884e-02 6.995255203946726397e-03
2.973504178225994110e-02 9.714116185932653025e-03
3.952804207801818848e-02 1.312189254167606123e-02
4.882373102009296417e-02 3.932112671463983133e-03
5.800651293247938156e-02 9.903219361149240285e-04
6.561097130179405212e-02 8.660180570586817339e-03
6.452371284831315279e-02 1.324267367090214975e-02
7.380831718910485506e-02 1.453185054197092541e-02
8.144965872634202242e-02 8.216488833568291739e-03
7.253614079672843218e-02 5.277233158267335966e-03
7.135177869349718094e-02 1.294539445734699257e-02
8.006980456411838531e-02 1.940754051975090988e-02
8.176607044879347086e-02 1.116787358841975220e-02
7.886237779166549444e-02 1.381837060398538597e-02
8.651866565924137831e-02 9.541055613226490095e-03
8.065088593866676092e-02 5.450955552078085020e-03
7.604835124220699072e-02 1.825099072448210791e-03
7.661002961685881019e-02 6.741546287230448797e-03
8.414862485369667411e-02 5.397362012445228174e-03
7.821680878987535834e-02 1.430056832759873942e-03
7.860607837210409343e-02 7.192261826276080683e-03
7.920535895391367376e-02 4.629221588402288035e-03
7.687362525030039251e-02 6.161339890240924433e-03
8.273470224230550230e-02 2.330392209842102602e-03
7.942463699146173894e-02 6.920406194694805890e-04
8.518503941013477743e-02 2.716875827900366858e-03
8.318474152474664152e-02 -3.183866658218903467e-03
8.586922971880994737e-02 -9.545489487209124491e-03
7.866188496700488031e-02 -1.104005150773446076e-02
8.697747890255413949e-02 -1.917974132084054872e-03
8.194589414051733911e-02 -9.545854809402953833e-04
8.971554771414957941e-02 -2.316316687938524410e-03
8.402327433577738702e-02 -1.357020501018268988e-03
8.097727791755460203e-02 5.483586184709565714e-03
7.479700128897093236e-02 9.696380544482963160e-03
8.165208864375017583e-02 2.397527761786477640e-03
7.414953279658220708e-02 -3.907658781827194616e-03
7.979568056180141866e-02 1.333279844402568415e-03
7.953665606328286231e-02 -4.716437466413481161e-03
8.279795400449074805e-02 -1.333230563250253908e-02
7.723374027409590781e-02 -4.794906049937708303e-03
7.376910225138999522e-02 -2.909840008214814588e-03
7.774648899794556201e-02 -5.649226408422691748e-03
7.066500085056759417e-02 1.627205714612500742e-03
8.004465690464712679e-02 -5.698467295587761328e-03
7.924237902625463903e-02 -4.697143838711781427e-03
8.466228665201924741e-02 -4.497823520068777725e-03
8.905212077661417425e-02 -4.491747640713583678e-04
8.355477507575415075e-02 -2.640573988173855469e-03
