2.025200218664018753e-02 4.792781222631455063e-02
8.793291635811328888e-03 7.953602820634841919e-03
1.708411797881126404e-02 1.718319859355688095e-02
2.492781262844800949e-02 2.483704034239053726e-02
3.003150178119540215e-02 2.348741958849132061e-02
3.313465183600783348e-02 2.457953756675124168e-02
4.011039063334465027e-02 1.751348702237010002e-02
4.171953839249908924e-02 1.985607342794537544e-02
3.857828537002205849e-02 2.095948765054345131e-02
3.844998161366675049e-02 1.872372115030884743e-02
4.763369205466005951e-02 2.153153624385595322e-02
5.375638128316495568e-02 2.367613743990659714e-02
5.860448339080903679e-02 2.756866882555186749e-02
5.007008732354734093e-02 3.248157189227640629e-02
4.556874920672271401e-02 2.753145038150250912e-02
4.724445148895028979e-02 2.717182456399314106e-02
4.337461759860161692e-02 2.592911545070819557e-02
4.256679887475911528e-02 1.858872614684514701e-02
4.440776458068285137e-02 2.270723434048704803e-02
4.574207893165294081e-02 1.986542690428905189e-02
4.878809793444816023e-02 1.866130702546797693e-02
4.556420679728034884e-02 2.207282636663876474e-02
4.299262889253441244e-02 2.069211934576742351e-02
3.591152351873461157e-02 1.777054762351326644e-02
3.994334513845387846e-02 2.047088343533687294e-02
3.887746216787490994e-02 2.267217120970599353e-02
3.562241200415883213e-02 2.883392895455472171e-02
3.633336188795510679e-02 3.032662949408404529e-02
3.260264640266541392e-02 2.874181591323576868e-02
3.767373786831740290e-02 2.443746788776479661e-02
3.367205850372556597e-02 2.702032178058288991e-02
3.277229658851865679e-02 3.324480596347711980e-02
2.886000463331583887e-02 3.004787871032021940e-02
3.292201088333968073e-02 3.019544907147064805e-02
3.451846040843520314e-02 3.479457652429118752e-02
2.767738573311362416e-02 3.142970014596357942e-02
3.025907384289894253e-02 2.412269829073920846e-02
3.577956756635103375e-02 1.886755839223042130e-02
4.103646347357425839e-02 2.192362077767029405e-02
3.908129771298263222e-02 2.153556235134601593e-02
3.969842511287424713e-02 2.145816214760998264e-02
3.523451079672668129e-02 2.095203704811865464e-02
3.778021795733366162e-02 1.834718950703972951e-02
3.720562085800338537e-02 2.384306418389314786e-02
3.129273578815627843e-02 2.321024824777850881e-02
2.687674220942426473e-02 2.550222565332660452e-02
2.680849727767053992e-02 2.522066821256885305e-02
3.200236499833408743e-02 2.097432249138364568e-02
3.181486309040337801e-02 2.259583937848219648e-02
3.564017463941127062e-02 2.233265210088575259e-02
3.531193724484182894e-02 2.228458453100756742e-02
