3.319996021709789645e-04 4.999944887980212194e-02
-2.630360657349228859e-03 9.859009645879268646e-03
-4.411102971062064171e-03 1.980785932391881943e-02
-5.714096245355904102e-03 2.914922218769788742e-02
-1.137301442213356495e-03 3.747053351253271103e-02
-7.861746591515839100e-03 4.492847388610243797e-02
-5.957297165878117085e-03 4.510044639755506068e-02
-6.901127751916646957e-03 4.191983940836507827e-02
-1.458471547812223434e-02 4.966441013675648719e-02
-1.807336276397109032e-02 4.431713449594099075e-02
-1.674753730185329914e-02 4.720933067437727004e-02
-1.561261480674147606e-02 4.126766028639394790e-02
-1.739537296816706657e-02 4.686181929719168693e-02
-1.412509614601731300e-02 4.231613672163803130e-02
-1.488994114333763719e-02 4.574821966525632888e-02
-1.474980823695659637e-02 4.561938840197399259e-02
-1.002491498365998268e-02 4.430380190024152398e-02
-1.229955395683646202e-02 4.774921137141063809e-02
-6.361632142215967178e-03 4.215986031340435147e-02
-5.886312515940517187e-03 3.986736090155318379e-02
-1.307526783784851432e-02 4.305655747884884477e-02
-8.882447087671607733e-03 4.817866819212213159e-02
-5.997634900268167257e-03 4.362740559736266732e-02
-1.235327398171648383e-02 4.617766063893213868e-02
-8.854066662024706602e-03 5.275609163800254464e-02
-8.252053812611848116e-03 5.660011182771995664e-02
-1.488686940865591168e-02 5.928683636011555791e-02
-1.183106104144826531e-02 6.244349951157346368e-02
-1.289525424363091588e-02 5.706391582498326898e-02
-1.507408596808090806e-02 6.219858868280425668e-02
-1.065356942126527429e-02 5.460844241315498948e-02
-1.028937194496393204e-02 6.159682112047448754e-02
-1.044768783322069794e-02 5.939270701492205262e-02
-1.004435036156792194e-02 5.581153958337381482e-02
-9.742160778841935098e-03 4.898728831904008985e-02
-1.742339412157889456e-02 4.375040187733247876e-02
-1.614899198466446251e-02 5.209881655173376203e-02
-1.344394251646008343e-02 5.269554484402760863e-02
-9.214290752424858510e-03 5.540731287328526378e-02
-1.600503396184649318e-02 5.012759909732267261e-02
-1.117902841360773891e-02 5.548838822869583964e-02
-1.517105834500398487e-02 5.087903299136087298e-02
-9.829230475588701665e-03 5.334138910984620452e-02
-9.794351029995596036e-03 4.698488482972607017e-02
-1.202826862208894454e-02 4.767680057557299733e-02
-7.111686831194674596e-03 5.240777117433026433e-02
-1.176926641710451804e-02 4.873142839642241597e-02
-7.940140170831000432e-03 5.400736426236107945e-02
-8.842130682751303539e-03 5.084687337512150407e-02
-1.056973790036863647e-02 4.665924009168520570e-02
-9.184180318698054180e-03 4.236800601938739419e-02
