-1.647447738387730273e-02 4.863362304472099162e-02
-9.840699844062328339e-03 9.846523404121398926e-03
-1.945062633603811264e-02 1.971109211444854736e-02
-2.823198679834604263e-02 2.920626662671566010e-02
-2.788278702064417303e-02 3.885414917021989822e-02
-3.555166357546113431e-02 4.743000585585832596e-02
-3.916272576316259801e-02 5.062903231009840965e-02
-3.528559379628859460e-02 5.461787153035402298e-02
-4.168304600170813501e-02 4.808690771460533142e-02
-4.627396384603343904e-02 4.576046811416745186e-02
-4.245932385674677789e-02 5.267166811972856522e-02
-4.536019367515109479e-02 4.837940307334065437e-02
-4.621896965545602143e-02 4.780380817828699946e-02
-3.968436716240830719e-02 4.183405142975971103e-02
-3.222144374740310013e-02 4.773667798144742846e-02
-3.706612277892418206e-02 4.578917258186265826e-02
-4.166767260176129639e-02 4.394529754063114524e-02
-3.617436092463321984e-02 4.887703567510470748e-02
-3.516289163962937891e-02 4.212967486819252372e-02
-3.725659233168698847e-02 4.046593286329880357e-02
-4.190010987804271281e-02 4.320384940365329385e-02
-4.378997409367002547e-02 4.527015035273507237e-02
-3.988855206989683211e-02 5.145626497687771916e-02
-4.148515421547926962e-02 4.632015322567895055e-02
-4.242182869347743690e-02 5.035472830059006810e-02
-4.011318224365822971e-02 5.420496646547690034e-02
-4.137351046665571630e-02 4.983361117774620652e-02
-4.323435548576526344e-02 5.190280551323667169e-02
-5.147440146538428962e-02 4.937832226278260350e-02
-4.921102846856229007e-02 5.206496460596099496e-02
-5.407195023144595325e-02 5.277854186715558171e-02
-4.639586151461116970e-02 5.514046299504116178e-02
-4.551675260881893337e-02 4.893245716812089086e-02
-4.594534219359047711e-02 5.420976533787325025e-02
-4.082002121140249074e-02 5.519482149975374341e-02
-4.940821512718684971e-02 4.782247619004920125e-02
-4.846784102846868336e-02 5.537292762892320752e-02
-4.778894773335196078e-02 6.059388659195974469e-02
-4.689051504828967154e-02 5.505636177258566022e-02
-4.609229203197173774e-02 5.348642676835879683e-02
-5.044264785829000175e-02 4.949702363228425384e-02
-4.398560637491755188e-02 4.435889836167916656e-02
-3.669696926954202354e-02 4.818414075998589396e-02
-4.004492747480981052e-02 4.681727691786363721e-02
-3.432299845735542476e-02 4.878476780140772462e-02
-4.341067370842210948e-02 5.042853270424529910e-02
-4.755712716723792255e-02 4.363799252314493060e-02
-5.403539628605358303e-02 4.800053284270688891e-02
-5.152595016988925636e-02 4.326121433405205607e-02
-4.500267255934886634e-02 4.256724281003698707e-02
-4.279508694889955223e-02 4.632701672380790114e-02
