5.144040474960718439e-04 4.999867693362707033e-02
-9.080401621758937836e-03 9.948527440428733826e-03
-1.401438517495989799e-02 1.966983731836080551e-02
-1.197850401513278484e-02 2.936280146241188049e-02
-1.543320110067725182e-02 3.775322064757347107e-02
-1.987701328471302986e-02 4.355118377134203911e-02
-1.473944727331399918e-02 4.191458690911531448e-02
-1.896413508802652359e-02 4.497830965556204319e-02
-1.569392275996506214e-02 4.613540391437709332e-02
-1.770270126871764660e-02 4.448650940321385860e-02
-1.708793063880875707e-02 4.529717663535848260e-02
-1.571615837747231126e-02 4.399578372249379754e-02
-1.997226435923948884e-02 4.646260297158733010e-02
-1.608724083052948117e-02 4.189168388256803155e-02
-1.314390875631943345e-02 3.700334724271669984e-02
-2.048655931139364839e-02 4.232479730853810906e-02
-2.660807833308354020e-02 4.643262043828144670e-02
-2.446600660914555192e-02 4.033147316658869386e-02
-2.742957818554714322e-02 4.494529921794310212e-02
-3.241763106780126691e-02 4.446316559915430844e-02
-2.484760509105399251e-02 4.006564480368979275e-02
-1.643039734335616231e-02 4.308965292875654995e-02
-2.344256482319906354e-02 4.770897843991406262e-02
-2.296611867495812476e-02 4.269541989197023213e-02
-2.793364707031287253e-02 4.076771929976530373e-02
-2.346711573773063719e-02 4.484078128007240593e-02
-1.695343913161195815e-02 4.243355061043985188e-02
-2.063203268335200846e-02 4.467494625714607537e-02
-1.522582015604712069e-02 4.706683641416020691e-02
-1.576663154992274940e-02 4.875934720621444285e-02
-1.775977617944590747e-02 4.506796496571041644e-02
-2.321967479656450450e-02 4.412332552601583302e-02
-2.111038213479332626e-02 4.440023557981476188e-02
-2.577298387768678367e-02 4.588788520777598023e-02
-2.514924629940651357e-02 4.178498504916206002e-02
-2.939057871117256582e-02 4.500707011902704835e-02
-2.617091833963058889e-02 4.659888363676145673e-02
-2.284570652409456670e-02 3.900465817423537374e-02
-2.269859511579852551e-02 4.449353396194055676e-02
-2.010661216627340764e-02 4.239360877545550466e-02
-2.327907054859679192e-02 4.844597383635118604e-02
-2.428925006825011224e-02 4.181874432833865285e-02
-2.620510121050756425e-02 4.490545910084620118e-02
-1.848839565354865044e-02 4.480319481808692217e-02
-2.112330838281195611e-02 4.814857931341975927e-02
-2.143750114191789180e-02 4.361805354710668325e-02
-1.695138130162376910e-02 4.943440237548202276e-02
-2.129110142413992435e-02 4.903778829611837864e-02
-2.110614345292560756e-02 4.214761150069534779e-02
-1.762347153271548450e-02 4.336808575317263603e-02
-2.293262581224553287e-02 4.529765609186142683e-02
