2.284467809555083481e-02 4.735564022033166010e-02
1.643424038775265217e-03 8.392822928726673126e-03
-2.210731501691043377e-03 1.759222242981195450e-02
8.165858453139662743e-04 2.271736692637205124e-02
6.439273129217326641e-03 3.246743604540824890e-02
1.064822159241884947e-02 4.233035258948802948e-02
6.603367044590413570e-03 5.032681114971637726e-02
9.427318233065307140e-03 5.551005480810999870e-02
1.234644616488367319e-02 5.961475940421223640e-02
1.526811800431460142e-02 5.801723629701882601e-02
1.617825351422652602e-02 5.998806620482355356e-02
2.343787712743505836e-02 5.223181529436260462e-02
1.775788230588659644e-02 5.114141386002302170e-02
1.766552431217860430e-02 5.781892919912934303e-02
2.645041355572175235e-02 5.389393167570233345e-02
2.002785056538414210e-02 5.706881359219551086e-02
1.614264100498985499e-02 5.505682434886693954e-02
2.080751005269121379e-02 5.475900616147555411e-02
1.486772745556663722e-02 5.458195354731287807e-02
8.595993553171865642e-03 4.835700230614747852e-02
8.221988726290874183e-03 4.642271365446504205e-02
9.470183911616913974e-03 5.345938981918152422e-02
1.436512595682870597e-02 4.894598548708017915e-02
7.729045159067027271e-03 4.918867771630175412e-02
1.405569403141271323e-02 5.519443660159595311e-02
1.624935473955702037e-02 5.537384777562692761e-02
1.776333297311794013e-02 5.083130096318200231e-02
1.015501054644118994e-02 4.624786070780828595e-02
1.037515075586270541e-02 4.455973621224984527e-02
1.259347102313768119e-02 5.249355494743213058e-02
1.778842839121352881e-02 4.989357542945072055e-02
1.673116597521584481e-02 5.464432918233796954e-02
1.708581480488646775e-02 4.673212644411250949e-02
1.876559767697472125e-02 4.941630590474233031e-02
1.113483829249162227e-02 5.003564344951882958e-02
1.566363971505779773e-02 5.160065396921709180e-02
1.210696513589937240e-02 4.781443701358512044e-02
8.802192125585861504e-03 4.396532109240069985e-02
1.294891939323861152e-02 4.585928126471117139e-02
1.417786577076185495e-02 5.191569944145157933e-02
1.409270802105311304e-02 5.222149987821467221e-02
1.894565486873034388e-02 4.942858711001463234e-02
1.156575606728438288e-02 5.723172405851073563e-02
1.099410520691890270e-02 5.778167702374048531e-02
1.666239004407543689e-02 4.835824228939600289e-02
1.687610369117464870e-02 5.081758231972344220e-02
1.367669818864669651e-02 5.339201170136220753e-02
1.999453535245265812e-02 4.842869660933502018e-02
1.667100178019609302e-02 4.952231902279891074e-02
1.308418517874088138e-02 5.120025170617736876e-02
1.432515737542416900e-02 4.918054179870523512e-02
