3.944215710928411500e-02 4.189296078898833986e-02
8.764902129769325256e-03 9.710473939776420593e-03
1.265627355314791203e-02 1.770686078816652298e-02
1.009811135008931160e-02 2.439692663028836250e-02
1.933504687622189522e-02 3.133548889309167862e-02
2.108407358173280954e-02 3.729575080797076225e-02
1.723377814050763845e-02 4.348877444863319397e-02
1.924776670057326555e-02 4.581395396962761879e-02
1.690118142869323492e-02 4.577453324600355700e-02
1.758016651729121804e-02 4.539864729304099455e-02
1.149969879770651460e-02 4.809473347995663062e-02
2.005751855904236436e-02 3.978283968899631873e-02
1.957186887739226222e-02 4.506368455622578040e-02
2.109858457697555423e-02 4.707168634195113555e-02
1.305229467106983066e-02 4.203953626711154357e-02
1.957345398841425776e-02 4.010995987482601777e-02
1.329091581283137202e-02 3.983831170626217499e-02
2.084634097991511226e-02 4.803381345845991746e-02
1.500932610360905528e-02 4.317907288350397721e-02
1.230521610705181956e-02 4.589925960317486897e-02
2.026386203942820430e-02 3.887237629533046857e-02
1.701390690868720412e-02 4.203267300181323662e-02
2.144891297211870551e-02 3.635297573782736436e-02
1.582856703316792846e-02 4.111854822986060753e-02
2.246054814895614982e-02 4.651063212804729119e-02
2.529562398558482528e-02 4.547383622411871329e-02
2.913173352135345340e-02 5.371929691318655387e-02
2.190664986846968532e-02 5.136617841344559565e-02
2.137372951256111264e-02 4.392501861002529040e-02
2.168565729516558349e-02 5.111928014230215922e-02
2.688700307044200599e-02 5.264526393875712529e-02
3.107973208534531295e-02 5.642431273736292496e-02
2.355484777945093811e-02 4.899598981864983216e-02
2.320459121256135404e-02 5.083004615880781785e-02
2.350499146268703043e-02 4.400421816535526887e-02
1.874796525225974619e-02 4.144408784486586228e-02
2.589501757756806910e-02 4.014680055115604773e-02
3.161231186822988093e-02 3.865271594986552373e-02
2.978456942946650088e-02 4.511824131623143330e-02
2.483581044361926615e-02 4.172112231753999367e-02
1.839094693423248827e-02 4.732493867777520791e-02
1.955459409509785473e-02 4.006135275267297402e-02
2.089802795671857893e-02 4.573816803895169869e-02
1.804097290732897818e-02 4.788787870347732678e-02
1.845224734279327095e-02 4.246872544899815693e-02
1.190675349789671600e-02 4.243790090913535096e-02
1.966910689952783287e-02 4.811407591114402749e-02
1.775254457606934011e-02 5.007906339960754849e-02
1.758126527420245111e-02 4.928659822689951397e-02
1.712249848060309887e-02 4.897901264848769642e-02
1.981930690817534924e-02 5.188699684003950097e-02
