4.256784844807523505e-02 4.048744818206390095e-02
4.932596348226070404e-03 9.123959578573703766e-03
1.096026506274938583e-02 1.727215293794870377e-02
1.049337355652824044e-02 2.349540824070572853e-02
1.236552681075409055e-02 2.595827216282486916e-02
1.403461297741159797e-02 2.901267167180776596e-02
1.573836518218740821e-02 2.544214972294867039e-02
6.732222565915435553e-03 3.066632035188376904e-02
6.597502957447431982e-03 2.757204114459455013e-02
5.327753591700457036e-03 3.117777639999985695e-02
1.043768726231064647e-02 3.071428710245527327e-02
4.966125226928852499e-03 2.881575285573489964e-02
9.127315934165380895e-03 2.992798740160651505e-02
8.406059801927767694e-03 2.424386263010092080e-02
3.865519989631138742e-03 3.097673857701011002e-02
6.481233969680033624e-03 3.085554147401126102e-02
3.067278987145982683e-03 3.100994969281600788e-02
6.826767916209064424e-03 3.094405258889310062e-02
1.188712449220474809e-02 2.691536021302454174e-02
7.342012817389331758e-03 3.038099475088529289e-02
6.830293845268897712e-03 2.833541829022578895e-02
1.054222548555117100e-02 2.632206163252703846e-02
1.879841314803343266e-02 3.188011373276822269e-02
1.177911453123670071e-02 2.638096499140374362e-02
1.695554044272284955e-02 2.746949237189255655e-02
1.436932005162816495e-02 2.367654009140096605e-02
1.144846731040161103e-02 2.364670975475746673e-02
1.200090102793183178e-02 3.103018856018024962e-02
1.193135671201162040e-02 3.065959190826106351e-02
4.015370941488072276e-03 2.690867883029568475e-02
8.551727718440815806e-03 2.906384681227791589e-02
5.097525398014113307e-03 3.303210007834422868e-02
1.875466405181214213e-03 3.516356683212507050e-02
3.856369497952982783e-03 3.437462188412609976e-02
3.802841547440038994e-03 3.192411055897537153e-02
3.807558658991183620e-03 3.705630423610273283e-02
4.944407594848598819e-03 3.220814671476546209e-02
1.068253231187554775e-02 3.674647417028609198e-02
7.674079834941949230e-03 3.712824905051093083e-02
4.403391833875502925e-03 3.458772260455589276e-02
4.517906661021697801e-03 3.185681193826894742e-02
8.316442686009395402e-03 3.133128494482662063e-02
7.021711756351578515e-03 3.478335453655745368e-02
1.273415897867380409e-02 2.911482010495092254e-02
9.019302054184663575e-03 2.977491413003008347e-02
1.268391226312814979e-02 2.826684630235831719e-02
6.038021379026758950e-03 3.185311691595416050e-02
8.297472576487052720e-03 3.712938666103582364e-02
1.271278908370732097e-02 3.417671691386203747e-02
1.446381848199962405e-02 2.932252768187026959e-02
1.594607156130223302e-02 2.842059497015725356e-02
