2.123161354586318439e-02 4.772010328606453300e-02
9.152841754257678986e-03 9.301742538809776306e-03
1.868565101176500320e-02 1.869941689074039459e-02
2.163664600811898708e-02 2.436181763187050819e-02
2.484456682577729225e-02 2.100665681064128876e-02
2.182463323697447777e-02 2.141857973765581846e-02
2.286201273091137409e-02 2.602017752360552549e-02
1.640376751311123371e-02 2.955469943117350340e-02
2.124152495525777340e-02 3.363576007541269064e-02
2.657023142091929913e-02 2.512773440685123205e-02
2.115747355856001377e-02 2.309223043266683817e-02
1.781626371666789055e-02 2.530327427666634321e-02
2.284913929179310799e-02 2.631066669709980488e-02
1.727071264758706093e-02 2.521410037297755480e-02
1.931377872824668884e-02 3.075386316049844027e-02
1.950128778116777539e-02 2.602372469846159220e-02
1.738315919646993279e-02 2.207333140540868044e-02
1.823353505460545421e-02 2.256828121608123183e-02
1.877885079011321068e-02 2.968701062491163611e-02
1.310327695682644844e-02 2.546754194190725684e-02
2.086052577942609787e-02 2.889646467519924045e-02
1.661677192896604538e-02 2.621844125678762794e-02
1.362740178592503071e-02 2.873009041650220752e-02
8.386844070628285408e-03 2.479375497205182910e-02
1.343651837669312954e-02 3.124852542532607913e-02
1.913705165497958660e-02 3.185882454272359610e-02
1.780598936602473259e-02 3.521477209869772196e-02
1.353213377296924591e-02 4.010808339808136225e-02
1.203737687319517136e-02 3.224161511752754450e-02
1.405211864039301872e-02 3.308046940946951509e-02
1.473594125127419829e-02 2.963514701696112752e-02
1.237753214081749320e-02 3.056853188900277019e-02
1.619836379541084170e-02 3.330648777773603797e-02
9.716952859889715910e-03 3.837464185198768973e-02
1.075969316298142076e-02 3.197324316715821624e-02
1.388159376801922917e-02 3.014729666756466031e-02
6.450592831242829561e-03 2.982501735095866024e-02
1.486673142062500119e-02 3.243358948384411633e-02
1.504255081817973405e-02 3.305555318365804851e-02
1.860914491408038884e-02 3.882267416338436306e-02
2.221635957539547235e-02 3.871626259206095710e-02
2.793262615159619600e-02 3.655780727422097698e-02
2.113129752979148179e-02 2.848824547982076183e-02
1.307359240308869630e-02 2.895450400683330372e-02
1.352880139893386513e-02 2.664140164415584877e-02
2.282298439240548760e-02 2.997344191680895165e-02
1.485815913474652916e-02 2.618738770979689434e-02
2.206879750883672386e-02 2.313266573037253693e-02
1.602629701665136963e-02 3.126847343082772568e-02
1.209547453618142754e-02 3.455719183693872765e-02
8.497146322042681277e-03 3.218863689835416153e-02
