2.918885431502581899e-03 4.995739146175115497e-02
-7.873485796153545380e-03 9.938712231814861298e-03
-1.897333655506372452e-03 1.974574569612741470e-02
-7.983996067196130753e-03 2.935076691210269928e-02
-2.400771714746952057e-03 3.925099316984415054e-02
-2.498524263501167297e-04 4.905897751450538635e-02
-7.963173091411590576e-03 5.746617633849382401e-02
-8.122863466269336641e-03 6.417653150856494904e-02
-4.949846057570539415e-03 6.846362631767988205e-02
-1.146381882426794618e-02 6.684143829625099897e-02
-1.569444801134523004e-02 6.650555183296091855e-02
-8.848680867231450975e-03 6.156063548405654728e-02
-1.189567799156066030e-02 6.264886484132148325e-02
-1.118913291429635137e-02 5.631554443971253932e-02
-1.246111035288777202e-02 5.924677677103318274e-02
-6.261419373913668096e-03 6.254863916547037661e-02
-1.435996020154561847e-02 6.274772701726760715e-02
-1.094955169537570328e-02 6.184226750337984413e-02
-4.704940234660170972e-03 6.808621493109967560e-02
-2.548797157942317426e-03 6.120776162424590439e-02
-5.672094746842049062e-03 5.737701534235384315e-02
-9.892377871437929571e-03 5.263376618677284569e-02
-4.586149807437323034e-03 5.833215136954095215e-02
-8.981851729913614690e-03 6.061440134362783283e-02
-5.247729233815334737e-03 5.694362438225653023e-02
-1.364206531434319913e-03 5.880830086243804544e-02
-8.473472305922769010e-03 5.840168394206557423e-02
-8.009451339603401721e-03 6.476006157754454762e-02
-8.670199793414212763e-03 6.073097012995276600e-02
-1.453845169453416020e-02 5.350267387984786183e-02
-8.624101188615895808e-03 5.346626319078495726e-02
-7.729933786322362721e-03 5.497952616860857233e-02
-1.392604848660994321e-02 5.770802168262889609e-02
-1.414442082750611007e-02 5.477592135866871104e-02
-1.051776201347820461e-02 6.087332145398249850e-02
-1.576491069863550365e-02 5.251125545328250155e-02
-9.591942623956128955e-03 5.852939347823848948e-02
-1.201456689159385860e-02 5.125391502951970324e-02
-8.000605244887992740e-03 5.266082306479802355e-02
-3.801534388912841678e-03 5.741647138347616419e-02
-1.010557074914686382e-02 6.032277104532113299e-02
-7.317133218748494983e-03 5.892148261045804247e-02
-8.545267832232639194e-03 6.284613833850016817e-02
-5.296047049341723323e-03 5.634311373432865366e-02
-6.864830589620396495e-03 5.691794331505661830e-02
-3.223860607249662280e-03 5.908832351997261867e-02
-3.922612377209588885e-03 5.452606852486496791e-02
-4.483870550757274032e-03 5.038681139558320865e-02
-9.134399559115990996e-03 5.822353975236183032e-02
-1.244894586852751672e-02 5.935592788591748103e-02
-7.525062508648261428e-03 5.740714040439343080e-02
