4.168995302270753905e-02 4.089525739533630966e-02
8.148347027599811554e-03 9.928405284881591797e-03
1.755579840391874313e-02 1.943590864539146423e-02
2.414677757769823074e-02 2.929095085710287094e-02
3.056596638634800911e-02 3.899578098207712173e-02
2.584936982020735741e-02 4.857175238430500031e-02
2.600637559953611344e-02 5.342020979151129723e-02
2.378791633236687630e-02 5.993719212710857391e-02
3.004322682681959122e-02 5.417476082220673561e-02
3.141152292664628476e-02 5.118443747051060200e-02
3.210262923676054925e-02 5.444004898890852928e-02
2.886247371498029679e-02 5.019276775419712067e-02
2.647368882026057690e-02 5.066714083659462631e-02
3.360261388297658414e-02 5.065414165983384009e-02
3.381002969399560243e-02 4.875174079461430665e-02
4.125459720671642572e-02 4.358109048007463571e-02
3.654161091253627092e-02 4.828687811641430017e-02
3.089980869845021516e-02 5.063224335572158452e-02
3.291306989558506757e-02 4.859153584948217031e-02
3.155957123090047389e-02 4.302254164031182881e-02
3.028140981041360646e-02 3.784930457732116338e-02
2.818353609472978860e-02 4.234161724707519170e-02
3.616710515052545816e-02 4.849649158677493688e-02
3.679751844902057201e-02 4.519942969454859849e-02
3.557758424722123891e-02 4.313061440734600183e-02
3.792294343293178827e-02 3.815922940520977136e-02
3.471446358889807016e-02 3.794053639830963220e-02
3.569876747496891767e-02 4.106928781220631208e-02
3.251903849013615400e-02 4.490106064440624323e-02
3.346189695002976805e-02 4.409493646198825445e-02
3.729606584238354117e-02 4.504813394123630133e-02
3.286308633687440306e-02 4.868561705188767519e-02
3.378636583511251956e-02 4.665576713705377188e-02
3.334771380468737334e-02 4.031204153397993650e-02
3.746569021313916892e-02 4.547217535400704946e-02
3.833238464721944183e-02 4.154732777351455297e-02
4.321287256607320160e-02 4.461729480499343481e-02
3.474848494806792587e-02 4.384007410226331558e-02
3.379403460712637752e-02 4.447206692384497728e-02
3.570702542492654175e-02 4.466361240156402346e-02
3.800669066549744457e-02 4.444221870471665170e-02
3.998797397071029991e-02 4.004067692403623369e-02
3.278107578807976097e-02 3.338875060399004724e-02
2.605090905854012817e-02 3.397140504057460930e-02
2.984437379927840084e-02 4.073069189871603157e-02
2.726858352252747864e-02 4.150430413392314222e-02
2.926794263476040214e-02 3.881170016211399343e-02
3.143811911286320537e-02 4.224961854015418794e-02
3.396805618831422180e-02 4.428986643870302942e-02
2.849978870654013008e-02 3.925153145064541604e-02
3.373225369432475418e-02 3.880137633495905902e-02
