3.884974684223573872e-03 4.992450636206786918e-02
8.477425435557961464e-04 7.553194649517536163e-03
-4.875238402746617794e-03 1.702356431633234024e-02
-3.489321912638843060e-03 2.643720246851444244e-02
-6.409061257727444172e-03 3.424047911539673805e-02
-4.208074067719280720e-03 2.874064771458506584e-02
-4.968523222487419844e-03 3.715487429872155190e-02
-5.690203106496483088e-03 3.801855986239388585e-02
-5.368975806050002575e-03 3.145045536803081632e-02
-5.171446013264358044e-03 3.518525726394727826e-02
-5.989523313473910093e-03 3.231816185871139169e-02
-7.728812459390610456e-03 3.996995702618733048e-02
-2.828426368068903685e-03 3.762070793891325593e-02
-1.070089422864839435e-02 3.543257556157186627e-02
-1.166169723728671670e-02 3.563361009582877159e-02
-1.009768812218680978e-02 3.648018318926915526e-02
-4.907119146082550287e-03 4.069097101455554366e-02
-4.141318670008331537e-03 3.588381822919473052e-02
2.514443302061408758e-03 3.851544082863256335e-02
-4.737748822662979364e-03 3.236336790723726153e-02
-5.153250414878129959e-03 3.858898597536608577e-02
-1.560640055686235428e-03 4.435737541643902659e-02
-1.699011045275256038e-03 3.997778816847130656e-02
-9.243156964657828212e-03 4.043160838773474097e-02
-9.553955256706103683e-03 3.517847036710008979e-02
-1.323377303197048604e-02 3.897716262144967914e-02
-1.045258468366228044e-02 4.544105258537456393e-02
-2.329438313608989120e-03 4.325130482902750373e-02
-1.151954493252560496e-03 4.086015134816989303e-02
2.774726861389353871e-03 4.010067135095596313e-02
-5.740694439737126231e-03 4.169997957069426775e-02
-3.792170988162979484e-03 4.428525234106928110e-02
-2.863691566744819283e-03 4.215009592007845640e-02
-3.880221891449764371e-03 4.571882623713463545e-02
-8.648229122627526522e-04 3.775577514898031950e-02
-6.136269337730482221e-03 4.096134740393608809e-02
-5.002414953196421266e-03 4.056387144373729825e-02
-5.653944943333044648e-03 4.169637156883254647e-02
-4.680135025409981608e-03 3.564983984688296914e-02
-3.000212687766179442e-03 3.565823098870168906e-02
-1.828698877943679690e-03 3.892749802434991580e-02
-2.140179625712335110e-03 3.711377816034655552e-02
-4.317420418374240398e-03 4.003262716105382424e-02
3.378774272277951241e-04 3.645421597866516095e-02
3.464293549768626690e-03 3.406821294447581749e-02
6.444378523156046867e-04 4.028823283260862809e-02
1.956947671715170145e-04 3.899157196974556427e-02
-4.945579858031123877e-04 4.113903418874542695e-02
2.751905383775010705e-03 4.431749121977190953e-02
9.101900184759870172e-03 3.627188024802308064e-02
1.327502159983851016e-02 4.353563939912419301e-02
