-1.950653406820376801e-02 4.807902491688019475e-02
-3.725433198269456625e-04 9.937897324562072754e-03
-4.220284143229946494e-03 1.870033331215381622e-02
-7.339768897509202361e-03 2.852609101682901382e-02
-6.093650328693911433e-03 3.834803029894828796e-02
-7.689284480875357985e-03 4.715380351990461349e-02
-8.851634076563641429e-03 5.313126929104328156e-02
-9.147448348812758923e-03 5.232440360123291612e-02
-6.875090417452156544e-03 5.583923828089609742e-02
-6.776981172151863575e-03 5.918113706866279244e-02
-1.395315595436841249e-02 5.486240197205916047e-02
-8.221175172366201878e-03 5.041648220503702760e-02
-5.862333229742944241e-03 5.737681925529614091e-02
-7.278532953932881355e-03 5.571560031967237592e-02
-4.455582005903124809e-03 5.614314324338920414e-02
-5.538063705898821354e-03 5.139248448540456593e-02
-8.381970576010644436e-03 5.620918798376806080e-02
-1.661323977168649435e-02 6.076951560680754483e-02
-8.205985999666154385e-03 5.444607048411853611e-02
-9.240864426828920841e-03 6.048397909034974873e-02
-7.664245320484042168e-03 5.350385283236391842e-02
-4.709934117272496223e-03 5.636134117958135903e-02
-8.484084159135818481e-03 5.797828760114498436e-02
-1.064426801167428493e-02 5.953768096514977515e-02
-1.127983111655339599e-02 5.541429962613619864e-02
-5.911293381359428167e-03 5.304451976553536952e-02
-1.050906808814033866e-02 5.409144915756769478e-02
-1.424787071300670505e-02 5.683606656384654343e-02
-1.746084698243066669e-02 5.859357505687512457e-02
-1.300042186630889773e-02 5.730053936713375151e-02
-6.595323502551764250e-03 5.661385154235176742e-02
-1.319419656647369266e-02 6.408032748731784523e-02
-7.477789360564202070e-03 5.949423761921934783e-02
-1.130994962295517325e-02 6.232081024791114032e-02
-8.073148026596754789e-03 5.813255716930143535e-02
-1.021493965527042747e-02 5.790340056410059333e-02
-7.792639022227376699e-03 6.089247803902253509e-02
-1.697547681396827102e-02 5.860549554927274585e-02
-1.317215448943898082e-02 6.092647410696372390e-02
-1.197042356943711638e-02 6.466391653520986438e-02
-7.922138029243797064e-03 6.207028235075995326e-02
-1.346060441574081779e-02 6.201611424694419838e-02
-1.758055243408307433e-02 6.470948842252255417e-02
-1.331191364442929626e-02 6.553777837325469591e-02
-1.487163658021017909e-02 6.138843967710272409e-02
-1.482891793057206087e-02 6.220738124466151930e-02
-1.863938792303088121e-02 6.023168750471086241e-02
-1.159015892699244432e-02 6.311062281383783557e-02
-1.321194403499248438e-02 5.753573100446374156e-02
-1.050763124294462614e-02 6.320627848981530406e-02
-1.257336967319133691e-02 6.865194929196150042e-02
