3.288342247282442874e-03 4.994591940276869868e-02
6.276719272136688232e-03 9.933533146977424622e-03
1.384328817948698997e-02 1.984073966741561890e-02
1.665743556804955006e-02 2.978428918868303299e-02
1.533742877654731274e-02 3.926841821521520615e-02
1.809296687133610249e-02 4.850141610950231552e-02
2.401321730576455593e-02 5.763767100870609283e-02
2.154731657356023788e-02 5.664252385031431913e-02
2.433150308206677437e-02 5.777639255393296480e-02
2.124571474269032478e-02 6.296324834693223238e-02
1.832596934400498867e-02 6.643767573405057192e-02
2.161665121093392372e-02 6.262149324174970388e-02
2.598587051033973694e-02 5.906872439663857222e-02
2.717264182865619659e-02 6.351170956622809172e-02
2.349842619150876999e-02 5.648610682692378759e-02
1.926922518759965897e-02 5.703456012997776270e-02
1.878177185426466167e-02 6.134237593505531549e-02
2.281475064228288829e-02 6.199801032198593020e-02
1.677181056584231555e-02 6.866828509373590350e-02
1.950596130336634815e-02 6.115994619904085994e-02
2.609716539154760540e-02 6.326588190859183669e-02
2.106132029439322650e-02 6.969182373723015189e-02
2.702504859189502895e-02 6.082364165922626853e-02
1.860574257443659008e-02 6.265311682363972068e-02
1.368377727339975536e-02 6.538640212966129184e-02
1.700420884299091995e-02 6.568263124790973961e-02
1.300287639605812728e-02 6.415170562104322016e-02
1.595153353991918266e-02 6.608380799298174679e-02
2.305948382127098739e-02 6.352417593006975949e-02
1.745123296859674156e-02 6.211504168459214270e-02
1.163806414115242660e-02 6.358524507959373295e-02
1.762306664022617042e-02 6.704635921050794423e-02
1.731732403277419508e-02 7.131612955708988011e-02
2.017719772993586957e-02 6.753598272916860878e-02
1.406318283989094198e-02 7.059477272559888661e-02
1.507175058941356838e-02 6.723407332901842892e-02
1.972895205835811794e-02 6.384960658033378422e-02
1.940881254267878830e-02 6.914874169160611928e-02
2.240504141082055867e-02 6.563320200075395405e-02
1.916674620588310063e-02 6.203503420692868531e-02
1.284383892198093235e-02 6.022377547924406826e-02
1.889830225263722241e-02 6.232652722974307835e-02
1.658750770729966462e-02 6.905490209464915097e-02
1.783196677570231259e-02 6.540669666719622910e-02
1.361983877723105252e-02 6.131309390184469521e-02
1.940728773479349911e-02 6.084108710638247430e-02
1.953431357105728239e-02 6.470422013080678880e-02
1.703596579318400472e-02 5.807980368263088167e-02
1.703220354806944670e-02 6.200963430455885828e-02
1.581423094444289745e-02 6.869375970563851297e-02
2.400637341611400188e-02 7.156096128164790571e-02
