5.739347725921546683e-02 3.189010177119037948e-02
8.563202805817127228e-03 -2.317125676199793816e-03
6.802851217798888683e-03 3.850543871521949768e-04
1.523728005122393370e-02 8.180743549019098282e-03
1.970199437346309423e-02 1.582464110106229782e-02
1.418845856096595526e-02 2.136565791442990303e-02
1.780452334787696600e-02 1.485905656591057777e-02
2.379443484824150801e-02 1.615554455202072859e-02
2.334135133423842490e-02 1.823268539737910032e-02
2.558691930607892573e-02 1.914797670906409621e-02
3.110079458565451205e-02 2.202299603959545493e-02
2.509979010210372508e-02 1.781977427890524268e-02
3.030371890054084361e-02 2.083480957662686706e-02
3.656618334935046732e-02 1.614292938029393554e-02
3.835694052395410836e-02 1.272702304413542151e-02
3.818533518642652780e-02 1.894720637938007712e-02
3.464258946769405156e-02 1.894687974592557111e-02
4.026601342775393277e-02 1.209656029706707159e-02
4.211937096260953695e-02 1.165813059080278435e-02
3.774775537021923810e-02 4.361886908299084098e-03
4.215964833565521985e-02 1.264036950189506570e-02
3.613128532015252858e-02 1.543587623629605332e-02
3.489734519098419696e-02 1.385184764396285573e-02
3.292183981102425605e-02 1.657095426227783719e-02
3.447405558836180717e-02 1.540234385058170119e-02
3.410844011523295194e-02 1.367652535438423911e-02
3.543370410625357181e-02 1.024443030357247153e-02
4.059319997031707317e-02 1.615624295547490874e-02
3.641993652854580432e-02 1.074207367375379363e-02
3.741728789464104921e-02 6.937982542439158351e-03
4.127889750816393644e-02 1.093590215779727259e-02
3.564390233077574521e-02 1.848887841217106143e-02
3.636356165225151926e-02 1.168052854947632113e-02
3.320872133190277964e-02 1.063654190394913712e-02
3.351087395276408643e-02 1.547505977097785035e-02
3.298982149863149971e-02 1.361877148039525309e-02
3.252714940754231066e-02 7.251277128233368785e-03
3.811901363951619714e-02 1.395554424263423243e-02
3.696386607771273702e-02 1.623286472633367339e-02
3.943012630043085665e-02 1.104111110791450301e-02
3.483173785207327455e-02 8.620278006418402583e-03
3.616556104680057615e-02 1.312251019291466037e-02
3.932865195383783430e-02 8.853426696731503398e-03
4.618794469570275396e-02 1.326600977219527522e-02
4.426805172988679260e-02 1.798760567791646281e-02
4.202266978973057121e-02 2.407780571840589801e-02
4.134029375563841313e-02 1.628996294923013011e-02
3.696590049366932362e-02 1.846410546451693335e-02
3.346376532863359898e-02 1.181330371647959510e-02
3.695610391150694340e-02 1.447809141129141608e-02
3.037337253044825047e-02 1.274269088636970082e-02
