2.292009092391487576e-02 4.733791364129126544e-02
2.704148180782794952e-03 8.581653237342834473e-03
2.716863043133344036e-03 1.796566788107156754e-02
1.352291651528503280e-03 2.144112880341708660e-02
7.078639794599439483e-03 2.689962764270603657e-02
6.393343773197557312e-03 2.643434665515087545e-02
9.359130267512227874e-03 2.521495005930773914e-02
1.468230886803212343e-02 2.886073008994571865e-02
9.282291964154865127e-03 2.589128279942087829e-02
4.266240731340076309e-03 3.031690951320342720e-02
8.919006776523019653e-03 2.823732441174797714e-02
1.106049316422286211e-02 3.375464977580122650e-02
1.105085628569213441e-02 3.250172859407030046e-02
9.314229674600937869e-03 3.418570754001848400e-02
1.069234505757776788e-02 3.422063705147593282e-02
7.114285449461021926e-03 2.861998905063956045e-02
3.042419287339725997e-03 3.433297969968407415e-02
5.196881559641042259e-03 3.728956915074377321e-02
4.468574209568032529e-03 3.430166700491099618e-02
2.524766044189163949e-03 3.854133234926848672e-02
7.898317554463574197e-03 3.489556605563848279e-02
7.985140065102314111e-03 3.404420613878755830e-02
1.645757803544256603e-02 3.541548724388121627e-02
9.577502830325101968e-03 3.616647596572875045e-02
7.422302717714046594e-03 3.767506230724393390e-02
5.737853453865682241e-03 3.501417452571331523e-02
4.906118948383664247e-03 3.367788612013100646e-02
1.128994543887529289e-02 3.315379499326809309e-02
6.320876635982131120e-03 3.132267243563546799e-02
3.308568716420268174e-03 3.240132337305112742e-02
1.085995240919146454e-02 2.553283102679415606e-02
5.279953226818179246e-03 2.986834157127304934e-02
5.133994563038868364e-03 3.401601785662933253e-02
2.087722240503353532e-03 3.415379518628469668e-02
1.527629326119495090e-03 3.125818501212052070e-02
7.702920584961248096e-03 3.335297954254201613e-02
1.520352577699668473e-02 2.748516303472570144e-02
1.256551593451149529e-02 2.932297202278277837e-02
1.152897090560145443e-02 3.488561368067166768e-02
9.448227006032539066e-03 3.693038082201383077e-02
1.619087112976558274e-02 3.609368300749338232e-02
1.441083627196348971e-02 3.206679227514541708e-02
1.683127239721216029e-02 3.796888238503015600e-02
1.512790762262739008e-02 3.913261417983449064e-02
1.813888398373819655e-02 4.397247082306421362e-02
2.297750895286299055e-02 3.890635075731552206e-02
1.875022367948986357e-02 3.708334036855376326e-02
1.696649752466328209e-02 3.667985746506019495e-02
1.326124812385387486e-02 3.618466865373193286e-02
1.631402037946827477e-02 3.674186003263457678e-02
1.433284184804506367e-02 3.870694647412165068e-02
