3.964701255550834996e-02 4.180476237877511769e-02
9.842609986662864685e-03 9.910549968481063843e-03
1.982921175658702850e-02 1.990029774606227875e-02
2.968570496886968613e-02 2.976589463651180267e-02
3.944101557135581970e-02 3.949230443686246872e-02
4.754874296486377716e-02 4.933498706668615341e-02
5.557533912360668182e-02 5.812390614300966263e-02
6.492649670690298080e-02 6.691782828420400620e-02
7.129234634339809418e-02 6.933392048813402653e-02
6.801484548486769199e-02 6.960595966666005552e-02
7.098632655106484890e-02 7.234133951715193689e-02
7.268431864213198423e-02 6.696879942319355905e-02
7.817986921872943640e-02 6.699272234254749492e-02
7.672598981298506260e-02 6.612372480594785884e-02
7.311419886536896229e-02 6.585758055007318035e-02
6.879589543677866459e-02 6.929270822001853958e-02
7.699173525907099247e-02 7.302533454640069976e-02
7.334212749265134335e-02 7.351570550963515416e-02
7.721684779971837997e-02 7.513789946824545041e-02
7.514021731913089752e-02 7.276032397203380242e-02
7.997958268970251083e-02 7.098758765641832724e-02
7.765871798619627953e-02 7.252364463784033433e-02
7.400885806418955326e-02 7.298596448526950553e-02
7.514565694145858288e-02 6.789490592927904800e-02
6.723801861517131329e-02 6.553808472381206229e-02
7.251021149568259716e-02 7.134087349550100043e-02
6.654563848860561848e-02 7.325448888150276616e-02
7.080261758528649807e-02 7.946019294467987493e-02
7.053611331502906978e-02 7.382023661193670705e-02
7.126300860545597970e-02 7.206047513318480924e-02
7.776990937418304384e-02 7.634414500353159383e-02
7.389228031388483942e-02 7.279599854518892244e-02
6.639062226167879999e-02 6.825024332647444680e-02
6.928090503788553178e-02 6.552301022020401433e-02
6.540077141835354269e-02 7.370744786021532491e-02
6.631839918554760516e-02 6.753791264054598287e-02
6.271965792984701693e-02 6.647340232302667573e-02
6.506641433225013316e-02 6.559492939413757995e-02
6.262272168532945216e-02 6.947922928520711139e-02
6.584190405556000769e-02 6.868042809219332412e-02
6.473947028280235827e-02 6.698972685990156606e-02
6.616998885874636471e-02 6.485786848497809842e-02
6.981843805988319218e-02 6.402288610843243077e-02
6.811209782608784735e-02 6.449364001309731975e-02
6.121346182771958411e-02 7.124789493536809459e-02
6.205739083816297352e-02 6.839325922919670120e-02
6.821704658796079457e-02 7.345574620558181778e-02
6.205948677961714566e-02 7.526788351970026270e-02
5.909875853103585541e-02 6.803161887364694849e-02
6.417342394706793129e-02 6.903872398106614128e-02
6.588453977019526064e-02 6.940429236419731751e-02
