7.430590176903062449e-02 1.692258932745482891e-02
9.973215870559215546e-03 4.216781817376613617e-03
1.960821449756622314e-02 9.328007698059082031e-03
2.943396568298339844e-02 5.412502214312553406e-03
3.857677429914474487e-02 6.958395126275718212e-03
4.846929479390382767e-02 7.505322573706507683e-03
5.827166419476270676e-02 1.446064794436097145e-03
6.571685150265693665e-02 -2.284960588440299034e-03
7.075341511517763138e-02 -3.959439927712082863e-04
7.658419385552406311e-02 1.174017321318387985e-03
7.399549032561480999e-02 4.569450626149773598e-03
7.949263113550841808e-02 9.095355169847607613e-03
7.883662602398544550e-02 3.498672274872660637e-03
8.118523017037659883e-02 5.437554093077778816e-03
8.137397542304825038e-02 6.927287555299699306e-03
7.549755535728763789e-02 5.169174051843583584e-03
8.075908505998086184e-02 1.070992904715240002e-03
7.932310544128995389e-02 -1.092181191779673100e-03
7.470967799599748105e-02 6.102308980189263821e-03
8.172546412970405072e-02 -2.257676096633076668e-04
7.634265946398954839e-02 -2.027427079156041145e-03
7.838944478135090321e-02 -4.726396873593330383e-03
8.217251689347904176e-02 -3.069019410759210587e-03
7.870134936820250005e-02 -2.146523096598684788e-03
7.366296455438714474e-02 -8.117362973280251026e-03
7.916532775561790913e-02 -1.156196428928524256e-02
8.145336752932053059e-02 -3.432614379562437534e-03
8.135238176328130066e-02 3.081848728470504284e-03
7.848086187732405961e-02 -5.916110239923000336e-06
7.511423670803196728e-02 6.754303467459976673e-05
8.200216249679215252e-02 -9.552380943205207586e-04
7.602247086470015347e-02 1.661216287175193429e-03
7.659473028616048396e-02 -2.013879682635888457e-03
7.839530907222069800e-02 3.397591557586565614e-03
8.391123000183142722e-02 -4.480390663957223296e-03
8.125625914544798434e-02 -3.676377673400565982e-03
7.324794205487705767e-02 -3.034148394363000989e-03
7.931218986050225794e-02 -4.323073808336630464e-03
7.755308636114932597e-02 -6.197131966473534703e-03
8.068006756366230547e-02 -4.749157611513510346e-03
7.905137902707792819e-02 -5.341081792721524835e-03
7.753144149319268763e-02 -2.165513258660212159e-03
7.604085924685932696e-02 -9.184761118376627564e-03
7.204181459383107722e-02 -2.436290174955502152e-03
7.298360494314692914e-02 6.797607929911464453e-04
7.550724767497740686e-02 5.075579596450552344e-03
7.868885769858025014e-02 -1.213864336023107171e-03
7.129678278579376638e-02 -5.207418376812711358e-03
7.297391197062097490e-02 3.370550548424944282e-03
7.736305831349454820e-02 5.783697997685521841e-04
7.688175080693326890e-02 -1.331118546659126878e-03
