5.684246108160149330e-02 3.227353534513160982e-02
9.770661592483520508e-03 3.301674034446477890e-03
1.960359327495098114e-02 2.371709269937127829e-03
2.926632016897201538e-02 3.798531193751841784e-03
3.922514244914054871e-02 8.602270681876689196e-03
4.878284968435764313e-02 6.939912622328847647e-03
5.838887486606836319e-02 1.210555614670738578e-02
6.486042262986302376e-02 1.545350131345912814e-02
7.310730637982487679e-02 1.878951111575588584e-02
7.981075951829552650e-02 1.929781236685812473e-02
7.330675097182393074e-02 1.659071608446538448e-02
7.664041244424879551e-02 1.578527677338570356e-02
8.257218659855425358e-02 1.859043340664356947e-02
7.845740648917853832e-02 1.831008057342842221e-02
7.895398710388690233e-02 1.262747199507430196e-02
7.528027577791363001e-02 1.731506484793499112e-02
7.075687835458666086e-02 9.334075555671006441e-03
7.684727862942963839e-02 1.096653466811403632e-02
7.749517273623496294e-02 1.015732774976640940e-02
7.255661406088620424e-02 1.756839978042989969e-02
7.711990049574524164e-02 1.347778982017189264e-02
7.742647101986221969e-02 1.921239320654422045e-02
8.303330346825532615e-02 2.156356268096715212e-02
8.607601324911229312e-02 1.792567793745547533e-02
8.626251856912858784e-02 1.623040204867720604e-02
9.180207041208632290e-02 2.280379040166735649e-02
8.829520017025060952e-02 2.310578210745006800e-02
9.069987668772228062e-02 1.869860629085451365e-02
8.360989534412510693e-02 1.317317888606339693e-02
8.734089697827585042e-02 1.858392369467765093e-02
7.896260547568090260e-02 1.662108011078089476e-02
7.729803610709495842e-02 1.564078754745423794e-02
7.350518277962692082e-02 1.666482037398964167e-02
8.264900281210429966e-02 1.190054009202867746e-02
7.787721420754678547e-02 1.317994657438248396e-02
7.877271200413815677e-02 1.582662889268249273e-02
8.463172565097920597e-02 1.276419113855808973e-02
8.378403019742108881e-02 1.226353121455758810e-02
7.747571254731155932e-02 1.073938864283263683e-02
8.538127681822516024e-02 1.167550578247755766e-02
8.384117393870837986e-02 1.088760391576215625e-02
8.338517518131993711e-02 1.487338793231174350e-02
8.206051445449702442e-02 1.681297429604455829e-02
7.892232641461305320e-02 1.080181793076917529e-02
8.027321912231855094e-02 8.452953945379704237e-03
7.787216172437183559e-02 8.776616683462634683e-03
8.395453446428291500e-02 8.581533067626878619e-03
8.385991447721607983e-02 3.387334727449342608e-03
7.904669272829778492e-02 4.474873858271166682e-03
7.320938634802587330e-02 8.381828403798863292e-03
8.025408539106138051e-02 8.116380486171692610e-04
