2.196303592575058611e-02 4.755831616486720648e-02
-2.641409635543823242e-03 9.969566017389297485e-03
-9.817656595259904861e-03 1.966946385800838470e-02
-7.245339453220367432e-03 2.648880472406744957e-02
-1.513164211064577103e-02 3.581153927370905876e-02
-2.335511706769466400e-02 4.035181086510419846e-02
-1.617673924192786217e-02 4.519807826727628708e-02
-1.595752290450036526e-02 5.042015295475721359e-02
-1.694811508059501648e-02 5.224201653618365526e-02
-2.241652691736817360e-02 5.563211173284798861e-02
-2.532160351984202862e-02 4.663043294567614794e-02
-2.486250590300187469e-02 4.358265909831970930e-02
-2.398255898151546717e-02 4.459162382408976555e-02
-2.106218168046325445e-02 4.210073617286980152e-02
-2.499769709538668394e-02 4.933749069459736347e-02
-2.897977584507316351e-02 4.025920596905052662e-02
-2.661330450791865587e-02 3.852327016647905111e-02
-2.186843531671911478e-02 4.215554369147866964e-02
-2.340357319917529821e-02 4.298137081786990166e-02
-2.449182642158120871e-02 4.490835079923272133e-02
-2.518540987512096763e-02 4.701971053145825863e-02
-2.720466087339445949e-02 4.349999199621379375e-02
-2.297643636120483279e-02 4.041971708647906780e-02
-2.745182736543938518e-02 4.485319764353334904e-02
-2.089008799521252513e-02 4.393381212139502168e-02
-1.879977568751201034e-02 4.162361781345680356e-02
-2.365408971672877669e-02 4.599687486188486218e-02
-2.867627091472968459e-02 4.283641843358054757e-02
-2.769867732422426343e-02 4.422202968271449208e-02
-2.907870599301531911e-02 4.109103471273556352e-02
-2.937806196860037744e-02 3.855623520212247968e-02
-2.604308919399045408e-02 4.055034072371199727e-02
-2.628766850102692842e-02 3.720770758809521794e-02
-3.385552635882049799e-02 4.535238427342846990e-02
-3.083355061244219542e-02 4.758687416324391961e-02
-2.840267901774495840e-02 4.737467567611020058e-02
-3.072672605048865080e-02 4.195960440847557038e-02
-3.032539846026338637e-02 4.425542026001494378e-02
-3.011083128512836993e-02 4.287275292153935879e-02
-3.356307317153550684e-02 4.534021338622551411e-02
-3.621820444823242724e-02 4.248349687259178609e-02
-3.264373671845532954e-02 4.908675460319500417e-02
-2.848736793384887278e-02 4.581510105344932526e-02
-2.634145659976638854e-02 4.689115080691408366e-02
-3.292052415781654418e-02 4.816083940386306494e-02
-2.647401965805329382e-02 5.135980997874867171e-02
-3.302422599517740309e-02 4.409338631376158446e-02
-2.555751675390638411e-02 4.462995209905784577e-02
-3.078304571681655943e-02 4.666739857930224389e-02
-3.079689724017953267e-02 4.728346857882570475e-02
-2.891246065610175719e-02 5.176362422935198992e-02
