4.022772272694507406e-02 4.155179039321965639e-02
8.730759844183921814e-03 2.677251119166612625e-03
1.765710394829511642e-02 1.055996259674429893e-02
2.562069427222013474e-02 2.022111462429165840e-02
3.086098888888955116e-02 2.925189258530735970e-02
3.114001252106390893e-02 3.028998139780014753e-02
3.647585105500184000e-02 3.830695513170212507e-02
3.505725573631934822e-02 3.970067028421908617e-02
4.135737821343354881e-02 4.394674545619636774e-02
3.979078456177376211e-02 4.793316230643540621e-02
4.215712830773554742e-02 5.367440090049058199e-02
4.014889113022945821e-02 5.204410420265048742e-02
3.426024512737058103e-02 5.596194730605930090e-02
3.980785197927616537e-02 5.905033450108021498e-02
4.147772732540033758e-02 5.808766349218785763e-02
4.722442300408147275e-02 5.624368181452155113e-02
4.546107442001812160e-02 5.720149626722559333e-02
4.439252169686369598e-02 5.150471575325354934e-02
3.748580600949935615e-02 4.822219506604596972e-02
4.119501958484761417e-02 4.349007894052192569e-02
3.868901982787065208e-02 4.544979607453569770e-02
3.030358042451553047e-02 4.713447840185835958e-02
3.374142615939490497e-02 4.710754902407643385e-02
3.084634288097731769e-02 4.260610846176859923e-02
3.677875266293995082e-02 4.280623105660197325e-02
3.001352210412733257e-02 5.118177050098893233e-02
3.114952342002652586e-02 5.701324819892761298e-02
3.766661658301018178e-02 5.592697683096048422e-02
3.607696431572549045e-02 5.951358737729606219e-02
4.350219477782957256e-02 5.511541558735189028e-02
3.973030924680642784e-02 5.907345224477467127e-02
3.244725728291086853e-02 5.909224678180180490e-02
4.045296480762772262e-02 5.688817854388616979e-02
4.032299986283760518e-02 5.774471393669955432e-02
4.147977223328780383e-02 6.206098661641590297e-02
3.735190517909359187e-02 6.567569819162599742e-02
4.272161591507028788e-02 5.794948569382540882e-02
4.246632922149728984e-02 5.298738132114522159e-02
4.891738881997298449e-02 5.755817887256853282e-02
4.786656556825619191e-02 5.408235962386243045e-02
4.744785367802251130e-02 6.212633798713795841e-02
3.993988731235731393e-02 5.900567138451151550e-02
3.857303359836805612e-02 6.232394880498759449e-02
4.329640833020675927e-02 5.731515769730322063e-02
4.920304748520720750e-02 5.370797353680245578e-02
4.951000901928637177e-02 4.918205222929827869e-02
4.379912735021207482e-02 4.838100276538170874e-02
4.612849107070360333e-02 4.476383063592948020e-02
4.710732448438648134e-02 4.767154194996692240e-02
4.987152667308691889e-02 4.359360216767527163e-02
4.803225737123284489e-02 4.561408274457789958e-02
