5.862019362058723537e-02 3.101649770191787503e-02
9.664232842624187469e-03 9.807677008211612701e-03
1.943974290043115616e-02 1.862793415784835815e-02
2.936736587435007095e-02 2.454383112490177155e-02
3.836103994399309158e-02 2.721724961884319782e-02
4.816498141735792160e-02 1.972626359201967716e-02
5.545676080510020256e-02 2.553694020025432110e-02
5.771030625328421593e-02 2.649958501569926739e-02
6.372194224968552589e-02 2.530659991316497326e-02
7.189153367653489113e-02 2.491927106166258454e-02
6.724800309166312218e-02 2.542813733452931046e-02
6.852582178544253111e-02 2.470930473646149039e-02
7.573722430970519781e-02 3.075631748652085662e-02
6.683369760867208242e-02 2.393755590310320258e-02
7.186339504551142454e-02 3.130778198828920722e-02
7.268813496921211481e-02 2.217905403813347220e-02
6.470318755600601435e-02 2.288157702423632145e-02
6.342391809448599815e-02 3.048759303055703640e-02
5.964252911508083344e-02 2.504354505799710751e-02
6.299883313477039337e-02 3.026276384480297565e-02
5.565898818895220757e-02 2.880059159360826015e-02
6.374848959967494011e-02 3.528514667414128780e-02
6.743810884654521942e-02 3.179348935373127460e-02
6.521121133118867874e-02 2.563104289583861828e-02
6.494265963556244969e-02 2.125007729046046734e-02
5.863995786057785153e-02 2.300355047918856144e-02
6.368803029181435704e-02 2.661933866329491138e-02
6.321110611315816641e-02 3.262521442957222462e-02
6.023982644546777010e-02 3.127877588849514723e-02
5.976961494889110327e-02 3.082353828358463943e-02
5.862347304355353117e-02 3.462961429613642395e-02
6.448655517306178808e-02 2.517692858236841857e-02
6.265232118312269449e-02 2.399294913630001247e-02
5.937530088704079390e-02 3.109848077292554080e-02
5.475654441397637129e-02 2.679052992607466877e-02
5.379650014219805598e-02 3.104413204709999263e-02
5.741690396098420024e-02 3.134177974425256252e-02
5.633481027325615287e-02 2.886516042053699493e-02
6.061791063984856009e-02 3.239370533265173435e-02
5.565506120910868049e-02 2.496521058492362499e-02
5.979598633712157607e-02 1.824308163486421108e-02
5.241165164625272155e-02 2.711402880959212780e-02
5.513105395948514342e-02 3.294281824491918087e-02
4.875792184611782432e-02 3.201446699677035213e-02
5.589835805585607886e-02 2.420890115899965167e-02
5.764763389015570283e-02 3.081420081434771419e-02
6.181323301279917359e-02 3.562574757961556315e-02
5.776344338664785028e-02 3.389373800018802285e-02
5.988771939883008599e-02 2.727245917776599526e-02
5.697703809710219502e-02 2.877095452276989818e-02
6.207969487877562642e-02 3.490399819565936923e-02
