7.430315250898752999e-02 1.692564177672217784e-02
9.885879233479499817e-03 7.483517751097679138e-03
1.970482431352138519e-02 8.631275501102209091e-03
2.935983799397945404e-02 1.010026771109551191e-02
3.913978673517704010e-02 1.016049820464104414e-02
4.849171638488769531e-02 1.487583096604794264e-02
5.457009887322783470e-02 1.570584351429715753e-02
6.227606115862727165e-02 7.927398255560547113e-03
6.671683350577950478e-02 9.911268542055040598e-03
6.743224302772432566e-02 1.736172992968931794e-02
7.136206200812011957e-02 1.758230883569922298e-02
7.237348251510411501e-02 1.157711712585296482e-02
7.076965388841927052e-02 1.088614969921763986e-02
7.430236507207155228e-02 1.035468430200126022e-02
7.062761718407273293e-02 1.184003321395721287e-02
7.595617929473519325e-02 1.514090258569922298e-02
7.086513610556721687e-02 1.646761967276688665e-02
7.269371475558727980e-02 2.001517357712145895e-02
7.485346391331404448e-02 1.781658826803322881e-02
7.519369199872016907e-02 1.375476362591143698e-02
6.817925954237580299e-02 1.367839875456411391e-02
6.898767373058944941e-02 9.971284380299039185e-03
7.076718471944332123e-02 4.847193209570832551e-03
7.507673418149352074e-02 4.198626163997687399e-03
7.929230574518442154e-02 7.298569442355073988e-03
7.225411850959062576e-02 9.309169850894249976e-03
6.915869796648621559e-02 7.663634038181044161e-03
6.821461051004007459e-02 1.134555241151247174e-02
6.874699919717386365e-02 1.363557008153293282e-02
6.964622467057779431e-02 1.624855179397854954e-02
6.596587091917172074e-02 1.343490452563855797e-02
7.009625347563996911e-02 1.256133052811492234e-02
7.003593536501284689e-02 1.247365448216442019e-02
6.912612116138916463e-02 1.418263641244266182e-02
6.817672528268303722e-02 1.778315858973655850e-02
6.565170163230504841e-02 2.089312732277903706e-02
6.524229880596976727e-02 2.245735937322024256e-02
7.178265687252860516e-02 1.729986678401473910e-02
7.301012861717026681e-02 2.313506464997772127e-02
7.550154199998360127e-02 2.325724939873907715e-02
7.427910859405528754e-02 2.015791706799063832e-02
8.120829150720965117e-02 2.245183511695358902e-02
7.557405489205848426e-02 2.122512205096427351e-02
7.099207355349790305e-02 2.203727468440774828e-02
6.376455449208151549e-02 2.469573823327664286e-02
6.376668476195845869e-02 2.851188137719873339e-02
6.622886090235624579e-02 2.631253075378481299e-02
7.001154442014012602e-02 1.992621437238994986e-02
6.812015551304284600e-02 1.263555676268879324e-02
7.267785447811547783e-02 1.849355852755252272e-02
7.584698082109753159e-02 1.795661008509341627e-02
