8.538814592505104828e-02 2.046753361590089582e-03
8.951676078140735626e-03 4.179982934147119522e-03
1.875578518956899643e-02 3.729290765477344394e-03
2.824766002595424652e-02 1.220976232434622943e-02
3.637063410133123398e-02 1.568797111394815147e-02
4.613034334033727646e-02 1.147815465810708702e-02
5.597043130546808243e-02 2.003678467008285224e-02
6.570088677108287811e-02 2.285325896809808910e-02
7.406499888747930527e-02 1.930808692122809589e-02
7.930873660370707512e-02 1.961867598583921790e-02
8.097837469540536404e-02 1.393618941074237227e-02
8.652240899391472340e-02 1.919793704291805625e-02
9.354296210221946239e-02 2.448776684468612075e-02
9.132846724241971970e-02 1.672958763083443046e-02
8.642488997429609299e-02 1.117384753888472915e-02
8.418467198498547077e-02 7.840702717658132315e-03
8.968098205514252186e-02 1.671070087468251586e-02
9.042991080787032843e-02 2.288100350415334105e-02
9.180666122119873762e-02 2.175633545266464353e-02
9.310136828571557999e-02 1.678857748629525304e-02
9.339875611476600170e-02 1.772811711998656392e-02
9.203508170321583748e-02 1.452183799119666219e-02
9.443230647593736649e-02 1.556844072183594108e-02
8.572490513324737549e-02 2.182286552852019668e-02
9.075928758829832077e-02 2.043759339721873403e-02
8.781383000314235687e-02 2.464061026694253087e-02
8.747192108421586454e-02 2.868160122307017446e-02
8.877881136140786111e-02 3.094362356932833791e-02
8.503326502977870405e-02 2.383757458301261067e-02
8.931586807011626661e-02 2.337312267627567053e-02
9.261167337535880506e-02 1.991408888716250658e-02
8.780509707867167890e-02 2.589736750815063715e-02
8.476654891273938119e-02 1.988167280796915293e-02
8.266539414762519300e-02 1.155096816364675760e-02
8.869144049822352827e-02 1.149484145207679830e-02
8.964212503633461893e-02 1.550467687411583029e-02
9.517236784449778497e-02 2.030974582521594130e-02
8.873710673651657999e-02 1.292249749167240225e-02
8.476610374054871500e-02 1.694731277166283689e-02
8.880580714321695268e-02 1.370932141071534716e-02
9.152933521545492113e-02 1.593205614699400030e-02
8.330010468489490449e-02 1.742752469363040291e-02
9.028956232941709459e-02 1.280173487248248421e-02
8.480911501101218164e-02 9.715913703985279426e-03
8.442405352252535522e-02 1.338179586673504673e-02
8.621764063718728721e-02 1.041647852616733871e-02
8.330740287783555686e-02 1.167149716275162064e-02
8.718106333981268108e-02 1.405284218708402477e-02
8.476211267407052219e-02 1.543812328236526810e-02
8.151654151151888072e-02 1.312585654886788689e-02
8.086860147886909544e-02 1.224489751257351600e-02
