9.896129018665981991e-02 -3.562422020926490213e-02
9.963507764041423798e-03 -5.022066179662942886e-03
1.995337009429931641e-02 -5.178855601116083562e-03
2.972716093063354492e-02 -1.016886472643818706e-02
3.905089385807514191e-02 -5.143845322891138494e-03
4.879331588745117188e-02 -8.069157702266238630e-03
5.851934198290109634e-02 -1.579751922690775245e-02
6.819608435034751892e-02 -1.351858802081551403e-02
7.764451950788497925e-02 -9.471048935665749013e-03
8.678300213068723679e-02 -1.796385493071284145e-02
9.617725666612386703e-02 -1.289043422730173916e-02
1.028251736424863338e-01 -8.171417619450949132e-03
1.025120215781498700e-01 -4.000525324954651296e-03
1.050805168051738292e-01 -1.133079720602836460e-02
1.007874671195168048e-01 -1.228216777963098139e-02
1.050467884924728423e-01 -1.655128061247523874e-02
1.029466986947227269e-01 -1.712403474084567279e-02
1.041173828125465661e-01 -1.019971426285337657e-02
9.878808868234045804e-02 -8.630644690128974617e-03
1.045283996791113168e-01 -1.126568012114148587e-02
1.034959554963279516e-01 -1.468854716222267598e-02
9.959217210416682065e-02 -1.488689055258873850e-02
1.061865436204243451e-01 -1.471080770716071129e-02
1.010627402283716947e-01 -1.830765814520418644e-02
1.036566794209647924e-01 -1.776449888711795211e-02
9.988937157322652638e-02 -1.295425178250297904e-02
1.029588915698695928e-01 -6.720927951391786337e-03
1.084494400129187852e-01 -6.778292055969359353e-03
1.004076428071130067e-01 -6.342598808259936050e-03
9.791665387456305325e-02 -5.701497244444908574e-03
1.006186313752550632e-01 -1.071518291792017408e-02
1.027216215443331748e-01 -1.231596693469327874e-02
1.032915849646087736e-01 -7.903515175712527707e-03
1.042401404411066324e-01 -8.664302284159930423e-03
1.025824357348028570e-01 -6.393283129000337794e-03
1.007162941677961498e-01 -1.109749124225345440e-02
9.656291213468648493e-02 -7.802670577802928165e-03
9.863969279103912413e-02 -1.047972844753530808e-02
1.053785268741194159e-01 -9.328331205324502662e-03
1.035903076699469239e-01 -1.005667493518558331e-02
1.041820745158474892e-01 -1.711350072946515866e-02
9.746419332805089653e-02 -1.754103052735445090e-02
9.882282986654900014e-02 -1.525789859078940935e-02
9.263688008650206029e-02 -1.906989199414965697e-02
9.837974476977251470e-02 -1.367842928812024184e-02
1.038986450002994388e-01 -1.055871147036668845e-02
9.820660817786119878e-02 -9.936212492902996019e-03
1.023641513602342457e-01 -1.183526653403532691e-02
9.939244374982081354e-02 -1.260290637219441123e-02
1.046914540638681501e-01 -1.871241738626849838e-02
9.646478932700119913e-02 -1.204229302311432548e-02
