9.994832920311563784e-02 -5.321426344682941845e-02
9.959766641259193420e-03 -7.294515147805213928e-03
1.972664427012205124e-02 -8.876291220076382160e-03
2.956978883594274521e-02 -4.801919334568083286e-03
3.942335210740566254e-02 -8.228654623962938786e-03
4.938348103314638138e-02 -8.010862831724807620e-03
5.932337511330842972e-02 -1.629272053833119571e-02
6.908653490245342255e-02 -1.169850907172076404e-02
7.853932306170463562e-02 -1.586072982172481716e-02
8.758033905178308487e-02 -2.160306923906318843e-02
9.606706071645021439e-02 -2.343224509968422353e-02
1.012360230088233948e-01 -1.964894038974307477e-02
1.011809536830696743e-01 -2.044775706599466503e-02
9.691703437056276016e-02 -1.257033363799564540e-02
1.010870647260162514e-01 -1.536008479888550937e-02
9.514852777283522300e-02 -1.932435107300989330e-02
9.969793191339704208e-02 -1.223674739594571292e-02
9.649851570065948181e-02 -1.138719407026655972e-02
1.030285155975434463e-01 -8.785941434325650334e-03
1.046845519558701199e-01 -1.619573988136835396e-02
1.014865881406876724e-01 -2.157662974786944687e-02
1.036727696300658863e-01 -1.343184968573041260e-02
1.100255709716293495e-01 -1.551123036188073456e-02
1.035005503908905666e-01 -1.582176459487527609e-02
9.953951860006782226e-02 -1.760266907513141632e-02
1.044200814903888386e-01 -2.180626755580306053e-02
9.943529848169418983e-02 -1.480518979951739311e-02
9.676408489394816570e-02 -1.278075156733393669e-02
1.011031763737264555e-01 -1.491890056058764458e-02
1.005565326304349583e-01 -1.545121712842956185e-02
1.009966533274564426e-01 -1.276483229594305158e-02
9.828128620210918598e-02 -1.113675528904423118e-02
1.003669635501864832e-01 -1.293100282782688737e-02
9.712858010243508033e-02 -1.602243707748129964e-02
1.017443731070670765e-01 -1.022485533030703664e-02
9.622217832293245010e-02 -1.428768906043842435e-02
9.919638560313615017e-02 -7.017468858975917101e-03
1.028600554091099184e-01 -1.007030421169474721e-02
1.041819910860795062e-01 -1.174998091300949454e-02
9.549514775790157728e-02 -1.682924147462472320e-02
9.643563274221378379e-02 -1.152363180881366134e-02
9.755020863303798251e-02 -1.689749391516670585e-02
9.546841862538713031e-02 -1.307189738145098090e-02
9.525295738058048300e-02 -1.408507087035104632e-02
1.009110856793995481e-01 -1.696644764160737395e-02
1.046538508489902597e-01 -1.720805029617622495e-02
1.002967173226352315e-01 -1.821712049422785640e-02
9.528968688027816825e-02 -1.458065555198118091e-02
1.024449646465654951e-01 -1.502455279114656150e-02
9.999902378694969229e-02 -1.299336596275679767e-02
9.868845362143474631e-02 -1.331490976735949516e-02
