9.987030389404473463e-02 -5.509140453226363254e-02
9.980709291994571686e-03 -9.749541059136390686e-03
1.967044267803430557e-02 -1.925769913941621780e-02
2.962611243128776550e-02 -2.828637603670358658e-02
3.957354836165904999e-02 -3.546285862103104591e-02
4.904107563197612762e-02 -3.723133495077490807e-02
5.902393534779548645e-02 -3.925380925647914410e-02
6.893524248152971268e-02 -4.042048903647810221e-02
7.889158558100461960e-02 -4.699625645298510790e-02
8.876681607216596603e-02 -4.989360889885574579e-02
9.842976555228233337e-02 -4.598329646978527308e-02
1.029171752743422985e-01 -4.346717696171253920e-02
1.088218209333717823e-01 -4.543916077818721533e-02
1.105092689394950867e-01 -4.331354482565075159e-02
1.088268951280042529e-01 -4.098676901776343584e-02
1.105620614252984524e-01 -3.691718925256282091e-02
1.135829165577888489e-01 -3.317717916797846556e-02
1.113432429265230894e-01 -4.102335579227656126e-02
1.133270165883004665e-01 -4.412628652062267065e-02
1.169712648261338472e-01 -3.890198131557554007e-02
1.110203552525490522e-01 -3.237883828114718199e-02
1.150975681375712156e-01 -3.018901741597801447e-02
1.184292924590408802e-01 -3.547513263765722513e-02
1.142103155143558979e-01 -3.694053424987941980e-02
1.187797207385301590e-01 -3.328947687987238169e-02
1.166048010345548391e-01 -3.676222928334027529e-02
1.147847136016935110e-01 -3.763453965075314045e-02
1.119131806772202253e-01 -3.448975342325866222e-02
1.190183332655578852e-01 -3.702534385956823826e-02
1.151114443782716990e-01 -2.994601591490209103e-02
1.179474929813295603e-01 -3.848938527517020702e-02
1.145821444224566221e-01 -4.310265812091529369e-02
1.216370358597487211e-01 -4.072647844441235065e-02
1.174664243590086699e-01 -3.210352850146591663e-02
1.151475617662072182e-01 -3.736266563646495342e-02
1.133966598426923156e-01 -3.821230004541575909e-02
1.216688280692324042e-01 -3.509948449209332466e-02
1.154313947772607207e-01 -3.334050974808633327e-02
1.142172607360407710e-01 -3.766733617521822453e-02
1.135211041546426713e-01 -3.120676265098154545e-02
1.206832173629663885e-01 -3.478226764127612114e-02
1.192651502205990255e-01 -3.081025695428252220e-02
1.226148204295895994e-01 -3.337029065005481243e-02
1.168989007710479200e-01 -3.270282474113628268e-02
1.218109013861976564e-01 -3.311046210001222789e-02
1.252670098911039531e-01 -2.834700091625563800e-02
1.208165578427724540e-01 -3.073920353199355304e-02
1.214038459584116936e-01 -3.439727213117294014e-02
1.196052144514396787e-01 -3.440581884115090361e-02
1.156128580914810300e-01 -3.619153220552107086e-02
1.161194486776366830e-01 -4.066607291224499932e-02
