9.709522025335526330e-02 -7.392735263150590486e-02
9.891160763800144196e-03 -9.981094859540462494e-03
1.961091626435518265e-02 -1.981022860854864120e-02
2.944098692387342453e-02 -2.958017773926258087e-02
3.929566591978073120e-02 -3.511231113225221634e-02
4.921411070972681046e-02 -4.359420295804738998e-02
5.914375931024551392e-02 -4.766363510861992836e-02
6.910101883113384247e-02 -5.439172079786658287e-02
7.892165146768093109e-02 -5.185120529495179653e-02
8.868287876248359680e-02 -6.010874989442527294e-02
9.701163601130247116e-02 -6.222355901263654232e-02
1.024567466229200363e-01 -6.582199619151651859e-02
1.088019255548715591e-01 -5.978892161510884762e-02
1.062339839991182089e-01 -6.035026442259550095e-02
1.060183129447977990e-01 -5.990733159705996513e-02
1.130172058183234185e-01 -6.280093616805970669e-02
1.089709221560042351e-01 -6.248706646147184074e-02
1.101970481395255774e-01 -5.917973464238457382e-02
1.070724886085372418e-01 -6.281768504413776100e-02
1.053569477226119488e-01 -6.913786262157373130e-02
1.019260745670180768e-01 -7.046718741185031831e-02
1.070449382241349667e-01 -6.219200076884590089e-02
1.022322100761812180e-01 -6.309959708596579731e-02
1.022621304146014154e-01 -6.642383869620971382e-02
1.019999510317575186e-01 -6.675808364525437355e-02
9.802850565756671131e-02 -7.377322018146514893e-02
1.038324087567161769e-01 -7.857381831854581833e-02
1.073275021917652339e-01 -7.503460533916950226e-02
1.008873139217030257e-01 -7.801093393936753273e-02
1.018194339994806796e-01 -7.546691480092704296e-02
1.010840819508302957e-01 -7.200901350006461143e-02
1.067967363924253732e-01 -6.952130282297730446e-02
1.000863178924191743e-01 -6.487314309924840927e-02
1.053037806705106050e-01 -6.364894006401300430e-02
1.006916831538546830e-01 -6.048217765055596828e-02
1.035813759372103959e-01 -5.325804254971444607e-02
1.048671398602891713e-01 -5.922115570865571499e-02
1.053047332970891148e-01 -6.229969975538551807e-02
1.060090277169365436e-01 -6.183688997407443821e-02
1.034495984495151788e-01 -6.584528324310667813e-02
1.038183604541700333e-01 -6.731161885545589030e-02
9.963080866145901382e-02 -7.299007792607881129e-02
1.021491859282832593e-01 -6.615981497452594340e-02
1.015534667239990085e-01 -7.164173471392132342e-02
9.574605998932383955e-02 -6.710708970786072314e-02
1.015640158148016781e-01 -6.765363327576778829e-02
9.937628111219964921e-02 -6.436323755769990385e-02
1.042520579358097166e-01 -7.022669314756058156e-02
9.715864839381538332e-02 -6.538294683559797704e-02
9.699212851410266012e-02 -6.011206525727175176e-02
1.004834931663936004e-01 -6.670485631912015378e-02
