9.666269747158240389e-02 -7.561880007957709482e-02
9.833774529397487640e-03 -9.941903874278068542e-03
1.964284200221300125e-02 -1.989983301609754562e-02
2.953379880636930466e-02 -2.965241763740777969e-02
3.950985986739397049e-02 -3.960944619029760361e-02
4.941060673445463181e-02 -4.954008013010025024e-02
5.911758542060852051e-02 -5.828608758747577667e-02
6.722158286720514297e-02 -6.748105306178331375e-02
7.567706424742937088e-02 -7.545685581862926483e-02
8.333411859348416328e-02 -7.905194209888577461e-02
9.152358910068869591e-02 -7.784024404827505350e-02
9.190521616255864501e-02 -8.168563048820942640e-02
8.880461234366521239e-02 -8.847543306183069944e-02
8.716117340372875333e-02 -8.483666961546987295e-02
8.809006767114624381e-02 -8.195918041747063398e-02
9.235898073529824615e-02 -7.759928412269800901e-02
9.687284374376758933e-02 -8.439454890321940184e-02
9.089327085530385375e-02 -8.082659833598881960e-02
9.272144298302009702e-02 -8.239521854557096958e-02
9.154754917835816741e-02 -8.002918842248618603e-02
8.817131578689441085e-02 -8.268480584956705570e-02
9.188730054302141070e-02 -8.485041419044137001e-02
8.691505127353593707e-02 -8.734315494075417519e-02
8.727686814381740987e-02 -8.714829543896485120e-02
8.785823159269057214e-02 -9.175673192657995969e-02
8.995570344268344343e-02 -8.266173554875422269e-02
8.906245933030731976e-02 -9.116280703165102750e-02
9.155405269120819867e-02 -8.526904247992206365e-02
9.242540699779056013e-02 -8.175176051736343652e-02
9.007360445684753358e-02 -8.472978016652632505e-02
8.626862880191765726e-02 -7.873578714497853070e-02
8.532137991278432310e-02 -8.347447561391163617e-02
9.390055490075610578e-02 -8.370613442093599588e-02
9.118890840909443796e-02 -8.870596993074286729e-02
9.539271317771635950e-02 -8.653508890711236745e-02
9.116951920441351831e-02 -8.140797140367794782e-02
9.814517930499278009e-02 -8.817596286826301366e-02
9.353011552593670785e-02 -8.890788642747793347e-02
9.659881526022218168e-02 -8.399499034567270428e-02
1.004501384159084409e-01 -8.566089720989111811e-02
1.005550437839701772e-01 -9.385235702211502939e-02
9.790180216077715158e-02 -9.442176851734984666e-02
1.002911090617999434e-01 -1.000300026062177494e-01
9.546347323339432478e-02 -9.245539079711306840e-02
1.020984667120501399e-01 -8.492152621329296380e-02
1.054949300596490502e-01 -7.934249327809084207e-02
1.002044110791757703e-01 -8.284944338083732873e-02
1.015930025605484843e-01 -8.696128563315141946e-02
9.351000364404171705e-02 -8.508257831272203475e-02
1.018680528504773974e-01 -8.085501271125394851e-02
1.036668947199359536e-01 -7.915500488888937980e-02
