8.948604304078862370e-02 -9.463460653912081355e-02
9.731302037835121155e-03 -9.984443895518779755e-03
1.942017022520303726e-02 -1.985069643706083298e-02
2.906182222068309784e-02 -2.982604876160621643e-02
3.901705332100391388e-02 -3.964691795408725739e-02
4.899924062192440033e-02 -4.954829066991806030e-02
5.878655239939689636e-02 -5.880175437778234482e-02
6.792436167597770691e-02 -6.859393417835235596e-02
7.719701807945966721e-02 -7.824941538274288177e-02
8.385344315320253372e-02 -8.681862242519855499e-02
8.405848551774397492e-02 -9.609068930149078369e-02
8.570945780957117677e-02 -9.806447033770382404e-02
8.422997879097238183e-02 -1.050273177679628134e-01
8.391629147808998823e-02 -1.058382752817124128e-01
8.163929160218685865e-02 -1.027631608303636312e-01
7.964960404206067324e-02 -1.101936760824173689e-01
8.640496910084038973e-02 -1.035771591123193502e-01
8.371215232182294130e-02 -9.881567326374351978e-02
7.576415699440985918e-02 -1.042989261914044619e-01
7.486320124007761478e-02 -1.037319524912163615e-01
7.647928339429199696e-02 -1.061636026715859771e-01
7.865410554222762585e-02 -1.055783196352422237e-01
8.393533923663198948e-02 -1.086589402984827757e-01
7.828663452528417110e-02 -1.116489695850759745e-01
8.039206126704812050e-02 -1.092177701648324728e-01
8.098741387948393822e-02 -1.019952206406742334e-01
7.977554062381386757e-02 -1.007093673106282949e-01
7.684417883865535259e-02 -1.036249296739697456e-01
8.348894841037690639e-02 -1.050785897532477975e-01
8.588460320606827736e-02 -1.073347612982615829e-01
8.263311861082911491e-02 -1.059012636542320251e-01
7.949754968285560608e-02 -1.007673391140997410e-01
8.096478111110627651e-02 -1.004972132504917681e-01
8.153076178859919310e-02 -1.046024109818972647e-01
8.465062256436794996e-02 -1.069238579948432744e-01
9.104342095088213682e-02 -1.092466796399094164e-01
8.819747262168675661e-02 -1.090530956716975197e-01
8.401211316231638193e-02 -1.144356544682523236e-01
8.759971905965358019e-02 -1.182662054052343592e-01
8.887151884846389294e-02 -1.187912287277868018e-01
8.263127249665558338e-02 -1.172663428442319855e-01
8.240968568134121597e-02 -1.180535217135911807e-01
8.157810193370096385e-02 -1.145200678001856431e-01
8.393634643289260566e-02 -1.173428627516841516e-01
8.384700681926915422e-02 -1.114427554275607690e-01
8.187681533308932558e-02 -1.052622557472204790e-01
8.936978181736776605e-02 -9.963779336248990148e-02
8.839939258905360475e-02 -9.946599966497160494e-02
8.553412234323332086e-02 -1.006189871404785663e-01
8.269314331846544519e-02 -1.063988919195253402e-01
8.080011295533040538e-02 -9.991671031457372010e-02
