9.686538338711483953e-02 -7.484144724582804387e-02
9.994519874453544617e-03 -9.897518903017044067e-03
1.990727242082357407e-02 -1.957310177385807037e-02
2.915783226490020752e-02 -2.950447704643011093e-02
3.909303061664104462e-02 -3.940548282116651535e-02
4.821305815130472183e-02 -4.921779967844486237e-02
5.818582605570554733e-02 -5.859782919287681580e-02
6.717835366725921631e-02 -6.834632530808448792e-02
7.590691931545734406e-02 -7.521864539012312889e-02
8.550270553678274155e-02 -8.177274977788329124e-02
8.701731672044843435e-02 -8.537849085405468941e-02
9.222707373555749655e-02 -8.104104548692703247e-02
8.662985207047313452e-02 -8.970508258789777756e-02
8.516801777295768261e-02 -9.073173324577510357e-02
8.963371231220662594e-02 -8.991375012556090951e-02
9.685454540885984898e-02 -9.366335655795410275e-02
1.001119748689234257e-01 -9.493584599113091826e-02
9.226462943479418755e-02 -9.115310286870226264e-02
9.197211070568300784e-02 -9.580704005202278495e-02
9.292018695850856602e-02 -1.013650651439093053e-01
9.018713890691287816e-02 -9.325620712479576468e-02
8.938227358157746494e-02 -9.948453161632642150e-02
9.157334032352082431e-02 -9.461441164603456855e-02
9.649578246171586215e-02 -8.710016164695844054e-02
9.285784114035777748e-02 -8.795693371212109923e-02
9.320247042342089117e-02 -9.145533054834231734e-02
8.952517443685792387e-02 -8.844635466812178493e-02
9.184011150500737131e-02 -9.351222374243661761e-02
9.026890687528066337e-02 -9.000801778165623546e-02
8.940623814123682678e-02 -9.015874601027462631e-02
9.298538250732235610e-02 -9.402025061717722565e-02
9.362913770019076765e-02 -9.212763632240239531e-02
9.693835777579806745e-02 -9.482480726728681475e-02
9.924454483552835882e-02 -9.367133224441204220e-02
9.739194551366381347e-02 -8.994191967940423638e-02
9.391330528887920082e-02 -8.802939149609301239e-02
9.638652132707647979e-02 -8.916105063690338284e-02
1.041518335405271500e-01 -8.728251735738012940e-02
1.015636382799129933e-01 -8.688174646522384137e-02
9.792970164562575519e-02 -9.376706501643639058e-02
1.033411379612516612e-01 -9.059938338759820908e-02
9.847619148786179721e-02 -9.031657605373766273e-02
1.011384925513993949e-01 -8.718065299035515636e-02
9.825233134324662387e-02 -9.253826444910373539e-02
9.426479038666002452e-02 -8.735061842889990658e-02
9.081617902847938240e-02 -8.599272450373973697e-02
9.542210746440105140e-02 -8.442768301756586879e-02
9.652469560387544334e-02 -9.145166246162261814e-02
9.283893878455273807e-02 -8.532114593253936619e-02
9.530612870003096759e-02 -8.484847751969937235e-02
9.742335716146044433e-02 -8.896824579278472811e-02
