9.074149373795924178e-02 -9.202358045435805878e-02
9.272648952901363373e-03 -9.734504856169223785e-03
1.924314163625240326e-02 -1.958434283733367920e-02
2.901409473270177841e-02 -2.946156263351440430e-02
3.886608220636844635e-02 -3.918725252151489258e-02
4.865741543471813202e-02 -4.881453514099121094e-02
5.840505287051200867e-02 -5.873235408216714859e-02
6.745705008506774902e-02 -6.830488145351409912e-02
7.476427545771002769e-02 -7.762463111430406570e-02
8.225955814123153687e-02 -8.646742999553680420e-02
8.100875653326511383e-02 -9.544694796204566956e-02
8.745111245661973953e-02 -1.006354670971632004e-01
9.042111760936677456e-02 -1.015580319217406213e-01
8.772375714033842087e-02 -1.055339555605314672e-01
8.184590376913547516e-02 -1.107262255973182619e-01
8.359489950817078352e-02 -1.052976920618675649e-01
8.498043683357536793e-02 -1.024280634592287242e-01
8.108123228885233402e-02 -1.089146991143934429e-01
7.993595523294061422e-02 -1.100776208913885057e-01
8.227930462453514338e-02 -1.141315870336256921e-01
8.257005846826359630e-02 -1.097361067659221590e-01
8.362741867313161492e-02 -1.083917908254079521e-01
8.833402075106278062e-02 -1.132830215501599014e-01
9.247685462469235063e-02 -1.109890415682457387e-01
9.272756605059839785e-02 -1.108615520060993731e-01
8.771455465466715395e-02 -1.160469814785756171e-01
8.342160648317076266e-02 -1.112200781353749335e-01
8.017654917784966528e-02 -1.119833668344654143e-01
7.895952547551132739e-02 -1.160062868730165064e-01
8.053613142692483962e-02 -1.128473170683719218e-01
7.772767139249481261e-02 -1.157809384749270976e-01
8.141433671698905528e-02 -1.109169992269016802e-01
8.164038017275743186e-02 -1.130669399281032383e-01
7.882851918111555278e-02 -1.117319866898469627e-01
7.854579944978468120e-02 -1.142819711822085083e-01
7.227063315804116428e-02 -1.156980964005924761e-01
6.930435329559259117e-02 -1.180791135993786156e-01
7.156677517923526466e-02 -1.121389030595310032e-01
7.526269691879861057e-02 -1.182518641580827534e-01
7.429994901758618653e-02 -1.143183250096626580e-01
7.464756927220150828e-02 -1.181495993514545262e-01
7.613844709703698754e-02 -1.224974196520633996e-01
7.560869475128129125e-02 -1.228708898415789008e-01
7.397558895172551274e-02 -1.227119910181500018e-01
7.539758406346663833e-02 -1.184766195365227759e-01
7.856953464215621352e-02 -1.177974818274378777e-01
7.991141156526282430e-02 -1.171264002914540470e-01
8.432776975678279996e-02 -1.236874947207979858e-01
8.307584334397688508e-02 -1.216102085891179740e-01
8.303050805261591449e-02 -1.178172551444731653e-01
8.818356568372109905e-02 -1.183450345997698605e-01
