7.901347752986725981e-02 -1.112933142246131379e-01
9.992092847824096680e-03 -8.857470937073230743e-03
1.972638443112373352e-02 -1.880763750523328781e-02
2.950140088796615601e-02 -2.870512846857309341e-02
3.945595584809780121e-02 -3.856622427701950073e-02
4.944208450615406036e-02 -4.843235667794942856e-02
5.943703651428222656e-02 -5.841354560106992722e-02
6.923554651439189911e-02 -6.823169440031051636e-02
7.849933579564094543e-02 -7.756661158055067062e-02
8.774696290493011475e-02 -8.743050415068864822e-02
8.449836191721260548e-02 -9.625707007944583893e-02
9.072581469081342220e-02 -1.059908475726842880e-01
9.693988715298473835e-02 -1.131321885623037815e-01
9.568360249977558851e-02 -1.183224045671522617e-01
9.983570722397416830e-02 -1.169255899731069803e-01
9.365259797777980566e-02 -1.232335476670414209e-01
9.423159988364204764e-02 -1.287705155555158854e-01
9.311757952673360705e-02 -1.233193741645663977e-01
9.304854840593179688e-02 -1.243529019411653280e-01
9.223016353644197807e-02 -1.217278873082250357e-01
9.546181887708371505e-02 -1.192386781331151724e-01
9.398862698435550556e-02 -1.173860715935006738e-01
9.067335959844058380e-02 -1.191812204197049141e-01
9.399274343013530597e-02 -1.230965438298881054e-01
9.892782082170015201e-02 -1.183279086835682392e-01
9.439810856565600261e-02 -1.166578700067475438e-01
8.740297078475123271e-02 -1.241512201959267259e-01
8.758300900080939755e-02 -1.294447189429774880e-01
8.280839196959277615e-02 -1.245798143791034818e-01
8.969118943059584126e-02 -1.299761646660044789e-01
9.456448893615743145e-02 -1.271537895081564784e-01
8.918722983071347699e-02 -1.298791308654472232e-01
8.705542454117676243e-02 -1.207732612965628505e-01
8.518785316118737683e-02 -1.249817748321220279e-01
8.470594486425397918e-02 -1.189937827875837684e-01
9.146739658172009513e-02 -1.180395720293745399e-01
8.812868245149729773e-02 -1.170234153978526592e-01
8.801014073833357543e-02 -1.110743177123367786e-01
8.883408315887209028e-02 -1.147749351803213358e-01
8.680761697178240865e-02 -1.148133444112318102e-01
8.726795435359235853e-02 -1.226999422979133669e-01
9.008522749354597181e-02 -1.238206133457424585e-01
8.988649189996067435e-02 -1.225526783127861563e-01
8.708989738079253584e-02 -1.174092277396994177e-01
8.843453765439335257e-02 -1.120944962349312846e-01
8.543023538368288428e-02 -1.188558599424140994e-01
9.336073581653181463e-02 -1.192431435083562974e-01
8.745634114893618971e-02 -1.213513735310698394e-01
9.094141029345337301e-02 -1.271923884378338698e-01
9.049211467208806425e-02 -1.241352305842156056e-01
8.475190984609071165e-02 -1.248595408724213485e-01
