1.018739913629485710e-02 -1.494797310955242597e-01
-5.413366016000509262e-03 -9.969755075871944427e-03
-1.068717055022716522e-02 -1.992681901901960373e-02
-1.699955482035875320e-02 -2.953298855572938919e-02
-2.249207906424999237e-02 -3.950779139995574951e-02
-2.761829737573862076e-02 -4.933231137692928314e-02
-3.217798098921775818e-02 -5.914580449461936951e-02
-2.437095297500491142e-02 -6.901544705033302307e-02
-2.455026937241200358e-02 -7.883176952600479126e-02
-2.143712250108364969e-02 -8.880134392529726028e-02
-1.709386568109039217e-02 -9.859190881252288818e-02
-1.740744629933033139e-02 -1.084494646638631821e-01
-1.875719348026905209e-02 -1.177263502031564713e-01
-1.195380384160671383e-02 -1.275853756815195084e-01
-1.038675488962326199e-02 -1.374258659780025482e-01
-1.471746260358486325e-02 -1.393404821865260601e-01
-1.445724304358009249e-02 -1.449810615740716457e-01
-1.107373299601022154e-02 -1.499999999999999944e-01
-1.175028919533360749e-02 -1.499999999999999944e-01
-9.750577344675548375e-03 -1.499999999999999944e-01
-4.860535918851383030e-03 -1.499999999999999944e-01
-6.910845128004439175e-03 -1.499999999999999944e-01
-5.149496908416040242e-03 -1.499999999999999944e-01
-1.133337216742802411e-02 -1.499999999999999944e-01
-3.342172785778529942e-03 -1.499999999999999944e-01
-2.060041137156076729e-03 -1.499999999999999944e-01
-8.181867451639845967e-04 -1.499999999999999944e-01
-1.164571978733874857e-03 -1.499999999999999944e-01
4.052076357766054571e-03 -1.499999999999999944e-01
4.528937352006323636e-03 -1.499999999999999944e-01
4.268534205039031804e-03 -1.499999999999999944e-01
6.145836043287999928e-03 -1.499999999999999944e-01
6.695455245790071785e-03 -1.499999999999999944e-01
4.632067008060403168e-03 -1.491420531296171192e-01
-8.863442781148478389e-04 -1.499999999999999944e-01
-5.799134189146570861e-03 -1.484142518369480912e-01
-1.004939938138704747e-02 -1.499999999999999944e-01
-2.913555523264221847e-03 -1.498608923051506225e-01
5.143075977684929967e-04 -1.499999999999999944e-01
5.195850579184480011e-03 -1.499999999999999944e-01
-2.452070286381058395e-03 -1.499999999999999944e-01
1.187423040391877294e-04 -1.499999999999999944e-01
-5.486326219397597015e-03 -1.499999999999999944e-01
-4.148980413447134197e-03 -1.495155072247143779e-01
-1.987038922379724681e-03 -1.499999999999999944e-01
-4.393233728478662670e-03 -1.499999999999999944e-01
1.563061683555133641e-03 -1.499999999999999944e-01
6.876617859234102070e-03 -1.499999999999999944e-01
5.737200408475473523e-04 -1.499999999999999944e-01
5.387256111134774983e-03 -1.499999999999999944e-01
3.840838049654848874e-03 -1.499999999999999944e-01
