-8.698740564451776930e-03 -1.496209411348455309e-01
-9.365788660943508148e-03 -9.939366020262241364e-03
-1.827753894031047821e-02 -1.990402955561876297e-02
-2.749146893620491028e-02 -2.987321373075246811e-02
-3.158035362139344215e-02 -3.980780206620693207e-02
-3.434525220654904842e-02 -4.910003393888473511e-02
-3.243603918235749006e-02 -5.908188503235578537e-02
-3.594517556484788656e-02 -6.895351503044366837e-02
-2.832830313127487898e-02 -7.889939565211534500e-02
-2.191376814153045416e-02 -8.863479271531105042e-02
-1.474048977252095938e-02 -9.840897936373949051e-02
-1.461362009285949171e-02 -1.083434773609042168e-01
-1.534695809823460877e-02 -1.181797888129949570e-01
-7.793509663315489888e-03 -1.279419437050819397e-01
-4.951322945998981595e-03 -1.339635956101119518e-01
-1.023226141114719212e-02 -1.433602045290172100e-01
-7.491117838071659207e-03 -1.499999999999999944e-01
-1.381078737904317677e-02 -1.499999999999999944e-01
-1.432134702918119729e-02 -1.499999999999999944e-01
-1.181276634451933205e-02 -1.499999999999999944e-01
-1.848681576666422188e-02 -1.499999999999999944e-01
-1.186447290820069611e-02 -1.499999999999999944e-01
-1.018732346710748971e-02 -1.499999999999999944e-01
-1.149680887465365231e-02 -1.499999999999999944e-01
-3.708169824676588178e-03 -1.499999999999999944e-01
-1.093873477657325566e-02 -1.499999999999999944e-01
-1.377399291959591210e-02 -1.499999999999999944e-01
-1.285445064422674477e-02 -1.499999999999999944e-01
-1.202392429695464671e-02 -1.499999999999999944e-01
-1.496105632395483553e-02 -1.499999999999999944e-01
-1.121004312881268561e-02 -1.499999999999999944e-01
-7.121639006072655320e-03 -1.499999999999999944e-01
-1.007997841225005686e-02 -1.499999999999999944e-01
-8.399603102589026093e-03 -1.499999999999999944e-01
-1.007157473941333592e-02 -1.499999999999999944e-01
-1.729568562586791813e-02 -1.499999999999999944e-01
-1.580946650938130915e-02 -1.499999999999999944e-01
-1.005076515139080584e-02 -1.499999999999999944e-01
-9.706729528261348605e-03 -1.499999999999999944e-01
-1.305309400777332485e-02 -1.499999999999999944e-01
-1.205646150629036129e-02 -1.499999999999999944e-01
-1.055050847935490310e-02 -1.499999999999999944e-01
-1.587142815697006881e-02 -1.499999999999999944e-01
-2.072545394184999168e-02 -1.499999999999999944e-01
-1.224989045294933021e-02 -1.499999999999999944e-01
-1.150781023898161948e-02 -1.499999999999999944e-01
-1.080465185805223882e-02 -1.499999999999999944e-01
-1.562086454941891134e-02 -1.499999999999999944e-01
-8.412481838604435325e-03 -1.499999999999999944e-01
-1.436140862642787397e-02 -1.499999999999999944e-01
-1.536148154991678894e-02 -1.499999999999999944e-01
