-2.859636279586616134e-02 -1.458240472681424649e-01
-9.834114462137222290e-03 -9.956925176084041595e-03
-1.895626354962587357e-02 -1.992837712168693542e-02
-2.443009894341230392e-02 -2.984891459345817566e-02
-3.265473339706659317e-02 -3.981155809015035629e-02
-3.974093357101082802e-02 -4.977907706052064896e-02
-3.779987501911818981e-02 -5.976394098252058029e-02
-3.372937138192355633e-02 -6.964808143675327301e-02
-3.690874390304088593e-02 -7.946068700402975082e-02
-3.704303555423393846e-02 -8.928511012345552444e-02
-3.250455675879493356e-02 -9.904696699231863022e-02
-3.067027387442067266e-02 -1.088024992495775223e-01
-2.532678173156455159e-02 -1.186370551586151123e-01
-2.562734292587265372e-02 -1.284807706251740456e-01
-2.236902521690353751e-02 -1.382391080260276794e-01
-1.826185168465599418e-02 -1.478606322780251503e-01
-2.487840451067313552e-02 -1.499999999999999944e-01
-2.436994592426344752e-02 -1.499999999999999944e-01
-1.810348097933456302e-02 -1.499999999999999944e-01
-1.313204615144059062e-02 -1.499999999999999944e-01
-1.736276707379147410e-02 -1.499999999999999944e-01
-2.223234268603846431e-02 -1.499999999999999944e-01
-1.538972248090431094e-02 -1.499999999999999944e-01
-1.491137614357285202e-02 -1.499999999999999944e-01
-1.665779339964501560e-02 -1.499999999999999944e-01
-2.224370415206067264e-02 -1.499999999999999944e-01
-1.675232124398462474e-02 -1.499999999999999944e-01
-1.769984673592261970e-02 -1.499999999999999944e-01
-1.097771499189548194e-02 -1.499999999999999944e-01
-1.926156107219867408e-02 -1.499999999999999944e-01
-1.810380522510968149e-02 -1.499999999999999944e-01
-1.754104203428141773e-02 -1.499999999999999944e-01
-1.918471520184539258e-02 -1.499999999999999944e-01
-1.634321533492766321e-02 -1.499999999999999944e-01
-2.305289948708377779e-02 -1.499999999999999944e-01
-1.532796848914586008e-02 -1.499999999999999944e-01
-1.710248758899979293e-02 -1.499999999999999944e-01
-1.758386602159589529e-02 -1.499999999999999944e-01
-1.753396143612917513e-02 -1.499999999999999944e-01
-1.764857222588034347e-02 -1.499999999999999944e-01
-1.867020538338692859e-02 -1.499999999999999944e-01
-1.337061113008530810e-02 -1.499999999999999944e-01
-2.086503140890272334e-02 -1.499999999999999944e-01
-2.381909534597070888e-02 -1.499999999999999944e-01
-2.659880847932072356e-02 -1.499999999999999944e-01
-1.945149771199794486e-02 -1.499999999999999944e-01
-1.642947679647477344e-02 -1.499999999999999944e-01
-2.068647545092971995e-02 -1.499999999999999944e-01
-1.998186513810651377e-02 -1.499999999999999944e-01
-2.045843407540814951e-02 -1.499999999999999944e-01
-2.387860563612775877e-02 -1.499999999999999944e-01
