-6.300328135848480560e-02 -1.276568511984847443e-01
-9.918627329170703888e-03 -9.967676363885402679e-03
-1.985977310687303543e-02 -1.963336486369371414e-02
-2.961273770779371262e-02 -2.941005490720272064e-02
-3.945496678352355957e-02 -3.940196894109249115e-02
-4.914318677037954330e-02 -4.933208134025335312e-02
-5.906008183956146240e-02 -5.922747775912284851e-02
-6.714076641947031021e-02 -6.912381667643785477e-02
-7.216026959940791130e-02 -7.868503592908382416e-02
-7.057131710462272167e-02 -8.854172751307487488e-02
-6.840763636864721775e-02 -9.812117367982864380e-02
-6.661042640917003155e-02 -1.068411841988563538e-01
-6.979982438497245312e-02 -1.147182518616318703e-01
-6.580245099030435085e-02 -1.161394543014466763e-01
-5.741811613552272320e-02 -1.230114400386810303e-01
-6.199104408733546734e-02 -1.301825833506882191e-01
-5.543915159069001675e-02 -1.265516234561800957e-01
-5.965472734533250332e-02 -1.268989623640663922e-01
-5.866430560126900673e-02 -1.228112399694509804e-01
-5.582418967969715595e-02 -1.265407931641675532e-01
-5.933395912870764732e-02 -1.287805592291988432e-01
-5.290729599073529243e-02 -1.271939420257695019e-01
-5.588874407112598419e-02 -1.239521098905242980e-01
-6.282354053109884262e-02 -1.278184222173877060e-01
-5.783723201602697372e-02 -1.245959781226702034e-01
-6.470388825982809067e-02 -1.253737710649147630e-01
-5.705384816974401474e-02 -1.302566939266398549e-01
-5.649750318843871355e-02 -1.250870042713358998e-01
-5.202620581258088350e-02 -1.255424636183306575e-01
-5.871514102909713984e-02 -1.261318802135065198e-01
-5.397592077497392893e-02 -1.247713207267224789e-01
-5.283595458604395390e-02 -1.284746467135846615e-01
-5.586787895299494267e-02 -1.289038126706145704e-01
-5.294734076596796513e-02 -1.234081144793890417e-01
-5.906523880548775196e-02 -1.265462787705473602e-01
-5.529940431006252766e-02 -1.230338690220378339e-01
-5.477408238220959902e-02 -1.227516601211391389e-01
-5.372377461753785610e-02 -1.230054179613944143e-01
-5.606116657145321369e-02 -1.234589008090551943e-01
-5.121454852633178234e-02 -1.274669341219123453e-01
-5.263513582758605480e-02 -1.296368470357265323e-01
-4.596495651639997959e-02 -1.287891188112553209e-01
-5.028738384135067463e-02 -1.270102825656067580e-01
-5.152207321953028440e-02 -1.290446933999191970e-01
-4.562484694179147482e-02 -1.342131155251991004e-01
-5.321879859548062086e-02 -1.255350797146093100e-01
-5.406802170909941196e-02 -1.244707136356737465e-01
-5.074095376767218113e-02 -1.246441315597621724e-01
-5.332345538772642612e-02 -1.307597627601353452e-01
-5.259497102815657854e-02 -1.252032655029324815e-01
-5.442822328768670559e-02 -1.280718044581590220e-01
