-6.276153720913549283e-02 -1.278523567218507462e-01
-9.948676452040672302e-03 -9.975993074476718903e-03
-1.992148254066705704e-02 -1.996175851672887802e-02
-2.860314957797527313e-02 -2.989295125007629395e-02
-3.674240596592426300e-02 -3.983857482671737671e-02
-4.654344636946916580e-02 -4.970485344529151917e-02
-5.534894950687885284e-02 -5.961169395595788956e-02
-6.459031905978918076e-02 -6.951243150979280472e-02
-7.141272816807031631e-02 -7.947016786783933640e-02
-6.640023039653897285e-02 -8.935117255896329880e-02
-6.750401481986045837e-02 -9.850332234054803848e-02
-6.768920943432021886e-02 -1.080131363123655319e-01
-5.870922394387889653e-02 -1.154735907912254333e-01
-6.344196312420535833e-02 -1.222363747656345367e-01
-6.376640549569856375e-02 -1.167189613915979862e-01
-6.346963754913304001e-02 -1.180183885153383017e-01
-6.591385406500194222e-02 -1.202886798419058323e-01
-6.659078040684107691e-02 -1.247575227171182632e-01
-6.014935208077076823e-02 -1.192566719837486744e-01
-6.282428327540401369e-02 -1.169823710806667805e-01
-6.366696181066799909e-02 -1.215854566544294357e-01
-6.118187606625724584e-02 -1.230393146397545934e-01
-6.499448227987159044e-02 -1.221542143030092120e-01
-6.976057677820790559e-02 -1.196916186017915606e-01
-6.890731364546809345e-02 -1.188383435364812613e-01
-6.106460619776044041e-02 -1.173019646666944027e-01
-6.155594695883337408e-02 -1.174688075989251956e-01
-5.873166189121548086e-02 -1.238961682975059375e-01
-5.328043109329883009e-02 -1.162376378051703796e-01
-6.051768526958767325e-02 -1.242646549217170104e-01
-6.609517360629979521e-02 -1.193421517818933353e-01
-6.241431274975184351e-02 -1.216757462680106983e-01
-5.767662079597357661e-02 -1.196629607438808307e-01
-5.817993132222909480e-02 -1.134722770511871204e-01
-5.569806073617655784e-02 -1.198195821925764903e-01
-6.172610710200387985e-02 -1.251669607445364818e-01
-6.117659046140033752e-02 -1.215957198146497831e-01
-5.940456113603431731e-02 -1.218789813428884372e-01
-6.173937938001472503e-02 -1.182852862257277593e-01
-6.505230379116255790e-02 -1.228025765012716874e-01
-5.959083542984444648e-02 -1.242458069318672642e-01
-6.464476122346241027e-02 -1.259074830304598436e-01
-5.954512285825330764e-02 -1.268929164943983778e-01
-6.035155519202817231e-02 -1.230358929460635409e-01
-5.613753800571430475e-02 -1.272872598929097876e-01
-5.684327364724595100e-02 -1.194786775013199076e-01
-5.712146819860208780e-02 -1.266625049611320719e-01
-6.493828581005800515e-02 -1.262209692649776116e-01
-6.191707654215861112e-02 -1.220278504915768281e-01
-5.359846698411274701e-02 -1.301359112985664979e-01
-5.706291664682794362e-02 -1.241453585826093331e-01
