-4.539460157615350655e-02 -1.391029188508562942e-01
-9.900158271193504333e-03 -9.901844896376132965e-03
-1.925870496779680252e-02 -1.982949580997228622e-02
-2.798149455338716507e-02 -2.980771195143461227e-02
-3.753970842808485031e-02 -3.974576294422149658e-02
-4.716885089874267578e-02 -4.970297869294881821e-02
-5.666453484445810318e-02 -5.965845845639705658e-02
-6.322072027251124382e-02 -6.946885492652654648e-02
-7.051685033366084099e-02 -7.934955693781375885e-02
-6.643892219290137291e-02 -8.931444212794303894e-02
-6.329863239079713821e-02 -9.926838707178831100e-02
-6.508489709813147783e-02 -1.090863402932882309e-01
-6.290987844113260508e-02 -1.190675040706992149e-01
-5.963967449497431517e-02 -1.290347995236515999e-01
-5.792314780410379171e-02 -1.383220208808779716e-01
-5.507763999048620462e-02 -1.472208229824900627e-01
-5.966594687197357416e-02 -1.499999999999999944e-01
-5.934446564060635865e-02 -1.499999999999999944e-01
-5.714917069417424500e-02 -1.499999999999999944e-01
-5.699779874703381211e-02 -1.499999999999999944e-01
-5.884878874348942190e-02 -1.499999999999999944e-01
-5.897473990626167506e-02 -1.481927550397813265e-01
-6.344039719260763377e-02 -1.499999999999999944e-01
-6.010034382052253932e-02 -1.499999999999999944e-01
-5.641460003971587867e-02 -1.499999999999999944e-01
-5.958559624559711665e-02 -1.499999999999999944e-01
-6.714358953468035907e-02 -1.499999999999999944e-01
-5.919134923897217959e-02 -1.444243645295500700e-01
-5.782373614783864468e-02 -1.499999999999999944e-01
-5.328753210778813809e-02 -1.499999999999999944e-01
-5.025399678561370820e-02 -1.499999999999999944e-01
-5.464726981881540269e-02 -1.499999999999999944e-01
-4.941604209307115525e-02 -1.499999999999999944e-01
-5.624339233327191323e-02 -1.499999999999999944e-01
-4.843095938849728554e-02 -1.499999999999999944e-01
-4.837170283644809388e-02 -1.497673118195962105e-01
-5.233964830040349625e-02 -1.499999999999999944e-01
-5.534130235537304543e-02 -1.490931535139679853e-01
-5.198157572522177361e-02 -1.433997406624257509e-01
-5.265833518569706939e-02 -1.499999999999999944e-01
-4.483935597454546951e-02 -1.499999999999999944e-01
-5.332458566044806503e-02 -1.499999999999999944e-01
-5.673202883554040454e-02 -1.499999999999999944e-01
-5.000880977240740322e-02 -1.439367249608039800e-01
-5.047515709520666860e-02 -1.499999999999999944e-01
-5.283983726621954702e-02 -1.499999999999999944e-01
-5.127816227832227014e-02 -1.499999999999999944e-01
-5.346811865092604421e-02 -1.499999999999999944e-01
-4.717368702040403150e-02 -1.499999999999999944e-01
-5.486256093354313634e-02 -1.499999999999999944e-01
-5.249085765899508260e-02 -1.499999999999999944e-01
