-7.815279274436467971e-02 -1.123870257846644044e-01
-8.767330087721347809e-03 -9.856181219220161438e-03
-1.869461778551340103e-02 -1.983741857111454010e-02
-2.752516511827707291e-02 -2.983359806239604950e-02
-3.722396399825811386e-02 -3.980046045035123825e-02
-4.711345117539167404e-02 -4.967816919088363647e-02
-5.617269035428762436e-02 -5.831545498222112656e-02
-6.529118772596120834e-02 -6.818038597702980042e-02
-7.432404346764087677e-02 -7.756125181913375854e-02
-6.888733012601733208e-02 -8.751206006854772568e-02
-6.079975096508860588e-02 -9.745712112635374069e-02
-6.206428492441773415e-02 -1.071631684899330139e-01
-6.065707653760910034e-02 -1.157783707603812218e-01
-6.077168673073174432e-02 -1.251075882464647293e-01
-5.670998316054465249e-02 -1.344662960618734360e-01
-5.921811378357233480e-02 -1.359985704766586423e-01
-5.453229603153886274e-02 -1.416295679518952966e-01
-4.896430671942653134e-02 -1.367791375378146768e-01
-5.705539510381640866e-02 -1.433936214307323098e-01
-5.367180635948898271e-02 -1.451851874589920044e-01
-5.923773186077596620e-02 -1.435960156377404928e-01
-5.777552747895242646e-02 -1.495671712327748537e-01
-5.519598397222580388e-02 -1.441563095431774855e-01
-5.494442495546536520e-02 -1.442243142664665356e-01
-5.302296678564744070e-02 -1.368883105606073514e-01
-5.128285924001829699e-02 -1.383736523712286726e-01
-5.611367274104850367e-02 -1.468482612544903532e-01
-5.223987164936261252e-02 -1.388762499118456617e-01
-5.121848645649151877e-02 -1.330822779709706083e-01
-4.863777833088533953e-02 -1.392692051740596071e-01
-5.388158496498363093e-02 -1.394084511557593942e-01
-4.825044592871563509e-02 -1.398167548759374768e-01
-4.535810329980449751e-02 -1.440350053890142590e-01
-5.187631684384541586e-02 -1.466604207234922796e-01
-5.772241118393139914e-02 -1.497672793047968298e-01
-6.129347679234342650e-02 -1.487075396871659905e-01
-6.051528215903090313e-02 -1.499999999999999944e-01
-5.796918151463614777e-02 -1.499999999999999944e-01
-5.836749313311884180e-02 -1.499999999999999944e-01
-6.424573114054510370e-02 -1.499999999999999944e-01
-5.739157883363077417e-02 -1.473346805199980680e-01
-5.337012516247341409e-02 -1.458765375195071046e-01
-4.532041916536400095e-02 -1.428829801501706187e-01
-4.752864831971237436e-02 -1.499999999999999944e-01
-5.351120330306002870e-02 -1.454723929986357633e-01
-5.154045442031929269e-02 -1.421698153484612648e-01
-5.131125072512077168e-02 -1.441988075152039472e-01
-5.083601814840221778e-02 -1.499999999999999944e-01
-4.939846028719330207e-02 -1.438924885354936067e-01
-5.270421537716174498e-02 -1.409560943488031570e-01
-5.877250372577691451e-02 -1.419890714809298460e-01
