-6.293450891386373480e-02 -1.277125960689179940e-01
-9.941560216248035431e-03 -9.719992987811565399e-03
-1.975754275918006897e-02 -1.967981643974781036e-02
-2.942118328064680099e-02 -2.961935102939605713e-02
-3.891175426542758942e-02 -3.955674730241298676e-02
-4.747336450964212418e-02 -4.914649575948715210e-02
-5.689681600779294968e-02 -5.903384648263454437e-02
-6.635195389389991760e-02 -6.895688734948635101e-02
-6.606220500543713570e-02 -7.882356923073530197e-02
-7.132979156449437141e-02 -8.879046514630317688e-02
-7.229295850265771151e-02 -9.843647573143243790e-02
-7.609039603266865015e-02 -1.083435332402586937e-01
-7.093113253358751535e-02 -1.178536089137196541e-01
-7.289714820217341185e-02 -1.204739136155694723e-01
-7.057148718740791082e-02 -1.191372293978929520e-01
-7.100259626167826355e-02 -1.217717844992876053e-01
-6.948731988086365163e-02 -1.303223557770252228e-01
-6.714057768112979829e-02 -1.305971981491893530e-01
-6.970081999315880239e-02 -1.294206704478710890e-01
-6.625560959219001234e-02 -1.335868372116237879e-01
-6.816942940349690616e-02 -1.365464432165026665e-01
-6.663938294514082372e-02 -1.336062748450785875e-01
-6.216401336132548749e-02 -1.319258733419701457e-01
-6.523872361867688596e-02 -1.273654325632378459e-01
-6.722032706602476537e-02 -1.236855013994500041e-01
-6.704846303910017014e-02 -1.280441934941336513e-01
-6.751149217598140240e-02 -1.295768786221742630e-01
-6.295171449892222881e-02 -1.311042720917612314e-01
-6.067470018751919270e-02 -1.278969557024538517e-01
-5.980084842303767800e-02 -1.249539644923061132e-01
-5.901855771662667394e-02 -1.301559705752879381e-01
-6.202590052271261811e-02 -1.273068853188306093e-01
-6.113719887798652053e-02 -1.261196215637028217e-01
-5.854214861756190658e-02 -1.254175706417299807e-01
-5.227455956628546119e-02 -1.286721355863846838e-01
-5.440409941365942359e-02 -1.319837333285249770e-01
-6.028533627977594733e-02 -1.292251505074091256e-01
-5.736594850895926356e-02 -1.309236706583760679e-01
-5.917404225328937173e-02 -1.289147557108663023e-01
-6.547522410983219743e-02 -1.294075055047869682e-01
-6.469604477752000093e-02 -1.331577950622886419e-01
-6.350967753678560257e-02 -1.272888786625117064e-01
-6.539993931073695421e-02 -1.251016778405755758e-01
-5.898746207822114229e-02 -1.271233875304460526e-01
-5.998698424082249403e-02 -1.293215935584157705e-01
-5.667910061310976744e-02 -1.336521583143621683e-01
-6.117611133959144354e-02 -1.305702822282910347e-01
-6.148180327727459371e-02 -1.283277720212936401e-01
-6.288522444083355367e-02 -1.325330762192606926e-01
-6.044684848166070879e-02 -1.336297510424628854e-01
-6.386129217571578920e-02 -1.384035177761688828e-01
