-4.439246274222632960e-02 -1.396064130053203955e-01
-9.978258050978183746e-03 -9.885256178677082062e-03
-1.950797811150550842e-02 -1.985935494303703308e-02
-2.942974399775266647e-02 -2.984373085200786591e-02
-3.918876219540834427e-02 -3.940749075263738632e-02
-4.827031027525663376e-02 -4.896367248147726059e-02
-5.818934552371501923e-02 -5.891780089586973190e-02
-6.676315423101186752e-02 -6.844283826649188995e-02
-7.100247731432318687e-02 -7.401870796456933022e-02
-6.593674793839454651e-02 -8.366618538275361061e-02
-6.933863530866801739e-02 -9.327921411022543907e-02
-6.868222722550854087e-02 -1.027371953241527081e-01
-6.087184458738192916e-02 -1.122212153859436512e-01
-6.212447426514700055e-02 -1.209929999895393848e-01
-5.780522275017574430e-02 -1.240814945194870234e-01
-5.582891876110807061e-02 -1.290443430189043283e-01
-5.771264183567836881e-02 -1.250606069806963205e-01
-6.040769565152004361e-02 -1.257942972006276250e-01
-6.047150778613286093e-02 -1.313572331564500928e-01
-5.310611433378653601e-02 -1.264884659321978688e-01
-5.876460119179682806e-02 -1.250886317575350404e-01
-5.878161712462315336e-02 -1.226831277599558234e-01
-6.498751862818608060e-02 -1.288289482472464442e-01
-6.275720106350490823e-02 -1.324960159836336970e-01
-5.823517315002391115e-02 -1.289360261289402843e-01
-6.665545053692767397e-02 -1.265187395038083196e-01
-6.489522048650542274e-02 -1.280867898603901267e-01
-6.605445690365741029e-02 -1.250585044035688043e-01
-7.092276638286421075e-02 -1.198201846564188600e-01
-6.506017412903020158e-02 -1.208779078442603350e-01
-6.974479373457143083e-02 -1.264072356279939413e-01
-6.766732157120713964e-02 -1.304084367584437132e-01
-6.670583904633531347e-02 -1.221857739146798849e-01
-6.609917703462997451e-02 -1.171437695156782866e-01
-6.668181243730941787e-02 -1.208877689205110073e-01
-6.705313624843256548e-02 -1.231102396268397570e-01
-6.764044939336599782e-02 -1.178628948982805014e-01
-6.669901667191879824e-02 -1.179476968100061640e-01
-6.611174997669877484e-02 -1.134180432272842154e-01
-7.134305034560384229e-02 -1.194051710044732317e-01
-6.711705262569012120e-02 -1.207470872759586200e-01
-6.971757463907124475e-02 -1.137896540894871578e-01
-6.418080884759547189e-02 -1.127844683214789256e-01
-7.286154269968392327e-02 -1.145709935663035139e-01
-6.542256731336237863e-02 -1.135231022344669327e-01
-6.516490836656885222e-02 -1.130974022817099467e-01
-6.437423133320407942e-02 -1.170040462311590090e-01
-6.347029115568147972e-02 -1.184591713972622529e-01
-6.136159686866449192e-02 -1.171257094392785802e-01
-6.379506242956267670e-02 -1.182448116742307320e-01
-6.524903543322579935e-02 -1.133927086048061028e-01
