-6.185107099417478521e-02 -1.285776368750903009e-01
-9.900180622935295105e-03 -9.962569922208786011e-03
-1.963459514081478119e-02 -1.985152158886194229e-02
-2.949760109186172485e-02 -2.975101862102746964e-02
-3.764723520725965500e-02 -3.944313805550336838e-02
-4.709974210709333420e-02 -4.931457992643117905e-02
-5.170197505503892899e-02 -5.836723092943429947e-02
-5.836700787767767906e-02 -6.787676829844713211e-02
-5.975551053415983915e-02 -7.223943946883082390e-02
-6.503175606485456228e-02 -8.179266983643174171e-02
-6.236862286459654570e-02 -8.306202583480626345e-02
-5.964710109401494265e-02 -8.150470675900578499e-02
-6.297411059495061636e-02 -8.881580037996172905e-02
-6.655536626931279898e-02 -8.619821234606206417e-02
-6.821810815017670393e-02 -9.172047511674463749e-02
-7.095421396661549807e-02 -8.572575706057250500e-02
-6.925329775549471378e-02 -8.166798739694058895e-02
-6.445527286268770695e-02 -8.492363593541085720e-02
-6.179758161306381226e-02 -9.189271717332303524e-02
-6.670254049822688103e-02 -8.755616680718958378e-02
-6.618637504288926721e-02 -8.364266878925263882e-02
-6.832485488848760724e-02 -8.614107966423034668e-02
-7.229232211830094457e-02 -9.033604571595788002e-02
-6.864353927085176110e-02 -8.407363854348659515e-02
-6.575366534525528550e-02 -9.318418428301811218e-02
-6.533816255978308618e-02 -8.698362996801733971e-02
-6.252031735493801534e-02 -8.884875045623630285e-02
-6.019759466289542615e-02 -8.683043124619871378e-02
-6.782291139825247228e-02 -8.179588208440691233e-02
-6.981752891442738473e-02 -9.032122103963047266e-02
-6.640057833283208311e-02 -9.174830163829028606e-02
-6.480235009803436697e-02 -9.538981504738330841e-02
-7.140615730895660818e-02 -9.277722425758838654e-02
-6.664603864192031324e-02 -8.868860080838203430e-02
-6.512019547517411411e-02 -8.868679478769081470e-02
-6.884048364008776844e-02 -9.595108153303044674e-02
-6.434627107228152454e-02 -9.470178133346962568e-02
-6.072339598904363811e-02 -9.661032496956067916e-02
-6.227719606249593198e-02 -9.952582539995091793e-02
-6.014748508459888399e-02 -9.531234093014973041e-02
-6.211514104506932199e-02 -9.303340390329140064e-02
-5.816323528415523469e-02 -8.735372014348286029e-02
-6.288071520975790918e-02 -8.408307265494840976e-02
-6.436647658119909465e-02 -9.058804791425245639e-02
-6.660679748165421188e-02 -8.497946318243521091e-02
-6.623165778000839055e-02 -9.101594593380468723e-02
-6.581406286568380892e-02 -9.809075556700008747e-02
-6.518529230379499495e-02 -9.266281714667456981e-02
-6.471375282853841782e-02 -8.827250851322787639e-02
-6.438177285599522293e-02 -8.703131687366294500e-02
-6.210041695157997310e-02 -9.015175995887148019e-02
