-6.229310881070374006e-02 -1.282276715408162127e-01
-9.989848360419273376e-03 -9.979600086808204651e-03
-1.808270439505577087e-02 -1.994740962982177734e-02
-2.785740140825510025e-02 -2.980239037424325943e-02
-3.776731435209512711e-02 -3.976115770637989044e-02
-4.760011658072471619e-02 -4.950691387057304382e-02
-5.755208246409893036e-02 -5.945781338959932327e-02
-6.705043558031320572e-02 -6.941540725529193878e-02
-6.663482074509374797e-02 -7.936271280050277710e-02
-6.304154518875293434e-02 -8.897012192755937576e-02
-6.836762066814117134e-02 -9.891642909497022629e-02
-6.254797123256139457e-02 -1.084916014224290848e-01
-5.598673617350868881e-02 -1.179814105853438377e-01
-6.343123942497186363e-02 -1.278968174010515213e-01
-5.721568615990690887e-02 -1.374276457354426384e-01
-5.088105119648389518e-02 -1.386620143894106150e-01
-5.053784884512424469e-02 -1.468998643103986979e-01
-5.533390073105692863e-02 -1.499999999999999944e-01
-5.294010066427290440e-02 -1.499999999999999944e-01
-5.590804480016231537e-02 -1.499999999999999944e-01
-5.506357573904097080e-02 -1.480124009307473842e-01
-5.539429627242498100e-02 -1.499999999999999944e-01
-5.721238986006937921e-02 -1.499999999999999944e-01
-4.894675858668051660e-02 -1.499999999999999944e-01
-5.178515784791670740e-02 -1.499999999999999944e-01
-5.378074091277085245e-02 -1.499999999999999944e-01
-5.541240258025936782e-02 -1.499999999999999944e-01
-6.150340122985653579e-02 -1.499999999999999944e-01
-6.121620818157680333e-02 -1.463293171022087280e-01
-5.520781225641258061e-02 -1.499999999999999944e-01
-5.117499644984491169e-02 -1.499999999999999944e-01
-5.569543692399747670e-02 -1.499999999999999944e-01
-5.866332261939533055e-02 -1.499999999999999944e-01
-5.580222819116897881e-02 -1.499999999999999944e-01
-5.363275393028743565e-02 -1.449629236944019739e-01
-5.690742100705392659e-02 -1.449915595534548574e-01
-5.532307832618243992e-02 -1.480033070496574454e-01
-5.906974503886885941e-02 -1.499999999999999944e-01
-6.341496368986554444e-02 -1.499999999999999944e-01
-5.516402309876866639e-02 -1.492580199614167158e-01
-6.404583880794234574e-02 -1.466461753938347046e-01
-6.207317791995592415e-02 -1.493281953502446358e-01
-5.550475118798203766e-02 -1.499999999999999944e-01
-5.290888066519983113e-02 -1.499999999999999944e-01
-5.848518435959704220e-02 -1.499999999999999944e-01
-5.320979657699353993e-02 -1.499999999999999944e-01
-5.752955845673568547e-02 -1.499999999999999944e-01
-6.236065601115114987e-02 -1.499999999999999944e-01
-5.887480478850193322e-02 -1.499999999999999944e-01
-6.063663345412351191e-02 -1.499999999999999944e-01
-5.723737823427654803e-02 -1.499999999999999944e-01
