-7.668801790627051418e-02 -1.141790301391936990e-01
-9.517549537122249603e-03 -9.879219345748424530e-03
-1.893789041787385941e-02 -1.981096994131803513e-02
-2.852518018335103989e-02 -2.936200052499771118e-02
-3.805317636579275131e-02 -3.918359056115150452e-02
-4.430018831044435501e-02 -4.906132724136114120e-02
-5.411694943904876709e-02 -5.898107495158910751e-02
-6.281524151563644409e-02 -6.604537926614284515e-02
-6.832149624824523926e-02 -7.592001184821128845e-02
-6.932468176819384098e-02 -8.585863653570413589e-02
-7.690756465308368206e-02 -9.549093432724475861e-02
-6.862843479029834270e-02 -1.030860417522490025e-01
-7.138986187055706978e-02 -1.114265811629593372e-01
-7.479327754117548466e-02 -1.167178289033472538e-01
-7.550794258713722229e-02 -1.203141538426280022e-01
-7.670460827648639679e-02 -1.207172528957016766e-01
-7.810909033287316561e-02 -1.155693394248373806e-01
-7.583158032502979040e-02 -1.093614323181100190e-01
-7.634365634294226766e-02 -1.144711578381247818e-01
-7.200769038172438741e-02 -1.188628583331592381e-01
-7.420251757139340043e-02 -1.108428224106319249e-01
-7.788080960744991899e-02 -1.116962786763906479e-01
-7.654821308096870780e-02 -1.182458307594060898e-01
-7.181464595487341285e-02 -1.224432182498276234e-01
-7.747682876652106643e-02 -1.189468814991414547e-01
-7.589865155750885606e-02 -1.153286721091717482e-01
-7.599901624053018168e-02 -1.208757699932903051e-01
-7.915911923191742972e-02 -1.171917309984564781e-01
-8.338357095635728911e-02 -1.200512410141527653e-01
-8.392703533900203183e-02 -1.169356573373079300e-01
-8.561101614759536460e-02 -1.177757591358385980e-01
-7.784550602809758857e-02 -1.114196655689738691e-01
-7.615332306158961728e-02 -1.136274150921963155e-01
-7.618295908650907222e-02 -1.149421409354545176e-01
-7.699552417943777982e-02 -1.085528284893371165e-01
-7.560854318762721960e-02 -1.114767152466811240e-01
-7.645291568223910872e-02 -1.182702361256815493e-01
-7.471535809781926218e-02 -1.233244818286038935e-01
-7.655363565754669253e-02 -1.180797955603338778e-01
-7.364162466001289431e-02 -1.162246284657157958e-01
-7.208162570350395981e-02 -1.191702751093544066e-01
-7.201174164401891176e-02 -1.217030217521823943e-01
-7.612675318705441896e-02 -1.197958627599291503e-01
-7.481038344303669874e-02 -1.178700773161835968e-01
-6.897938537622394506e-02 -1.165588860749267042e-01
-6.879842567468585912e-02 -1.132512408657930791e-01
-6.774517947087588254e-02 -1.139579719165340066e-01
-6.993758429052832071e-02 -1.152372807264328003e-01
-7.171889645724149887e-02 -1.197363338433206081e-01
-6.888404250821622554e-02 -1.183139119530096650e-01
-6.856298805541882757e-02 -1.170811377232894301e-01
