-7.602247925130022066e-02 -1.149660114866660754e-01
-9.681468829512596130e-03 -9.976174682378768921e-03
-1.939439214766025543e-02 -1.973371021449565887e-02
-2.929419744759798050e-02 -2.965913433581590652e-02
-3.925875667482614517e-02 -3.936622943729162216e-02
-4.915775917470455170e-02 -4.929604101926088333e-02
-5.841038841754198074e-02 -5.919390637427568436e-02
-6.533866096287965775e-02 -6.738048233091831207e-02
-7.385049480944871902e-02 -7.715862803161144257e-02
-8.180134929716587067e-02 -8.288166439160704613e-02
-7.366821449249982834e-02 -9.020777046680450439e-02
-7.473482110071927309e-02 -9.458106709644198418e-02
-6.917187210638076067e-02 -9.358877851627767086e-02
-7.245755183976143599e-02 -8.941579167731106281e-02
-7.533460471313446760e-02 -9.564866055734455585e-02
-7.118302339222282171e-02 -9.268080117180943489e-02
-7.272863620892167091e-02 -9.920626552775502205e-02
-7.156620256137102842e-02 -9.302445081993937492e-02
-7.613171439152210951e-02 -8.911438845098018646e-02
-7.399364688899368048e-02 -8.878335737972520292e-02
-7.698887318838387728e-02 -9.408764130785129964e-02
-7.082094170618802309e-02 -9.820846244110725820e-02
-7.441312458831816912e-02 -9.542290153331123292e-02
-6.854469480458647013e-02 -9.224563193856738508e-02
-7.319062587339431047e-02 -9.470459711155854166e-02
-6.959021103102713823e-02 -9.314839736907742918e-02
-7.683030620682984591e-02 -9.570884713320992887e-02
-7.563062442932277918e-02 -9.476060283486731350e-02
-7.521188989630900323e-02 -8.616582260583527386e-02
-7.603689681855030358e-02 -9.473763642017729580e-02
-7.011029290151782334e-02 -9.624357629218138754e-02
-7.329578444478102028e-02 -9.530965020530857146e-02
-6.703081892919726670e-02 -9.268138711922802031e-02
-7.421177698415704072e-02 -9.621512462035752833e-02
-7.876285843667574227e-02 -9.345870316610671580e-02
-7.779611882870085537e-02 -8.877403699443675578e-02
-7.722902714158408344e-02 -8.749404994887299836e-02
-7.742277799115981907e-02 -8.849542940151877701e-02
-7.898608861432876438e-02 -9.310214853030629456e-02
-7.545107310579624027e-02 -8.812102189403958619e-02
-7.269919115060474724e-02 -8.630812636693008244e-02
-6.759369569772388786e-02 -8.829888401669450104e-02
-7.123340373800601810e-02 -8.853820619697216898e-02
-7.091444499383214861e-02 -8.394174418936017901e-02
-7.343873615900520235e-02 -8.779913374746683985e-02
-6.874082471767906100e-02 -9.233458807284478098e-02
-6.737261325179133564e-02 -8.581388789752963930e-02
-6.439586206397507340e-02 -8.069226007501129061e-02
-7.050799707940313965e-02 -8.946423653105739504e-02
-7.033597926783841103e-02 -9.491959215665701777e-02
-6.358487361285369843e-02 -8.944985039124730974e-02
