-6.383329277584856576e-02 -1.269760399955258690e-01
-9.702473878860473633e-03 -9.917393326759338379e-03
-1.802168507128953934e-02 -1.989504881203174591e-02
-2.765131928026676178e-02 -2.985936310142278671e-02
-3.517847973853349686e-02 -3.981710877269506454e-02
-4.411671590059995651e-02 -4.957726225256919861e-02
-5.174455884844064713e-02 -5.945584550499916077e-02
-5.946481879800558090e-02 -6.920969486236572266e-02
-5.449336580932140350e-02 -7.900997716933488846e-02
-5.720135313458740711e-02 -8.897053357213735580e-02
-5.433670501224696636e-02 -9.832801111042499542e-02
-5.446919302630703896e-02 -1.070635570213198662e-01
-4.747997892263811082e-02 -1.170341251417994499e-01
-4.656875743239652365e-02 -1.268034065142273903e-01
-5.550905088603030890e-02 -1.365625252947211266e-01
-5.047588473826181144e-02 -1.464981194585561752e-01
-5.584434563934337348e-02 -1.499999999999999944e-01
-5.785867436497937888e-02 -1.499999999999999944e-01
-5.729057655844371766e-02 -1.499999999999999944e-01
-6.244598764169495553e-02 -1.499999999999999944e-01
-6.310792283329647034e-02 -1.499999999999999944e-01
-5.518177633348386735e-02 -1.499999999999999944e-01
-5.337892779789399356e-02 -1.499999999999999944e-01
-5.973492869816254824e-02 -1.499999999999999944e-01
-5.846780903812032193e-02 -1.499999999999999944e-01
-5.805312165466602892e-02 -1.499999999999999944e-01
-5.259734041464980692e-02 -1.499999999999999944e-01
-5.311950213217642158e-02 -1.499999999999999944e-01
-5.526865609863307327e-02 -1.499999999999999944e-01
-4.870681893953587860e-02 -1.497776258096564506e-01
-5.251225233951117843e-02 -1.499999999999999944e-01
-5.099201678240206093e-02 -1.499999999999999944e-01
-5.561060654872562736e-02 -1.499999999999999944e-01
-5.353864432254340500e-02 -1.499999999999999944e-01
-5.821985808142926544e-02 -1.499999999999999944e-01
-5.220452659705188125e-02 -1.499999999999999944e-01
-4.405787643918301910e-02 -1.499999999999999944e-01
-4.933451498800422996e-02 -1.499999999999999944e-01
-5.512633045145776123e-02 -1.499999999999999944e-01
-5.446636279521044344e-02 -1.499999999999999944e-01
-5.673383780231233686e-02 -1.499999999999999944e-01
-5.589413949928712100e-02 -1.499999999999999944e-01
-5.481253580364864320e-02 -1.499999999999999944e-01
-5.617071459710132331e-02 -1.499999999999999944e-01
-5.351375885948073119e-02 -1.499999999999999944e-01
-5.442326013871934265e-02 -1.499999999999999944e-01
-5.013605170825030655e-02 -1.499999999999999944e-01
-5.701404959836509079e-02 -1.499999999999999944e-01
-5.287543834128882736e-02 -1.499999999999999944e-01
-4.998355206043925136e-02 -1.499999999999999944e-01
-5.347827133664395660e-02 -1.499999999999999944e-01
