-9.600702620513189289e-02 -7.797589889971580368e-02
-9.820068255066871643e-03 -9.143943898379802704e-03
-1.971926726400852203e-02 -1.881396397948265076e-02
-2.970028202980756760e-02 -2.337019890546798706e-02
-3.967149555683135986e-02 -2.945783035829663277e-02
-4.961399082094430923e-02 -3.561744885519146919e-02
-5.767777934670448303e-02 -4.269736213609576225e-02
-6.746499985456466675e-02 -3.585270093753933907e-02
-7.739711739122867584e-02 -4.285679571330547333e-02
-8.597929403185844421e-02 -3.429178055375814438e-02
-9.556715469807386398e-02 -3.987773228436708450e-02
-1.025537820532917976e-01 -4.284259001724421978e-02
-1.111532095819711685e-01 -3.827032004483044147e-02
-1.124468258349224925e-01 -3.630262776277959347e-02
-1.100340763805434108e-01 -3.214184357784688473e-02
-1.107427934766747057e-01 -3.129449440166354179e-02
-1.164190150448121130e-01 -3.598579345270991325e-02
-1.080674925469793379e-01 -3.812057897448539734e-02
-1.146492106490768492e-01 -3.364942129701375961e-02
-1.085525248781777918e-01 -3.426660888362675905e-02
-1.117998997797258198e-01 -3.764925233554095030e-02
-1.069005912286229432e-01 -3.892595041543245316e-02
-1.139249017578549683e-01 -3.787960403133183718e-02
-1.056003363919444382e-01 -3.447324631270021200e-02
-1.105791598674841225e-01 -3.740114450920373201e-02
-1.053173023392446339e-01 -4.176256631035357714e-02
-1.074224520125426352e-01 -3.790276858489960432e-02
-1.014083005138672888e-01 -3.227088775020092726e-02
-1.072639087797142565e-01 -3.143342462135478854e-02
-1.023065951303578913e-01 -3.566257673082873225e-02
-1.101512332097627223e-01 -4.063170187873765826e-02
-1.082607539719901979e-01 -3.623345372034236789e-02
-1.040587350144051015e-01 -3.345590358367189765e-02
-1.116721685393713415e-01 -3.832189919194206595e-02
-1.191308986744843423e-01 -4.038074723212048411e-02
-1.119610801688395441e-01 -3.683322778670117259e-02
-1.072834543301723897e-01 -3.726142336381599307e-02
-1.024290052591823041e-01 -3.866864909650757909e-02
-9.881406481144949794e-02 -3.213614347623661160e-02
-1.065342400106601417e-01 -4.050899978028610349e-02
-1.101547541911713779e-01 -3.817478410201147199e-02
-1.115714659099467099e-01 -4.027150553883984685e-02
-1.108860590029507875e-01 -3.547155094565823674e-02
-1.146642973180860281e-01 -3.786701039643958211e-02
-1.131168630672618747e-01 -3.822687760111875832e-02
-1.168420984176918864e-01 -3.142116943490691483e-02
-1.106482174945995212e-01 -3.359373778221197426e-02
-1.163827915443107486e-01 -3.658996245940215886e-02
-1.136293514864519238e-01 -4.154941861634142697e-02
-1.103112326236441731e-01 -3.533822021563537419e-02
-1.130022796569392085e-01 -3.240028003347106278e-02
