-9.967797581285109398e-02 -5.801879902807609291e-02
-9.784814901649951935e-03 9.510292671620845795e-03
-1.968519855290651321e-02 1.722082914784550667e-02
-2.965030446648597717e-02 1.632261282065883279e-02
-3.961088135838508606e-02 1.356282789492979646e-02
-4.956480115652084351e-02 1.387116630212403834e-02
-5.947987362742424011e-02 1.473886924213729799e-02
-6.913110427558422089e-02 1.086577735259197652e-02
-7.911284547299146652e-02 8.282031019916757941e-03
-8.884685020893812180e-02 6.840635760454460979e-03
-9.874806180596351624e-02 8.752286637900397182e-03
-1.033546258695423603e-01 1.783311570761725307e-03
-1.102239876054227352e-01 6.331117096124216914e-03
-1.118268386926501989e-01 3.526827058522030711e-03
-1.132905791746452451e-01 6.646840571193024516e-03
-1.100455891573801637e-01 6.644879578516338370e-03
-1.177357198903337121e-01 6.104124180410508416e-03
-1.139531139051541686e-01 3.723343195360939717e-04
-1.154552736552432179e-01 4.210413136888746521e-03
-1.101356736617162824e-01 5.439800612066392205e-03
-1.128791853552684188e-01 2.269237704012994072e-03
-1.111334380693733692e-01 7.413449633304480813e-03
-1.157340211793780327e-01 9.665110317428116105e-03
-1.182502771262079477e-01 4.809915257055763504e-03
-1.133373321499675512e-01 6.817517738227252266e-03
-1.133605839222582290e-01 9.407781699110273621e-03
-1.059720615394326160e-01 5.366661754806045792e-03
-1.103062263227911899e-01 6.582583353292648098e-03
-1.078912978064181516e-01 4.966142989133004448e-03
-1.143781737428071210e-01 -1.207975268926020362e-03
-1.170510020110668847e-01 6.440584483925704262e-03
-1.110891107473435113e-01 5.832144461010102532e-03
-1.122671643042849610e-01 3.136114386279587052e-03
-1.142939701912837336e-01 1.513967459459308884e-03
-1.147595974853174994e-01 4.619080975089673302e-03
-1.072857962226407835e-01 7.078679570895474171e-04
-1.135752802019851515e-01 -4.604436094268749002e-05
-1.102842528143810341e-01 1.471101184279177687e-03
-1.037260659741150448e-01 -1.165874424486901262e-03
-1.102595629872666905e-01 1.072041568249915144e-03
-1.156533777484582970e-01 -2.552231895833756425e-03
-1.070515678966330597e-01 -5.726687434162158752e-04
-1.130415846364485333e-01 -3.445746033548857667e-03
-1.129243697232595878e-01 4.752812617425661301e-04
-1.151691705181292491e-01 4.157410579637144110e-03
-1.100581844530097442e-01 -3.382675238981391885e-03
-1.156891418813756900e-01 2.475744689718339941e-03
-1.100187783322326140e-01 9.824343667332868790e-04
-1.112962232164136367e-01 -2.856057026519920328e-03
-1.107777021552465158e-01 -1.411730429254021146e-03
-1.073371646652958589e-01 1.392414089195881388e-03
