-9.500686910650733841e-02 -1.879591657204167376e-02
-6.828753743320703506e-03 9.831204079091548920e-03
-7.466876297257840633e-03 1.972847618162631989e-02
-6.843118462711572647e-03 2.952327579259872437e-02
-8.080121013335883617e-03 3.916679229587316513e-02
-1.496869407128542662e-02 4.882886260747909546e-02
-1.554531592410057783e-02 5.813912022858858109e-02
-2.254526445176452398e-02 5.611479445360600948e-02
-2.625843940768390894e-02 6.131357350386679173e-02
-2.690933999838307500e-02 6.444443017244338989e-02
-2.427157951751723886e-02 6.812320975586771965e-02
-2.657680754782631993e-02 7.226973539218306541e-02
-3.453503531636670232e-02 7.655032025650143623e-02
-3.417859715409576893e-02 7.624986217706464231e-02
-3.759048017673194408e-02 8.119217082276009023e-02
-3.734516297117806971e-02 7.918207705370150506e-02
-3.338225270272232592e-02 7.086105816415511072e-02
-3.272562529309652746e-02 6.331392875290475786e-02
-2.972983996733091772e-02 7.106178844696842134e-02
-3.585779535933397710e-02 6.844059130526147783e-02
-3.111411686404608190e-02 6.816809377050958574e-02
-2.828924669302068651e-02 6.703984466730616987e-02
-2.006532935774885118e-02 7.270971973775885999e-02
-2.088564957375638187e-02 7.024664952768944204e-02
-2.854866205598227680e-02 7.251323884702287614e-02
-2.636041582445614040e-02 7.573842335841618478e-02
-3.255427160183899105e-02 7.255947994417510927e-02
-2.703775835107080638e-02 7.044477746239863336e-02
-2.384240829269401729e-02 7.815619729808531702e-02
-2.247113196062855422e-02 7.101631196564994752e-02
-2.585135886329226196e-02 7.005823109648190439e-02
-2.316746066207997501e-02 7.047035190043970942e-02
-2.638187582488171756e-02 6.729970982996746898e-02
-2.187306105042807758e-02 6.720652154763229191e-02
-2.874102347414009273e-02 6.195501706679351628e-02
-3.051975413109175861e-02 6.674492734600789845e-02
-3.459375069360248744e-02 6.339476539869792759e-02
-3.350763485650531948e-02 6.562757331994362175e-02
-3.003612344036810100e-02 6.901805943925864995e-02
-2.180432897876016796e-02 7.054130025790072978e-02
-2.515663832309655845e-02 7.343339631916023791e-02
-2.654665670706890523e-02 7.945448477403260767e-02
-2.891684797941707075e-02 7.999483184539712965e-02
-2.770176678313873708e-02 7.531412193202413619e-02
-1.947371251299045980e-02 7.928747139521874487e-02
-1.773665318614803255e-02 7.721124906674958766e-02
-2.063109641312621534e-02 7.488901159376837313e-02
-1.925097356433980167e-02 8.085701466188766062e-02
-1.607212444650940597e-02 8.509901017532683909e-02
-2.019529111566953361e-02 7.823072178871370852e-02
-1.370495950686745346e-02 8.191950307809747756e-02
