-8.701733449896750794e-02 -7.254274833885451801e-04
-9.924524463713169098e-03 9.703862480819225311e-03
-1.959768496453762054e-02 1.961789838969707489e-02
-2.845777105540037155e-02 2.835950814187526703e-02
-3.459229040890932083e-02 3.792201448231935501e-02
-3.817153489217162132e-02 4.080807021819055080e-02
-4.470692342147231102e-02 4.723343881778419018e-02
-4.874628130346536636e-02 4.562068975064903498e-02
-5.140650691464543343e-02 4.220319550950080156e-02
-5.143906058583525009e-02 4.502991831395775080e-02
-5.214187559977290221e-02 4.129471338819712400e-02
-5.457888367891428061e-02 4.295800009276717901e-02
-5.503943683652323671e-02 5.070500995498150587e-02
-5.210368293410283513e-02 4.680590785574167967e-02
-4.959272993801278062e-02 4.399589693639427423e-02
-4.530790476201218553e-02 4.412853396206628531e-02
-4.841642039900762029e-02 4.086661319888662547e-02
-4.918310778521117754e-02 3.720613759651314467e-02
-5.044966352943447419e-02 4.185929340019356459e-02
-4.792940033439663239e-02 4.649503393738996238e-02
-5.098385688688722439e-02 5.034228348813485354e-02
-5.661368182700243779e-02 4.998816632723901421e-02
-5.154262621726957150e-02 4.935612641565967351e-02
-5.293287114545819350e-02 5.337867811613250524e-02
-5.129138076517847367e-02 5.902164774306584150e-02
-5.368629306394723244e-02 5.396872498386073858e-02
-5.454073397049796768e-02 5.298210955515969545e-02
-5.198704211579752155e-02 5.294483459874754772e-02
-4.508465614708256908e-02 5.421617303363746032e-02
-5.178108478503418155e-02 4.563382037304108962e-02
-5.369591380076599307e-02 5.195585826731985435e-02
-4.755589638443780132e-02 5.464814512379234657e-02
-5.592168301882338710e-02 5.476404754153918475e-02
-5.530050488960114308e-02 5.375306335918139666e-02
-4.850992186766234227e-02 5.361807075678370893e-02
-5.327469901021686383e-02 5.349903193564387038e-02
-5.233599384155240841e-02 5.491222581622423604e-02
-5.289042251024511643e-02 5.709287129138829187e-02
-5.847393976364401169e-02 5.042035063524963334e-02
-5.076196299705770798e-02 4.745230335538508371e-02
-5.265462618626770563e-02 4.692969279858516529e-02
-5.262528878120065201e-02 5.289032631117152050e-02
-5.741553992447734345e-02 4.800939042615937069e-02
-5.621433473606884945e-02 5.343203986558364704e-02
-5.209779861797869671e-02 4.714126507315086201e-02
-4.977371712629974354e-02 4.982415348786162212e-02
-5.571017676447809208e-02 5.215943716029869393e-02
-5.624362104754254688e-02 4.722901638160692528e-02
-5.629121535639569629e-02 5.292431143607245758e-02
-5.555631872448429931e-02 5.399217754165874794e-02
-5.254045245419547427e-02 4.564210325042949989e-02
