-8.714291075112859386e-02 -9.478531986535990161e-04
-9.979855269193649292e-03 -5.289756692945957184e-03
-1.995026040822267532e-02 -1.163083175197243690e-02
-2.992505114525556564e-02 -7.708762772381305695e-03
-3.914827574044466019e-02 -6.369597860611975193e-03
-4.893155954778194427e-02 -3.641413408331573009e-03
-5.872683599591255188e-02 -4.077517922269180417e-03
-6.732851918786764145e-02 9.319521195720881224e-04
-7.562048640102148056e-02 1.594550703885033727e-03
-8.493361063301563263e-02 1.769002759829163551e-03
-9.367870073765516281e-02 4.127599531784653664e-04
-1.010664324276149273e-01 4.498662274272646755e-04
-1.051341346465051174e-01 3.230813828849932179e-03
-9.906048607081174850e-02 -2.199016107624629512e-03
-9.675227710977196693e-02 3.212649313354631886e-03
-9.798717987723648548e-02 -3.306745238660369068e-04
-1.002532846760004759e-01 4.692853508458938450e-04
-9.691744041629135609e-02 2.206786939495941624e-03
-9.999893256463110447e-02 1.715480753773590550e-03
-1.003041935618966818e-01 3.757984082767507061e-03
-9.965582500444725156e-02 3.105341860646149144e-03
-9.798631799640133977e-02 5.892104782105889171e-04
-9.718015091493725777e-02 7.368499351287027821e-03
-9.972233301959931850e-02 9.860240559646626934e-03
-9.709672932513058186e-02 5.714436698326608166e-03
-9.394387737847864628e-02 7.298231063032289967e-03
-8.791322610341012478e-02 1.151064814621349797e-03
-9.292535926215350628e-02 1.859817650256445631e-03
-9.857630101032555103e-02 7.733561760687734932e-04
-9.667193260975182056e-02 5.472627814015140757e-03
-9.641987888608127832e-02 2.136590537702431902e-03
-9.933398093562573195e-02 3.031411204574396834e-03
-1.024007148807868361e-01 -2.584944049885962158e-04
-9.592051373329013586e-02 -1.137354123784461990e-03
-9.557859646156430244e-02 2.807525739626726136e-03
-1.005565105006098747e-01 3.762597156310221180e-03
-9.971865161787718534e-02 2.629503895150264725e-03
-1.005723713315092027e-01 2.190737428463762626e-03
-9.785615553846582770e-02 -7.699551970290485770e-04
-9.950912400381639600e-02 1.488066653109854087e-03
-9.914162917993962765e-02 9.867385633697267622e-04
-9.722260525450110435e-02 3.825092655461048707e-03
-9.710389187966939062e-02 -1.439586314518237486e-03
-9.977945125137921423e-02 -2.287150044139707461e-03
-9.489610230957623571e-02 4.091862905625021085e-03
-9.606343180348630995e-02 2.917131027061259374e-03
-9.862530975078698248e-02 -2.828953802236355841e-05
-9.708078530093189329e-02 5.103715546283638105e-03
-9.128260517900343984e-02 5.493144879437750205e-03
-9.628519181569572538e-02 7.094677563145523891e-03
-9.450322877091821283e-02 3.184875033184653148e-03
