-8.662343877509130763e-02 -3.621456716866588987e-05
-9.865504689514636993e-03 9.528134018182754517e-03
-1.962668728083372116e-02 1.687520975247025490e-02
-2.946094423532485962e-02 1.931041944772005081e-02
-3.925494663417339325e-02 2.530623646453022957e-02
-4.850181750953197479e-02 2.614636271027848125e-02
-5.770132876932621002e-02 3.036078176228329539e-02
-6.039049127139151096e-02 2.706117014167830348e-02
-6.989274010993540287e-02 3.096685506170615554e-02
-7.736352575011551380e-02 3.054973462712951005e-02
-8.234602562151849270e-02 3.195489503559656441e-02
-7.526417844928801060e-02 2.966943316278047860e-02
-8.389333845116198063e-02 2.686797131900675595e-02
-8.465899707516655326e-02 2.811272841063328087e-02
-8.568356692558154464e-02 2.698666558717377484e-02
-8.773899142397567630e-02 2.621403444209136069e-02
-8.481328439665958285e-02 2.693459260626696050e-02
-8.541983913164585829e-02 2.728316176217049360e-02
-8.633477339753881097e-02 2.459318388719111681e-02
-8.327715058112516999e-02 2.303948276676237583e-02
-8.925052179256454110e-02 2.199862769339233637e-02
-8.217331307241693139e-02 2.579838188830763102e-02
-8.820504142204299569e-02 2.455224364530295134e-02
-8.977801928995177150e-02 2.431196958059445024e-02
-8.789673697901889682e-02 2.846048591891303658e-02
-8.997042005648836493e-02 2.779132005525752902e-02
-8.894613216398283839e-02 2.882671350380405784e-02
-9.294332627905532718e-02 2.679849806008860469e-02
-9.151080256560817361e-02 3.344384458614513278e-02
-9.541789029026404023e-02 3.089526918483898044e-02
-9.176382055738940835e-02 3.012960701016709208e-02
-9.387106291251257062e-02 3.274432680336758494e-02
-9.485760977258905768e-02 3.014299174537882209e-02
-8.737570134690031409e-02 3.252021217485889792e-02
-9.556459722807630897e-02 3.131906531052663922e-02
-8.901166770374402404e-02 2.902783715398982167e-02
-8.659033750882372260e-02 2.992549736518412828e-02
-9.521197242429479957e-02 3.620948840398341417e-02
-9.556747419992461801e-02 3.291584912221878767e-02
-9.260527353035286069e-02 3.484498674515634775e-02
-9.887294360669329762e-02 3.083761746529489756e-02
-9.919834084575995803e-02 3.018148121191188693e-02
-1.007948828046210110e-01 3.333825751906260848e-02
-9.438333037542179227e-02 3.352834029647056013e-02
-9.738481749081984162e-02 3.624876054527703673e-02
-9.424573188880458474e-02 3.524733580707106739e-02
-9.757291787536814809e-02 2.869884543179068714e-02
-9.870914212660863996e-02 2.538492380699608475e-02
-1.000091664609499276e-01 2.927021206414792687e-02
-9.280611929716542363e-02 3.009112058498430997e-02
-9.032394347013905644e-02 3.060657078458461910e-02
