-7.666052272132170553e-02 1.421187005603963271e-02
-9.786139242351055145e-03 9.872691705822944641e-03
-1.941747590899467468e-02 1.878929603844881058e-02
-2.890262380242347717e-02 2.387841418385505676e-02
-3.873882535845041275e-02 2.738458942621946335e-02
-4.762236773967742920e-02 2.727093589055584744e-02
-5.432803602889180183e-02 2.412800928141223267e-02
-6.036024214699864388e-02 2.487277409090893343e-02
-6.549201486632227898e-02 2.864004026196198538e-02
-5.899323709309101105e-02 2.336035489133791998e-02
-5.278353486210107803e-02 2.559127804852323607e-02
-6.066744681447744370e-02 2.987279889202909544e-02
-6.280808267183601856e-02 3.136088368046330288e-02
-5.857145157642662525e-02 3.489624261419521645e-02
-5.860169914558355231e-02 2.732782316888915375e-02
-5.576517743065778632e-02 2.230169549147831276e-02
-5.943974650472227950e-02 2.483326447691069916e-02
-6.690435235395852942e-02 2.844221349369036034e-02
-6.694548849736747798e-02 2.617953293520258740e-02
-6.615989450619963463e-02 2.631506793113658205e-02
-6.985838879154471215e-02 2.593293658719630912e-02
-6.482759472237376031e-02 2.761347278283210471e-02
-6.065295571715978440e-02 3.269783093855949119e-02
-6.688335705803183373e-02 2.671465616003843024e-02
-6.889961059459892567e-02 3.166368802340002730e-02
-6.602220824242976960e-02 2.811242419556947425e-02
-7.145356321962026414e-02 3.225160542206140235e-02
-6.436987575398234185e-02 2.738858585507841781e-02
-7.093763379634765442e-02 2.511712921113939956e-02
-6.868757521988300141e-02 3.116092703567119315e-02
-7.292733462782052811e-02 2.974002739210845903e-02
-6.639804905535129365e-02 2.594125830364646390e-02
-7.133405404420045670e-02 2.686675271979765967e-02
-7.751971790821698960e-02 2.363398817396955565e-02
-7.388735497625020798e-02 2.240867767977761105e-02
-6.929315189154294785e-02 2.364387299894588068e-02
-7.418997055174259003e-02 2.724457166186766699e-02
-6.982608679936674889e-02 2.601479733857559040e-02
-6.689523817294684704e-02 2.572746421355986968e-02
-6.876582622317073401e-02 1.984194559190655127e-02
-6.901369810475443956e-02 2.636350910324836150e-02
-6.830876473941316362e-02 2.084779446158790961e-02
-6.481265430011262652e-02 2.492658454139018431e-02
-6.814406383455207106e-02 2.536212877748766914e-02
-7.200936963454296347e-02 2.421938026236603037e-02
-6.746375970215012785e-02 1.971165699796983972e-02
-6.818587532870878931e-02 2.165582337329396978e-02
-6.505379792906751391e-02 2.418610480526695028e-02
-6.883690589711477514e-02 2.047152564773568884e-02
-6.824542159120028373e-02 2.822350178757915273e-02
-6.273089904243533965e-02 2.384398997673997656e-02
