-7.677945037871392042e-02 1.406961838143416799e-02
-9.991038590669631958e-03 9.798550046980381012e-03
-1.996545214205980301e-02 1.911970041692256927e-02
-2.988185267895460129e-02 2.799846138805150986e-02
-3.937980532646179199e-02 2.469687792472541332e-02
-4.912087880074977875e-02 2.227374957874417305e-02
-5.867825169116258621e-02 1.860357588157057762e-02
-6.762756779789924622e-02 9.596003685146570206e-03
-7.534896722063422203e-02 1.243899972178041935e-02
-7.975765923038125038e-02 1.164514874108135700e-02
-8.292446704581379890e-02 7.596072508022189140e-03
-7.636502617970108986e-02 6.144563551060855389e-03
-7.450015423819422722e-02 1.159254217054694891e-02
-8.214401267468929291e-02 9.265692555345594883e-03
-7.695131702348589897e-02 6.538465502671897411e-03
-8.056542440317571163e-02 5.304287537001073360e-03
-8.676027995534241199e-02 9.905317681841552258e-03
-8.311929227784276009e-02 1.243579352740198374e-02
-8.348613083944655955e-02 1.162345020566135645e-02
-7.995359497726894915e-02 4.461608012206852436e-03
-7.747958987602032721e-02 5.199427658226341009e-03
-7.803036537370644510e-02 1.162256015231832862e-02
-8.198175844154320657e-02 7.801671919878572226e-03
-8.759328941232524812e-02 1.050999964354559779e-02
-8.254008865333162248e-02 8.373616670724004507e-03
-8.285206294385716319e-02 5.816072633024305105e-03
-8.309925234061665833e-02 7.303997699636965990e-03
-7.958121460978873074e-02 1.197408820735290647e-02
-8.272552237031050026e-02 7.132239930797368288e-03
-7.891975043457932770e-02 1.280929829226806760e-02
-7.729286435642279685e-02 1.755782152758911252e-02
-8.023466463782824576e-02 9.979533322621136904e-03
-8.222417594515718520e-02 1.562501332955434918e-02
-7.982810857356525958e-02 1.035232498543336987e-02
-8.102796555613167584e-02 1.143805455649271607e-02
-7.430482891504652798e-02 1.261412684107199311e-02
-7.898798587848432362e-02 1.535518706077709794e-02
-8.198656447348184884e-02 1.126814546296373010e-02
-7.950837517273612320e-02 7.816557365003973246e-03
-8.172777740401215851e-02 1.031617593253031373e-02
-7.816808673669584095e-02 9.357307106256484985e-03
-7.438494430971331894e-02 1.351714367046952248e-02
-7.905757779371924698e-02 1.383453363087028265e-02
-8.068248504423536360e-02 1.351033264654688537e-02
-8.490424617775715888e-02 1.152225371333770454e-02
-7.708555940189398825e-02 1.081465717288665473e-02
-7.230777494260109961e-02 1.211595287895761430e-02
-7.867259919294156134e-02 1.722605185932479799e-02
-7.663484048680402339e-02 1.818119719973765314e-02
-8.196748365298844874e-02 1.262257559574209154e-02
-8.585391091764904559e-02 1.010206140927039087e-02
