-6.302206904548875166e-02 2.764160491144969367e-02
-9.981370531022548676e-03 8.047186769545078278e-03
-1.991216465830802917e-02 1.559643214568495750e-02
-2.988779265433549881e-02 1.400978874880820513e-02
-3.982965182512998581e-02 1.295877178199589252e-02
-4.978223331272602081e-02 1.645668689161539078e-02
-5.937239713966846466e-02 9.363410063087940216e-03
-6.398464040830731392e-02 5.071276333183050156e-03
-7.347652548924088478e-02 6.049326504580676556e-03
-7.589044794440269470e-02 3.353957436047494411e-03
-8.257861901074647903e-02 5.559449782595038414e-04
-8.177339605754241347e-02 -2.963033388368785381e-03
-7.700078323250636458e-02 -6.815571221522986889e-03
-7.847816537832841277e-02 -1.602959237061440945e-03
-8.337313256924971938e-02 3.217585501261055470e-03
-8.118454547366127372e-02 6.631943280808627605e-03
-8.010162570280954242e-02 1.041844871360808611e-02
-8.185327152023091912e-02 3.042441909201443195e-03
-7.649162976304069161e-02 7.538375095464289188e-03
-7.291201321640983224e-02 2.608314272947609425e-03
-7.353017176501452923e-02 3.777963574975728989e-03
-7.837617606855928898e-02 9.945493191480636597e-03
-8.131123753264546394e-02 2.248423639684915543e-03
-7.613621931523084641e-02 3.776906058192253113e-03
-7.517838221974670887e-02 -2.141603734344244003e-03
-7.721005473285913467e-02 -1.802834769478067756e-03
-7.695486579905264080e-02 4.478631453821435571e-03
-7.443192528444342315e-02 1.204797445097938180e-03
-7.751293337787501514e-02 -2.565401227911934257e-03
-7.944416251848451793e-02 -9.067536419024690986e-03
-7.893736686673946679e-02 -1.722229731967672706e-03
-7.757732484606094658e-02 7.321959274122491479e-03
-8.441619414952583611e-02 1.115949582890607417e-02
-8.046273121726699173e-02 1.153742027236148715e-02
-7.397946136188693345e-02 8.301592140924185514e-03
-7.945086460676975548e-02 2.786924771498888731e-03
-7.265020374325104058e-02 5.962077237199991941e-03
-7.220570329809561372e-02 6.485090125352144241e-03
-7.578153192298486829e-02 1.082502817735075951e-02
-7.777991943294182420e-02 8.492474444210529327e-03
-7.560964283766224980e-02 8.076763653662055731e-03
-7.847916294122114778e-02 4.510133236180990934e-03
-7.805134941008873284e-02 8.825843397062271833e-03
-7.146696400013752282e-02 3.743995155673474073e-03
-7.443927114945836365e-02 9.664538491051644087e-03
-8.044710502144880593e-02 5.546712491195648909e-03
-7.868256434448994696e-02 -1.896281086374074221e-03
-8.173986888141371310e-02 -1.296100497711449862e-03
-8.472630698815919459e-02 7.281354337465018034e-03
-8.632793618016876280e-02 4.504955781158059835e-03
-7.796250810497440398e-02 2.194917004089802504e-03
