-7.647950733401909229e-02 1.442736187324235309e-02
-9.954757988452911377e-03 -2.321796957403421402e-03
-1.990911271423101425e-02 -7.370192091912031174e-03
-2.985003218054771423e-02 -9.928660001605749130e-03
-3.974503837525844574e-02 -1.497273705899715424e-02
-4.972764756530523300e-02 -1.386328844819217920e-02
-5.968021973967552185e-02 -1.278013980481773615e-02
-6.956216040998697281e-02 -1.671761425677686930e-02
-7.903265580534934998e-02 -1.202449493575841188e-02
-8.826886769384145737e-02 -1.580409507732838392e-02
-9.567725472152233124e-02 -2.057697984855622053e-02
-1.018397076986730099e-01 -2.114126953529193997e-02
-1.061107702553272247e-01 -1.510273740859702229e-02
-9.851120691746473312e-02 -1.279325183713808656e-02
-9.999196627177298069e-02 -7.606248429510742426e-03
-1.042241558898240328e-01 -1.388434885302558541e-02
-9.935380541719496250e-02 -8.111283706966787577e-03
-1.049244685564190149e-01 -9.745168557856231928e-03
-1.017795379739254713e-01 -5.499492923263460398e-03
-1.089137697126716375e-01 -4.988553584553301334e-03
-1.069759989622980356e-01 -5.446440045488998294e-03
-9.830200695432722569e-02 -8.873314800439402461e-03
-1.002141531789675355e-01 -1.586953244986943901e-02
-9.145031182561069727e-02 -1.488997667911462486e-02
-9.455841977614909410e-02 -9.484773705480620265e-03
-1.040350591065362096e-01 -8.299288660055026412e-03
-1.031105517758987844e-01 -1.259976983419619501e-02
-9.802632121136412024e-02 -6.125991552835330367e-03
-1.002260825480334461e-01 -7.529071153840050101e-03
-1.042199630173854530e-01 -1.406989162205718458e-02
-1.050832224427722394e-01 -1.131589719443581998e-02
-1.032328344299457967e-01 -1.077372379950247705e-02
-1.053337342455051839e-01 -1.392642789869569242e-02
-1.011791619821451604e-01 -1.380154902290087193e-02
-9.607462998246774077e-02 -1.888002960185986012e-02
-9.351548546692356467e-02 -1.364214990462642163e-02
-9.347304338371031918e-02 -1.551608768932055682e-02
-1.015753989086078946e-01 -1.881435657560359687e-02
-9.797286810135119595e-02 -1.663103610917460173e-02
-9.989510532250278629e-02 -2.320012175187002867e-02
-9.452631938984268345e-02 -1.747931358113419265e-02
-1.020272626519727055e-01 -1.368825910321902484e-02
-1.006517484529467765e-01 -1.895058462105225772e-02
-1.091446457176061813e-01 -2.292788941122125834e-02
-1.065980754538031761e-01 -1.824752082757186145e-02
-1.021895766934903804e-01 -1.917922245047520846e-02
-1.058275359428080264e-01 -1.896399127144832164e-02
-1.011115163310023490e-01 -1.666842687700409442e-02
-1.074539916335197631e-01 -1.898352366697508842e-02
-9.895567127750837244e-02 -1.415444382291752845e-02
-1.069809831424208824e-01 -1.348275430791545659e-02
