-6.190781011907373760e-02 2.853294242711597317e-02
-9.960782714188098907e-03 9.218025021255016327e-03
-1.990917697548866272e-02 1.638131448999047279e-02
-2.931582741439342499e-02 2.122191479429602623e-02
-3.906357288360595703e-02 2.492124238051474094e-02
-4.898465517908334732e-02 2.318877319339662790e-02
-5.858895648270845413e-02 2.111976069863885641e-02
-6.853017024695873260e-02 1.699657866265624762e-02
-7.839787192642688751e-02 2.246728341560810804e-02
-8.830836322158575058e-02 1.977757376153022051e-02
-9.718382637947797775e-02 1.756266050506383181e-02
-1.064782338216900826e-01 2.122712659183889627e-02
-1.056625120691023767e-01 2.298714686185121536e-02
-1.090485071181319654e-01 2.618309063836932182e-02
-1.160253676935099065e-01 2.096080593764781952e-02
-1.090286550461314619e-01 1.590634183958172798e-02
-1.079731771606020629e-01 1.620500281569547951e-02
-1.007772504235617816e-01 2.051745940116234124e-02
-1.059049346367828548e-01 1.242440126952715218e-02
-1.090450193150900304e-01 1.487774870474822819e-02
-1.036875764257274568e-01 7.455569721059873700e-03
-1.006207649479620159e-01 8.665578585350885987e-03
-1.029281995142810047e-01 8.690608960023382679e-03
-1.009690379141829908e-01 1.163828518838272430e-02
-1.094454097910784185e-01 1.106017735219211318e-02
-1.061648560571484268e-01 7.931922333227703348e-03
-1.021354963886551559e-01 1.265372452689916827e-02
-1.072219141642563045e-01 1.036816416672081687e-02
-1.068087192834354937e-01 1.688218023991794325e-02
-1.061186143197119236e-01 9.687688670965144411e-03
-1.054375883541069925e-01 8.959430215327301994e-03
-1.065147837507538497e-01 7.868696880905190483e-03
-1.067318120039999485e-01 4.859551034314790741e-03
-1.069871594954747707e-01 6.652788903011241928e-03
-1.087014313379768282e-01 1.047015394215122797e-02
-1.084217615716625005e-01 4.760225016070762649e-03
-1.054249592416454107e-01 1.103036170025006868e-02
-1.097882339090574533e-01 1.192124968292773701e-02
-1.129561926063615829e-01 8.289083492854842916e-03
-1.123735143046360463e-01 6.270568705076584592e-03
-1.132221520820166916e-01 3.184587116265902296e-03
-1.120988406182732433e-01 5.270423022011527792e-03
-1.097815445100422949e-01 5.717163414374226704e-03
-1.136840857507195324e-01 2.363759766012663022e-03
-1.117405583790969104e-01 7.997895798325771466e-03
-1.136226310336496681e-01 5.708708635211223736e-03
-1.128630807215813547e-01 6.564135404914850369e-03
-1.147176022932399064e-01 4.277023461327189580e-03
-1.132608051702845842e-01 -1.143669032899197191e-04
-1.103278000664431602e-01 -1.381220670737093315e-03
-1.166245879430789500e-01 2.267134233989054337e-03
