-5.995094044446944853e-02 3.003677117315314837e-02
-9.779562242329120636e-03 9.841379709541797638e-03
-1.889292523264884949e-02 1.638743560761213303e-02
-2.832506038248538971e-02 2.590805664658546448e-02
-3.820790722966194153e-02 3.415662143379449844e-02
-4.403517022728919983e-02 3.947850316762924194e-02
-5.028565600514411926e-02 3.860536788124591112e-02
-5.668422207236289978e-02 3.670915227849036455e-02
-6.328620342537760735e-02 3.560831351205706596e-02
-6.121157086454331875e-02 3.082411224022507668e-02
-5.529557284899055958e-02 3.392536332830786705e-02
-5.462957918643951416e-02 3.140357322990894318e-02
-5.614135565701872110e-02 2.741099847480654716e-02
-5.663190962513908744e-02 3.524734685197472572e-02
-6.255753285950049758e-02 3.445281338645145297e-02
-6.761711457511410117e-02 2.956951007945463061e-02
-6.063041783636435866e-02 2.610554097918793559e-02
-6.169095373479649425e-02 3.394710383145138621e-02
-6.322761747287586331e-02 2.991041511995717883e-02
-6.525556958513334394e-02 2.993493766189203598e-02
-6.865420081885531545e-02 3.186124883723095991e-02
-6.977083365200087428e-02 2.741416910794214346e-02
-6.576340942410752177e-02 2.756434776893001981e-02
-6.649643211858347058e-02 2.931955426538479514e-02
-7.201528252335265279e-02 2.950362890624091960e-02
-7.218439341522753239e-02 2.456398104914114811e-02
-6.519017484970390797e-02 2.367008186774910428e-02
-6.541977610322646797e-02 2.915607660906971432e-02
-6.765458660083822906e-02 3.529095265912474133e-02
-7.137953580240719020e-02 3.313173994320095517e-02
-7.259120405069552362e-02 3.026848670924664475e-02
-6.943581401719711721e-02 2.789098199355066754e-02
-6.998926578671671450e-02 2.818632778144092299e-02
-6.407974931062199175e-02 2.500000968939275481e-02
-6.833541058585979044e-02 2.447137312628910877e-02
-6.081591165275312960e-02 2.192932676189229824e-02
-6.701510623679496348e-02 2.045254659969941713e-02
-6.786229446879588068e-02 2.792453830261365511e-02
-6.652392106479965150e-02 2.603611775339231826e-02
-5.940221282071433961e-02 2.525905199945555069e-02
-5.902711840462870896e-02 2.786554402337060310e-02
-6.339783014846034348e-02 2.897843666505650617e-02
-6.583738492918200791e-02 3.056953015402541496e-02
-5.839997137081809342e-02 2.687411668375716545e-02
-6.516159957391209900e-02 2.628330176594317891e-02
-5.829047065344639122e-02 2.818222227870137431e-02
-6.372586477664299309e-02 3.153419657974154688e-02
-5.799940347787924111e-02 3.736459627180011012e-02
-6.346822230261750519e-02 3.168563382132560946e-02
-6.795219730702228844e-02 2.923899609959335066e-02
-6.389761788886971772e-02 3.121579601793200709e-02
