-4.558809024689083889e-02 3.900407871351367628e-02
-8.918191306293010712e-03 9.695699438452720642e-03
-1.882270071655511856e-02 1.937051489949226379e-02
-2.843878604471683502e-02 2.883656229823827744e-02
-3.829369321465492249e-02 3.481278149411082268e-02
-4.782728850841522217e-02 3.875268436968326569e-02
-5.524485697969794273e-02 4.108791076578199863e-02
-6.198758259415626526e-02 3.825383982621133327e-02
-6.706869136542081833e-02 3.139191609807312489e-02
-6.227018870413303375e-02 3.716976358555257320e-02
-6.232171453302726150e-02 3.481767605990171432e-02
-6.700771761825308204e-02 3.391134034609422088e-02
-6.833093537716194987e-02 2.978797437390312552e-02
-6.781929748831316829e-02 3.361642122035846114e-02
-6.939200469059869647e-02 3.046818490838631988e-02
-6.308009958593174815e-02 3.608378156786784530e-02
-6.846537970704957843e-02 3.061313967918977141e-02
-6.715703633381053805e-02 2.849872218212112784e-02
-7.028500334126874804e-02 3.468803636496886611e-02
-6.860637798672541976e-02 2.973248058697208762e-02
-7.079139834968373179e-02 3.606093901908025146e-02
-6.727896694792434573e-02 3.413260000525042415e-02
-6.417552492348477244e-02 3.107512852875515819e-02
-6.973073183326050639e-02 2.494059287710115314e-02
-6.891846476355567575e-02 3.333223768277093768e-02
-6.476715166354551911e-02 3.057687584077939391e-02
-6.880910607287660241e-02 3.118852199986577034e-02
-6.588762259343639016e-02 2.925969846546649933e-02
-6.608355020580347627e-02 2.803356118965893984e-02
-7.080672004667576402e-02 2.992957178503274918e-02
-6.852770199475344270e-02 3.339536255225539207e-02
-6.182520998117979616e-02 3.268206963548436761e-02
-6.645086895150598139e-02 3.100961464224383235e-02
-6.720502387906890363e-02 3.580002085072919726e-02
-6.668263922620099038e-02 3.051376686198636889e-02
-6.381972452800255269e-02 2.566945197759196162e-02
-6.278887896041851491e-02 2.535299543524160981e-02
-6.454331536951940507e-02 3.173007961595430970e-02
-5.819339181471150368e-02 3.440509556094184518e-02
-5.813399102044058964e-02 3.017517231637611985e-02
-6.191773019236279652e-02 3.251443646149709821e-02
-6.561223096650792286e-02 3.432861220790073276e-02
-6.167700472724391147e-02 2.763085876358672976e-02
-5.863352963206125423e-02 3.337064030347391963e-02
-5.804741929023293778e-02 3.281975869322195649e-02
-5.478295275679556653e-02 3.573612571926787496e-02
-5.942774900904623792e-02 3.404112398857250810e-02
-5.654246953054098412e-02 3.319136204663664103e-02
-6.403109977691201493e-02 3.504547651391476393e-02
-6.277995299751637504e-02 3.487184818368405104e-02
-5.822751227970002219e-02 2.876730856951326132e-02
