-6.293825581175811756e-02 2.770956154408346639e-02
-9.875961579382419586e-03 7.459404412657022476e-03
-1.985114626586437225e-02 1.308242790400981903e-02
-2.984363958239555359e-02 1.159060234203934669e-02
-3.980771638453006744e-02 1.031967462040483952e-02
-4.746153810992836952e-02 6.663524080067873001e-03
-5.715881148353219032e-02 1.443026680499315262e-02
-6.527752568945288658e-02 8.686074521392583847e-03
-7.215663651004433632e-02 4.686268977820873260e-03
-7.919595018029212952e-02 -1.411978621035814285e-03
-8.117330144159495831e-02 6.668582092970609665e-03
-7.618075911886990070e-02 3.755953395739197731e-03
-7.820903905667364597e-02 7.989041740074753761e-03
-7.621496217325329781e-02 6.820860435254871845e-03
-8.140688762068748474e-02 8.606058894656598568e-03
-8.507456281222403049e-02 1.481167960446327925e-02
-9.255070961080491543e-02 5.532199400477111340e-03
-8.536348654888570309e-02 2.690412220545113087e-03
-8.848978951573371887e-02 5.430535529740154743e-03
-8.798099949490278959e-02 8.217077585868537426e-03
-8.410608617123216391e-02 6.042012362740933895e-03
-8.231219626031816006e-02 4.094137344509363174e-03
-8.688535518012940884e-02 5.448543233796954155e-03
-8.632053801557049155e-02 3.945791511796414852e-03
-8.930149249499663711e-02 7.727366290055215359e-03
-8.274761488428339362e-02 1.029173459392040968e-02
-8.274469783304994053e-02 1.035880173731129616e-02
-8.885271174608533329e-02 5.494719531270675361e-03
-8.625337460784976429e-02 1.416490573319606483e-03
-8.782099585755531734e-02 7.390973783913068473e-03
-9.311926996110742039e-02 8.197943141567520797e-03
-9.775396136342351383e-02 2.823392322170548141e-03
-9.121553951649730152e-02 5.658351277816109359e-03
-8.770062753706042713e-02 4.459349016542546451e-03
-9.434977292789881176e-02 9.070151994819752872e-03
-8.833204980714981502e-02 1.132547603629063815e-02
-9.256352510078613705e-02 9.634999485570006073e-03
-8.893262597507600731e-02 4.164424652117304504e-03
-8.431899782976870483e-02 6.758673742297105491e-03
-9.208365951440100616e-02 1.127535400155466050e-02
-9.669245875215892738e-02 6.269185498240403831e-03
-9.122240965029959625e-02 1.133575166750233620e-02
-8.737379152103130764e-02 6.966167289647273719e-03
-8.486616101822619385e-02 1.333731475460808724e-02
-8.514818455682870990e-02 1.654132774274330586e-02
-8.837385195897695667e-02 1.175654579128604382e-02
-8.530984539197561389e-02 1.614376709039788693e-02
-7.971649104388234264e-02 1.327495688747148961e-02
-8.264329610051390773e-02 1.263189075689297169e-02
-8.791917748408195621e-02 1.326262472139205784e-02
-9.316869498820778972e-02 1.039622897224035114e-02
