1.564951692946863968e-02 4.876787240734851980e-02
-8.024237118661403656e-03 9.907106868922710419e-03
-1.678878534585237503e-02 1.972063444554805756e-02
-2.192341303452849388e-02 2.949516847729682922e-02
-1.909052953124046326e-02 3.798143938183784485e-02
-2.334173070266842842e-02 4.664936102926731110e-02
-2.204698789864778519e-02 4.719322122400626540e-02
-2.467790595255792141e-02 4.590122745139524341e-02
-2.431630247156135738e-02 5.253593967063352466e-02
-2.913971428642980754e-02 5.310947459656745195e-02
-3.474254065076820552e-02 5.117970448918640614e-02
-3.292694859555922449e-02 5.392787070013582706e-02
-2.884301714948378503e-02 5.633674818091094494e-02
-3.644142285338602960e-02 5.750530073419213295e-02
-2.928295623860321939e-02 5.745359310822095722e-02
-2.383483931771479547e-02 5.905486828123684973e-02
-2.501642212155275047e-02 6.401816847210284323e-02
-3.000425334903411567e-02 5.927831678127404302e-02
-2.610884440946392715e-02 5.426050162350293249e-02
-3.379237951594404876e-02 5.416972792590968311e-02
-2.634079402196221054e-02 4.737640262464992702e-02
-2.706229986506514251e-02 4.469654380227439106e-02
-2.229340394842438400e-02 4.449962376384064555e-02
-2.566085170838050544e-02 5.104829993797466159e-02
-2.479873489937745035e-02 4.591970163164660335e-02
-1.886274557909928262e-02 5.152247025398537517e-02
-1.862393242481630296e-02 4.708583670435473323e-02
-2.099013670522253960e-02 5.570722202537581325e-02
-2.459037645894568413e-02 5.992598849115893245e-02
-2.422792061406653374e-02 5.658357351785525680e-02
-2.512553315318655223e-02 5.609265953535214067e-02
-2.150008552416693419e-02 5.304722400614991784e-02
-2.102257007209118456e-02 5.699146125698462129e-02
-1.951002351415809244e-02 5.582658742787316442e-02
-2.077947543875779957e-02 5.500295496312901378e-02
-1.779388832801487297e-02 5.786025145789608359e-02
-1.537919450493063778e-02 5.422359210206195712e-02
-1.278369232022669166e-02 5.201061110710725188e-02
-1.459198152588214725e-02 5.870629980927333236e-02
-2.284064503328409046e-02 5.916830254136584699e-02
-1.613908760191407055e-02 5.616693929187022150e-02
-2.107744837121572345e-02 5.906044677249155939e-02
-1.829107441881205887e-02 5.610805642209015787e-02
-2.205319782660808414e-02 5.144252939498983324e-02
-2.079724577197339386e-02 5.356995257898233831e-02
-1.692702328728046268e-02 5.850213914527557790e-02
-1.490128562727477401e-02 5.451208641170524061e-02
-1.383859441557433456e-02 5.592933818115852773e-02
-1.765964725927915424e-02 5.145124028786085546e-02
-1.812198916741181165e-02 5.584653196274302900e-02
-1.792851129721384495e-02 5.454807516071014106e-02
