3.270504221686328788e-02 4.450068895829908944e-02
3.267292864620685577e-03 9.630778804421424866e-03
7.407073862850666046e-03 1.857589930295944214e-02
1.181842060759663582e-02 2.705861255526542664e-02
1.589147048071026802e-02 3.027070430107414722e-02
1.109139295294880867e-02 3.760244022123515606e-02
1.334706624038517475e-02 4.319879296235740185e-02
1.033366890624165535e-02 3.802122059278190136e-02
1.661540474742650986e-02 3.634022059850394726e-02
1.104427967220544815e-02 3.972995094954967499e-02
8.657664991915225983e-03 3.796942648477852345e-02
1.285775844007730484e-02 3.617489279713481665e-02
9.680730756372213364e-03 3.711628617020323873e-02
1.153531018644571304e-02 3.285965492250397801e-02
1.444751909002661705e-02 3.344536112854257226e-02
1.240787375718355179e-02 3.341005670154117979e-02
1.119509153068065643e-02 3.177599187256419100e-02
1.500714221037924290e-02 3.643365015523158945e-02
8.734567323699593544e-03 3.319073978127562441e-02
1.120485900901257992e-02 3.576871680343174376e-02
1.735802530311048031e-02 3.104873953634523787e-02
1.374367298558354378e-02 3.090898393202223815e-02
1.390193523548077792e-02 3.561471568900742568e-02
1.363951149687636644e-02 3.107529532644548453e-02
1.396807374840136617e-02 3.341377506512799300e-02
1.883945892041083425e-02 3.253746757764020003e-02
1.414509488677140325e-02 3.487097382094361819e-02
1.823618587513919920e-02 3.640112749781110324e-02
1.517478770983871073e-02 3.085717143039801158e-02
1.615258642414119095e-02 3.282688910621800460e-02
1.701247160963248461e-02 3.661819969784119166e-02
1.784660520206671208e-02 3.002345565255382098e-02
1.507858948025386781e-02 3.196668500095256604e-02
1.858859618369024247e-02 3.130045053330832161e-02
1.529180251236539334e-02 3.129991647568886037e-02
1.275886634539347142e-02 3.094399091918376143e-02
1.654074869293253869e-02 2.819324610885587390e-02
1.304562475706916302e-02 3.153299447279778178e-02
1.718462111603002995e-02 3.121857519857940133e-02
1.374844198289792985e-02 3.602607490159925874e-02
1.833851232368033379e-02 2.809648157693800385e-02
1.477085256192367524e-02 3.071121929809805806e-02
1.859511637303512543e-02 3.543999896049854215e-02
1.418650399136822671e-02 3.493864287287351544e-02
1.166069872851949185e-02 3.297783376314100678e-02
1.440115335572045296e-02 3.674232110046204980e-02
7.248754773172549903e-03 3.323930979371425565e-02
1.162732361990492791e-02 3.433830849957075770e-02
1.623716081667225808e-02 3.960264055189099963e-02
1.640151943138334900e-02 3.314368054401484187e-02
1.616069581359624863e-02 3.711635247003641780e-02
