1.565134380836246883e-02 4.876758292573750431e-02
4.808424506336450577e-03 9.361962787806987762e-03
9.686752222478389740e-03 1.924166269600391388e-02
1.533548068255186081e-02 2.783177141100168228e-02
1.298594241961836815e-02 3.569399099797010422e-02
1.190778682939708233e-02 3.738822322338819504e-02
1.433919137343764305e-02 4.209611983969807625e-02
1.418519204889889807e-02 3.920215996913611889e-02
1.159149127488490194e-02 4.577493318356573582e-02
1.547464331088121980e-02 4.090086114592850208e-02
1.261418776994105428e-02 4.435174819082021713e-02
8.423900217167101800e-03 3.960027126595377922e-02
4.637453224859200418e-03 3.680392890237271786e-02
9.095900677493773401e-03 4.356074216775596142e-02
1.238122394715901464e-02 4.292557539884001017e-02
1.374212429800536484e-02 4.466318304184824228e-02
1.354337201337330043e-02 4.331642808392643929e-02
6.874380138469859958e-03 4.072543699294328690e-02
9.892130939988419414e-03 4.406129196286201477e-02
1.102817393257282674e-02 4.873144673183560371e-02
1.192666267161257565e-02 4.800188826629891992e-02
5.722461297409608960e-03 4.536439717048779130e-02
7.811251125531271100e-03 4.652667226037010550e-02
6.491936888778582215e-03 3.940486110514029860e-02
9.870490204775705934e-03 4.496913350885733962e-02
1.160717642051167786e-02 4.399314679903909564e-02
1.142616903234738857e-02 4.532209079479798675e-02
6.889343800139613450e-03 4.954604519298300147e-02
1.331092657346744090e-02 5.018422851571813226e-02
1.038704098027665168e-02 4.517539410153403878e-02
9.644049408962018788e-03 4.207631020108237863e-02
7.465069371392019093e-03 3.944964852416887879e-02
1.137209050648380071e-02 4.657059634337201715e-02
1.203646529756952077e-02 5.205779249081388116e-02
8.336980317835696042e-03 4.674341442296281457e-02
1.009948361024726182e-02 4.512314737075939775e-02
1.308425884053576738e-02 4.296182520920410752e-02
1.646919218183029443e-02 3.991668234812095761e-02
1.715413895726669580e-02 4.437616450013592839e-02
9.544836313580162823e-03 4.924124322133138776e-02
5.900166186620481312e-03 4.791056719841435552e-02
3.570736342226155102e-03 4.848058783682063222e-02
1.048876394634135067e-03 4.973882279591634870e-02
8.848618672345764935e-03 4.564026213483884931e-02
5.375919819925911725e-03 5.144105508225038648e-02
7.514069511671550572e-03 4.803880891995504498e-02
6.350048075546510518e-03 4.520987119758501649e-02
4.044327142764814198e-03 4.105047421762719750e-02
7.963826137711293995e-03 4.478599625872448087e-02
5.565263752941973507e-03 4.194624983938410878e-02
1.030566399276722223e-02 4.593182523967698216e-02
