-6.583282255903471353e-03 4.978306667335448410e-02
-5.310470238327980042e-03 9.678226895630359650e-03
-6.326106493361294270e-03 1.703867316246032715e-02
-9.683095500804483891e-03 2.636151015758514404e-02
-1.713453663978725672e-02 3.244895720854401588e-02
-1.220792077947407961e-02 4.076661681756377220e-02
-5.855441675521433353e-03 4.470517858862876892e-02
-9.207643219269812107e-03 4.993601515889167786e-02
-1.239565468858927488e-02 4.418213851749897003e-02
-1.331030402798205614e-02 4.715075856074690819e-02
-6.754477624781429768e-03 4.048301046714186668e-02
-1.161554327700287104e-02 4.229921160731464624e-02
-7.261880789883434772e-03 4.467949911486357450e-02
-8.009435085114091635e-03 4.287484160158783197e-02
-1.720827945973724127e-03 4.993673192802816629e-02
-6.833423976786434650e-04 4.267521167639642954e-02
-3.233217226807028055e-03 4.356174852000549436e-02
-1.789844827726483345e-05 4.371088409970980138e-02
-2.705212042201310396e-03 4.616806276317220181e-02
2.719192008953541517e-03 4.806304459634702653e-02
-2.123515878338366747e-03 4.744274860422592610e-02
-2.934005518909543753e-03 5.225617151882033795e-02
-4.799976537469774485e-03 4.787475235934834927e-02
2.043684362433850765e-04 4.284753037791233510e-02
4.329454561229795218e-03 5.006193082954268903e-02
7.511316216550767422e-04 4.542753884743433446e-02
2.531283942516893148e-03 3.963413641031365842e-02
-1.611073559615761042e-03 4.765456814493518323e-02
2.359629084821790457e-03 4.734303495206404477e-02
-2.760841161943972111e-04 5.344119221263099462e-02
-2.283157140482217073e-03 5.220712938171345741e-02
2.912402851507067680e-05 4.593769165512640029e-02
5.342077929526567459e-04 4.930910195980686694e-02
8.530573220923542976e-03 5.388962345023173839e-02
4.799146670848131180e-03 5.452798797341529280e-02
-2.685468643903732300e-03 5.312438147666398436e-02
1.874960027635097504e-03 5.304741161671699956e-02
-4.163658712059259415e-03 4.806935089436592534e-02
-3.827304928563535213e-03 4.753902991797076538e-02
-2.719651558436453342e-03 4.484143289300845936e-02
-2.000386826694011688e-03 4.801676766510354355e-02
-7.031157147139310837e-03 5.329194450314389542e-02
-6.024437025189399719e-04 5.528566259454237297e-02
6.041028071194887161e-03 5.052230245928512886e-02
4.159150877967476845e-03 5.525372847478138283e-02
1.065376098267734051e-02 4.888824112276779488e-02
1.361037534661591053e-02 4.933880692260572687e-02
5.234096432104706764e-03 4.919011837773723528e-02
6.784203345887362957e-03 5.115669959195656702e-02
-1.079506473615765572e-04 5.187328566535143182e-02
-9.103817283175885677e-04 4.504457848815945908e-02
