-2.551283263645440919e-02 4.669072019001754836e-02
-5.456874612718820572e-03 6.618728395551443100e-03
-1.144380774348974228e-03 1.564889354631304741e-02
1.480629201978445053e-03 2.442622045055031776e-02
-2.086633583530783653e-03 3.179094148799777031e-02
-3.484114538878202438e-03 3.788585029542446136e-02
-3.911056643119081855e-03 3.493474214337766171e-02
-1.016263006022199988e-03 3.747854195535182953e-02
3.830086818197742105e-03 4.123079846613109112e-02
-2.307433722307905555e-03 3.611681773327291012e-02
-5.547549197217449546e-03 3.413081611506640911e-02
-5.842431855853646994e-03 3.630713652819395065e-02
-9.702064970042556524e-03 3.378589707426726818e-02
-9.003583167213946581e-03 3.529920417349785566e-02
-1.012158085359260440e-02 3.963620949070900679e-02
-1.207164215156808496e-02 3.675574471708387136e-02
-1.245449887937866151e-02 3.583659284049645066e-02
-7.858744676923379302e-03 4.274640284711495042e-02
-6.445305160013958812e-03 3.990290971705690026e-02
-1.283000427065417171e-03 3.725331771420314908e-02
-8.086869696853682399e-03 3.620947530725970864e-02
-1.107334296102635562e-02 4.242199106374755502e-02
-1.469715868006460369e-02 4.401263041654601693e-02
-1.146235756459645927e-02 4.007006861502304673e-02
-1.075939708971418440e-02 4.595182609045878053e-02
-9.388704813318327069e-03 3.804365691030398011e-02
-9.001491591334342957e-03 3.877895645564422011e-02
-4.216268658638000488e-03 3.175813698908314109e-02
-9.087702725082635880e-03 3.947596572106704116e-02
-1.031658949796110392e-02 3.855327807832509279e-02
-7.282548700459301472e-03 3.664088575169444084e-02
-1.100144803058356047e-02 3.452045889571309090e-02
-9.330542758107185364e-03 3.093268256634473801e-02
-3.564804326742887497e-03 3.811455797404050827e-02
-8.287793025374412537e-03 3.659914748277515173e-02
-5.280956858769059181e-03 3.498170454986393452e-02
-6.146670202724635601e-03 4.218620504252612591e-02
-3.151831915602087975e-04 4.328951321076601744e-02
-4.826317890547215939e-03 3.478296182584017515e-02
-1.055075868498533964e-02 3.932572982739657164e-02
-3.503832849673926830e-03 4.248080973047763109e-02
-3.547406824509380385e-03 3.396004543174058199e-02
-8.944349898229120299e-03 3.132763260509818792e-02
-5.654519260133383796e-03 3.550272330176085234e-02
-1.150096424316870980e-02 3.434703580569475889e-02
-1.265817701278137974e-02 3.880634286906570196e-02
-1.304955839805188589e-02 4.350919916760176420e-02
-6.626317870541242883e-03 4.077577067073434591e-02
2.089211124257417396e-03 4.394517245236784220e-02
-6.840451496827881783e-04 4.709233820904046297e-02
4.526154243649216369e-03 4.833881079684942961e-02
