1.439275409122488594e-02 4.895882289957541322e-02
2.901535015553236008e-03 9.963138028979301453e-03
4.429187742061913013e-03 1.994018256664276123e-02
1.730936695821583271e-03 2.985229529440402985e-02
7.298623328097164631e-03 3.850596677511930466e-02
7.607232342706993222e-03 4.266167664900422096e-02
3.650805476354435086e-03 4.305466913501732051e-02
1.538145617814734578e-03 4.507297297823242843e-02
3.682424139697104692e-04 4.972311129677109420e-02
7.122700364561751485e-03 4.457846769946627319e-02
6.389321264578029513e-03 4.406308723264373839e-02
2.026682224823161960e-03 3.880234123789705336e-02
4.592178127495571971e-03 4.144826057017780840e-02
1.080736398580484092e-02 4.100601139361970127e-02
2.427749073831364512e-03 4.438510580803267658e-02
3.107679513050243258e-03 4.839605229790322483e-02
5.686870281351730227e-03 4.238669850747101009e-02
3.073441534070298076e-03 4.495802146266214550e-02
3.464926034212112427e-03 4.162627804907970130e-02
-7.859151810407638550e-05 4.575751509401015937e-02
7.689259480684995651e-03 4.034297933685593307e-02
2.585479989647865295e-03 4.713138073566369712e-02
-5.167187191545963287e-04 4.711132436932530254e-02
2.719683572649955750e-03 4.288713481219019741e-02
6.827090866863727570e-03 4.248597945843357593e-02
5.898023140616714954e-03 4.606435245659667999e-02
1.754361786879599094e-03 4.172959022980649024e-02
-2.369006513617932796e-03 4.591815856110770255e-02
2.500659436918795109e-03 4.708356161427218467e-02
5.817064200527966022e-03 4.871324317355174571e-02
2.648141584359109402e-03 4.771149829321075231e-02
7.873368333093822002e-03 4.456070619926322252e-02
3.050221013836562634e-03 4.985602661326993257e-02
8.517869166098535061e-03 4.341359059617388994e-02
8.976005949079990387e-03 3.890214017883408815e-02
7.087238482199609280e-03 4.693642440543044358e-02
1.229952869471162558e-02 4.877111136738676578e-02
1.469886710401624441e-02 5.057303835928905755e-02
9.175683255307376385e-03 4.601195729628670961e-02
6.601010565645992756e-03 4.044944648921955377e-02
9.943001088686287403e-03 4.423399451479781419e-02
1.150505640543997288e-02 5.005038944364059716e-02
6.184474332258105278e-03 5.124024239194113761e-02
5.439937231130897999e-03 4.656723218795377761e-02
9.846097440458834171e-03 4.429615529079455882e-02
7.117328816093504429e-03 5.007898581970948726e-02
6.454101996496319771e-03 5.203441514458972961e-02
2.556370804086327553e-03 4.924947449762839824e-02
3.393354709260165691e-03 4.633754918177146465e-02
-6.447854684665799141e-04 5.001636555243749171e-02
6.734067923389375210e-03 5.108339952130336314e-02
