3.468690479167273882e-02 4.379135693641195148e-02
-7.402291055768728256e-03 9.471871890127658844e-03
-1.158346282318234444e-02 1.867174170911312103e-02
-8.628787938505411148e-03 2.549616573378443718e-02
-1.253197528421878815e-02 3.202042309567332268e-02
-1.494015613570809364e-02 3.269619075581431389e-02
-1.678566902410238981e-02 3.316339221782982349e-02
-1.729554386110976338e-02 3.551054326817393303e-02
-1.296131341950967908e-02 3.634460893226787448e-02
-6.852817547041922808e-03 4.021964519051834941e-02
-1.535384060116484761e-02 3.590606775833293796e-02
-8.375090372283011675e-03 3.945687966188415885e-02
-1.027761044679209590e-02 3.882709582103416324e-02
-1.824437564937397838e-02 3.551612346200272441e-02
-1.083294366253539920e-02 3.719843953149393201e-02
-1.108063134597614408e-02 3.688517480622977018e-02
-1.420257292920723557e-02 3.609542461344972253e-02
-7.105259748641401529e-03 3.299068548949435353e-02
-7.779400213621556759e-03 3.328039744519628584e-02
-1.406562875490635633e-02 3.542685965658165514e-02
-1.047589734662324190e-02 3.626499752863310277e-02
-1.758797944057732821e-02 3.265798147185705602e-02
-1.727886617300100625e-02 2.965253646834753454e-02
-1.512526933220215142e-02 3.255604565492831171e-02
-1.450681631104089320e-02 3.326114595984108746e-02
-6.264164490858092904e-03 3.146418454707600176e-02
-1.069380287663079798e-02 3.084498408134095371e-02
-1.302231071167625487e-02 2.974402552354149520e-02
-9.622986341128125787e-03 3.244326586718671024e-02
-1.184787382953800261e-02 3.746752018923871219e-02
-8.307241281727328897e-03 3.297790276701562107e-02
-5.372461309889331460e-03 3.040053832228295505e-02
-1.392344330088235438e-02 3.520936236600391567e-02
-1.487988742883317173e-02 3.247091823141090572e-02
-8.795547735644504428e-03 3.521492049912922084e-02
-1.157764691743068397e-02 3.743071478675119579e-02
-1.307264584465883672e-02 3.312192947487346828e-02
-1.052197962417267263e-02 3.491780543117783964e-02
-1.140171257429756224e-02 3.483516597771085799e-02
-1.193909495486877859e-02 3.457338953739963472e-02
-1.476407898007892072e-02 3.353751983377151191e-02
-1.572850954835303128e-02 3.657748430850915611e-02
-2.253202724386937916e-02 3.531598424888215959e-02
-1.460171028156764805e-02 4.088229718036018312e-02
-1.636024520848877728e-02 3.439243495813570917e-02
-9.427283453987911344e-03 3.758950633346103132e-02
-1.598742420901544392e-02 4.061885512783192098e-02
-1.342378210392780602e-02 3.527632923214696348e-02
-1.008311708574183285e-02 3.846654141671024263e-02
-1.324393347022123635e-02 3.188979192054830492e-02
-1.855404794332571328e-02 3.565255910507403314e-02
