3.267141017581757373e-02 4.451232172115698882e-02
9.202122688293457031e-03 9.873578324913978577e-03
1.615320565178990364e-02 1.565635157749056816e-02
1.360128051601350307e-02 2.305766986683011055e-02
1.678918488323688507e-02 3.005308052524924278e-02
1.572057139128446579e-02 2.715052640996873379e-02
1.559016299142967910e-02 2.643950085621327162e-02
1.834897584922146052e-02 3.101414989214390516e-02
1.287275766662787646e-02 2.692358463536947966e-02
1.179343862168025225e-02 3.171063761692494154e-02
1.235021631873678416e-02 3.125175577588379383e-02
1.009425269148778170e-02 2.672071498818695545e-02
9.880803700070828199e-03 3.314475552178919315e-02
1.344624132616445422e-02 2.726215054281055927e-02
1.683790999231860042e-02 3.258705069310963154e-02
1.537448487943038344e-02 3.450496366713196039e-02
1.947769842809066176e-02 2.769731183070689440e-02
1.630804518936201930e-02 3.301890252623707056e-02
9.304714563768357038e-03 3.493539325427263975e-02
1.016678486485034227e-02 3.134351794142276049e-02
1.567227265331894159e-02 3.098189001320861280e-02
9.110748418606817722e-03 2.707200319855473936e-02
1.790341606829315424e-02 2.675152095616795123e-02
1.273592479992657900e-02 2.579113040701486170e-02
1.364906079834327102e-02 2.969408655189909041e-02
1.171139971120283008e-02 2.845495907240547240e-02
1.439252257114276290e-02 2.536135460832156241e-02
1.118851680075749755e-02 2.658413318567909300e-02
9.911452711094170809e-03 3.287485023611225188e-02
1.343917619669809937e-02 2.790762219228781760e-02
8.065778354648500681e-03 3.184809364029206336e-02
7.061232638079673052e-03 2.920119991176761687e-02
1.234229683177545667e-02 3.152995105483569205e-02
1.253167270624544472e-02 2.918522889376617968e-02
7.650168248801492155e-03 3.412403250695206225e-02
1.334043043607380241e-02 3.355137372273020446e-02
9.258985621272586286e-03 2.678651150199584663e-02
6.733031346811912954e-03 3.129987299325875938e-02
9.367263279273174703e-03 2.596430081757716835e-02
9.222730965120717883e-03 3.070759560796432197e-02
1.192155640455894172e-02 2.621517769875936210e-02
1.684492520871572196e-02 3.002071726950816810e-02
1.377465177210979164e-02 2.618649715441279113e-02
1.498329322203062475e-02 2.780195113155059516e-02
9.577329823514446616e-03 2.323512334260158241e-02
1.014129465329460800e-02 2.822370195644907653e-02
9.805032663280144334e-03 3.513724563526920974e-02
1.013252203119918704e-02 2.676219234126619995e-02
1.476319477660581470e-02 2.994739168207161129e-02
8.938002574723213911e-03 2.601477733696810901e-02
6.747896724846214056e-03 2.482483498170040548e-02
