3.261553158703563854e-02 4.453161957406147342e-02
8.723532781004905701e-03 9.367108345031738281e-03
1.587605662643909454e-02 1.745779253542423248e-02
1.301835547201335430e-02 2.685066778212785721e-02
2.152099623344838619e-02 3.621884528547525406e-02
2.279543410986661911e-02 4.217093857005238533e-02
2.204064920078963041e-02 4.603418498300015926e-02
1.823820557910948992e-02 4.277032660320401192e-02
2.282349776942282915e-02 4.799729166552424431e-02
2.034886495675891638e-02 5.299624474719166756e-02
1.213773188646882772e-02 5.168480670545250177e-02
1.082754135131835938e-02 4.633679904509335756e-02
1.393525348976254463e-02 4.499763890635222197e-02
9.554360993206501007e-03 4.355138225946575403e-02
1.616850448772311211e-02 4.753988899756222963e-02
1.920929015614092350e-02 5.072111042682081461e-02
1.319400384090840816e-02 5.061822387506254017e-02
1.911154086701571941e-02 4.509845798020251095e-02
1.658754702657461166e-02 4.441134401713497937e-02
1.290020230226218700e-02 5.308256440912373364e-02
9.056637296453118324e-03 5.666029735584743321e-02
1.567313657142221928e-02 5.131173788686282933e-02
1.221469626761972904e-02 4.466632244293577969e-02
1.526423683390021324e-02 4.704556943033821881e-02
1.358505245298147202e-02 4.338445191388018429e-02
1.586664794012904167e-02 4.840193971176631749e-02
1.819762703962624073e-02 4.489046570961363614e-02
1.929560420103371143e-02 4.824781886418350041e-02
1.381280855275690556e-02 4.122010062565095723e-02
1.334167795721441507e-02 4.187203713809140027e-02
6.975127034820616245e-03 4.501518796314485371e-02
1.359184097964316607e-02 4.166587794316001236e-02
1.465747901238501072e-02 4.075339282280765474e-02
1.533319422742351890e-02 3.753729662275873125e-02
1.660326780984178185e-02 4.406265108264051378e-02
1.558141707209870219e-02 4.002952328301034868e-02
1.795557019067928195e-02 4.396902289590798318e-02
1.467193377902731299e-02 4.080048235482536256e-02
1.816102158045396209e-02 4.029965793597511947e-02
1.556649099802598357e-02 4.470373896765522659e-02
1.594376337016001344e-02 3.579035328584723175e-02
1.098357333103194833e-02 3.759349274332635105e-02
1.463932037586346269e-02 3.608842901303432882e-02
1.118949061492457986e-02 2.988822394399903715e-02
1.591685420135036111e-02 3.678809068514965475e-02
1.557277745450846851e-02 3.807202479219995439e-02
1.957632598350755870e-02 3.642536312690936029e-02
1.733516526292078197e-02 3.618624598311726004e-02
2.054037267225794494e-02 4.149151804449502379e-02
1.695419542375020683e-02 4.869351607339922339e-02
1.200565576436929405e-02 4.148213822918478400e-02
