1.195478106531986523e-02 4.928284448826125708e-02
-8.277787826955318451e-03 9.870440699160099030e-03
-1.371827954426407814e-02 1.971592847257852554e-02
-1.679646945558488369e-02 2.948715817183256149e-02
-1.619822956854477525e-02 3.914731089025735855e-02
-1.916862215148285031e-02 4.881319310516119003e-02
-1.883963431464508176e-02 5.225127842277288437e-02
-2.026428602403029799e-02 5.519119277596473694e-02
-2.593529358273372054e-02 5.918376566842198372e-02
-2.562258258694782853e-02 6.135388859547674656e-02
-2.156580478185787797e-02 6.283387064468115568e-02
-2.253659872803837061e-02 6.069877871777862310e-02
-2.898997266311198473e-02 5.833231692668050528e-02
-2.551398717332631350e-02 6.547794432844966650e-02
-3.026470134500414133e-02 6.209812138695269823e-02
-3.017876337253255770e-02 5.989589320961385965e-02
-2.126326917641563341e-02 6.511759117711335421e-02
-2.674043823935789987e-02 6.350110727362334728e-02
-2.567296678171260282e-02 6.236314016859978437e-02
-1.864212209329707548e-02 6.870933470781892538e-02
-2.087824761838419363e-02 6.656661874148994684e-02
-2.411418727569980547e-02 6.841515307314693928e-02
-2.005106995784444734e-02 6.426608818583190441e-02
-2.039439926011255011e-02 5.725565110333263874e-02
-2.154064244678011164e-02 6.405764375813305378e-02
-2.630352248525014147e-02 6.388384912861511111e-02
-3.041399383073439822e-02 6.972346844850108027e-02
-2.580319178377976641e-02 6.375307653797790408e-02
-3.109643534844508395e-02 6.879461946664378047e-02
-2.650378058751812205e-02 6.934352935058996081e-02
-2.323243460705270991e-02 6.397286074934527278e-02
-2.394526861462509260e-02 6.668431049911305308e-02
-2.169115342985605821e-02 6.989510887069627643e-02
-2.322661192010855302e-02 6.278511945856735110e-02
-3.011992866959189996e-02 6.396058498648926616e-02
-2.718121944781159982e-02 5.668487976072356105e-02
-2.480001877847826108e-02 5.619568837573751807e-02
-2.502536724932724610e-02 5.850222468143329024e-02
-2.286344252206617966e-02 5.881498812232166529e-02
-2.941140763141447678e-02 6.015396711882203817e-02
-2.883857841516146436e-02 5.863724055234342813e-02
-2.672095414163777605e-02 6.155565788503736258e-02
-2.586274743225658312e-02 6.119313827366568148e-02
-2.304227007698500529e-02 5.797301061102189124e-02
-2.556937523331725970e-02 5.207053167396225035e-02
-1.750766635086620227e-02 6.039811173104681075e-02
-2.256873073201859370e-02 5.642237249412573874e-02
-2.217771713185356930e-02 5.421730355010367930e-02
-1.768012479442404583e-02 5.756079373531974852e-02
-2.298590349528240040e-02 5.292364922934211791e-02
-2.167865559022175148e-02 4.741928275325335562e-02
