-2.672509095773828100e-02 4.636269772739147477e-02
-4.154599271714687347e-03 9.996454231441020966e-03
-1.261457242071628571e-02 1.997543498873710632e-02
-9.480421897023916245e-03 2.959434408694505692e-02
-1.699340669438242912e-02 3.916099667549133301e-02
-1.168221933767199516e-02 4.867529496550559998e-02
-1.670520473271608353e-02 5.790804233402013779e-02
-1.258967351168394089e-02 6.353303743526339531e-02
-1.432911818847060204e-02 6.285613373620435596e-02
-9.046194143593311310e-03 6.127915397519245744e-02
-1.675040088593959808e-02 6.261857162462547421e-02
-2.067663613706827164e-02 5.716945213498547673e-02
-2.074192706641042605e-02 6.148621096508577466e-02
-1.787915299792075530e-02 5.771261645713821054e-02
-1.890061211452120915e-02 6.078193249413743615e-02
-1.941265536152059212e-02 5.739239515969529748e-02
-2.322728277795249596e-02 5.834879458416253328e-02
-1.662770423718029633e-02 6.228702247608453035e-02
-1.682956251170253381e-02 6.589632795657962561e-02
-1.870293347019469365e-02 6.613567874592263252e-02
-2.031189403351163492e-02 5.945519574743229896e-02
-2.396863293688511476e-02 5.761826767411548644e-02
-1.539225191663717851e-02 5.999227061693090945e-02
-1.234349342848872766e-02 6.190127979789394885e-02
-1.230835887690773234e-02 6.702954049978870898e-02
-1.587058390578022227e-02 6.428163412783760577e-02
-2.148242314433446154e-02 7.108455298293847591e-02
-2.281339963519712910e-02 7.115710852667689323e-02
-1.820481413597008213e-02 6.683113565668463707e-02
-1.461841476702829823e-02 5.901972483843564987e-02
-1.221610916400095448e-02 6.594812450930476189e-02
-1.773578565189382061e-02 7.003922527655959129e-02
-1.735464494413463399e-02 7.583563635125756264e-02
-1.865309452841756865e-02 7.468199566937983036e-02
-1.245772116089938208e-02 6.721425219438970089e-02
-1.177864905184833333e-02 6.443045660853385925e-02
-1.858920987433521077e-02 6.771289859898388386e-02
-2.070274051948217675e-02 7.105497620068490505e-02
-1.893054309039143845e-02 7.208048005122691393e-02
-1.747166935092536733e-02 6.458633684087544680e-02
-1.251376943400828168e-02 6.700948497746139765e-02
-1.523800973518518731e-02 6.486285419669002295e-02
-1.253605621604947373e-02 7.261137419845908880e-02
-1.694026856421260163e-02 6.701684964355081320e-02
-1.630839256540639326e-02 6.541505351196974516e-02
-1.211886543751461431e-02 6.052666611503809690e-02
-1.363364716962678358e-02 6.725009472575038671e-02
-1.986283592850668356e-02 7.065245055127888918e-02
-1.824667985056294128e-02 7.061262451679795049e-02
-2.181354333151830360e-02 6.572913308264105581e-02
-1.756628584553254768e-02 6.040238192872493528e-02
