-6.743208340129015765e-03 4.977238666726187255e-02
-8.709738962352275848e-03 9.638088755309581757e-03
-1.234569959342479706e-02 1.942572183907032013e-02
-2.090732939541339874e-02 2.928465604782104492e-02
-2.661524014547467232e-02 3.851237986236810684e-02
-2.363668754696846008e-02 4.638030286878347397e-02
-3.017009655013680458e-02 5.218377104029059410e-02
-2.273063594475388527e-02 5.468366737477481365e-02
-2.599886711686849594e-02 5.716570955701172352e-02
-2.456447063013911247e-02 5.641634092899039388e-02
-2.902257023379206657e-02 5.335245962487533689e-02
-3.498594928532838821e-02 5.018511536763980985e-02
-3.481515456223860383e-02 4.997694853227585554e-02
-2.648535423213616014e-02 5.610499612521380186e-02
-2.936066669644787908e-02 6.011387088801711798e-02
-3.198621544288471341e-02 5.318866192828863859e-02
-3.630472562508657575e-02 5.844237736891955137e-02
-2.803471992956474423e-02 5.667643959168344736e-02
-2.839967678301036358e-02 5.263092985842376947e-02
-2.974415489006787539e-02 5.739812238607555628e-02
-2.388048835564404726e-02 5.778014881070703268e-02
-2.807293471414595842e-02 5.056009476538747549e-02
-2.095508773345500231e-02 5.003697221400216222e-02
-2.270669897552579641e-02 5.714192177401855588e-02
-1.660251838620752096e-02 5.785829329397529364e-02
-2.206778654363006353e-02 5.911924142856150866e-02
-2.422411099541932344e-02 5.752693442627787590e-02
-2.929993590805679560e-02 6.167966127395629883e-02
-2.202150330413132906e-02 5.706137791275978088e-02
-2.785422338638454676e-02 5.921799200586974621e-02
-2.221762912813574076e-02 5.584337026812136173e-02
-2.423055295366793871e-02 5.583363861842371989e-02
-1.868525159079581499e-02 5.600533694268960971e-02
-2.813850913662463427e-02 5.425781339181412477e-02
-2.131217869464308023e-02 5.643345324097026605e-02
-2.177292676060460508e-02 5.957901665715326089e-02
-2.801834195270203054e-02 5.220113975701679010e-02
-2.021615122794173658e-02 5.609194004682649393e-02
-2.941697192727588117e-02 5.199626555440772790e-02
-2.450823978870175779e-02 5.483290903976012487e-02
-2.268857797025702894e-02 5.516716592137527186e-02
-2.994639761163853109e-02 5.836706991431128699e-02
-2.882597930147312582e-02 5.602087253828358371e-02
-3.085327157168649137e-02 6.327100969974708278e-02
-2.372779379948042333e-02 6.666058149312448222e-02
-2.370570551101991441e-02 5.943452414248895366e-02
-2.651000393052527215e-02 5.695179650683712680e-02
-3.111229788009950425e-02 5.506510984741908032e-02
-2.690433382485934999e-02 5.512353431731753517e-02
-3.253546680753061082e-02 5.814365626611106563e-02
-2.616792775188514497e-02 5.742840413768135477e-02
