-2.455808339168390891e-02 4.693761158666485966e-02
1.657634973526000977e-03 9.917416609823703766e-03
4.087870009243488312e-03 1.970441080629825592e-02
7.947511505335569382e-03 2.924246713519096375e-02
-1.156435813754796982e-03 3.882908821105957031e-02
-9.712527971714735031e-03 4.847739171236753464e-02
-1.632425095885992050e-02 5.390293896198272705e-02
-2.278121793642640114e-02 5.624298751354217529e-02
-2.103294932749122381e-02 5.258292681537568569e-02
-1.472252223175019026e-02 5.100107623729854822e-02
-9.901993325911462307e-03 4.601992212701588869e-02
-1.103827473707497120e-02 4.813252773601561785e-02
-1.456052763387560844e-02 4.965586389880627394e-02
-1.341814501211047173e-02 5.149107414763420820e-02
-1.204052078537642956e-02 4.611413262318819761e-02
-1.749111316166818142e-02 4.828905116301029921e-02
-1.625826978124678135e-02 5.215675465296953917e-02
-1.229841844178736210e-02 5.038610100746154785e-02
-1.292049483163282275e-02 4.488527867943048477e-02
-1.747777982382103801e-02 5.125730345025658607e-02
-1.745022578870703001e-02 5.461064865812659264e-02
-1.900051221491594333e-02 4.911427339538931847e-02
-1.900762841341929743e-02 5.618548952043056488e-02
-1.469374830139713595e-02 5.363893765024840832e-02
-1.579930654497729847e-02 4.938798700459301472e-02
-1.387498851636337349e-02 5.064557469449937344e-02
-1.778921296590851853e-02 5.327309272252023220e-02
-1.656172445746051380e-02 4.811032279394567013e-02
-1.189488333420740673e-02 5.038795806467533112e-02
-1.152272983108559856e-02 5.236989958211779594e-02
-1.558891632248560200e-02 4.800312966108322144e-02
-1.715160400726745138e-02 5.242380360141396523e-02
-1.336548833296546945e-02 4.776073805987834930e-02
-1.324534086688800016e-02 4.284853348508477211e-02
-9.300160651946498547e-03 4.468026640824973583e-02
-1.552034398719115416e-02 4.671045648865401745e-02
-1.732139786417974392e-02 4.504302015993744135e-02
-1.660670243381900946e-02 5.224426940549165010e-02
-1.825497528716368834e-02 4.330197640229016542e-02
-2.402737267493648687e-02 4.264560947194695473e-02
-2.146474617711646715e-02 4.295760640525259078e-02
-2.283341783277137438e-02 4.705783133977092803e-02
-2.034643195747776190e-02 4.709060793175012805e-02
-1.768005519352300325e-02 4.395698081134469248e-02
-1.253546142197592417e-02 4.693915602183551528e-02
-1.761730686939699808e-02 4.022905556848854758e-02
-1.898162494126154343e-02 4.245509580141515471e-02
-1.258597763899160782e-02 3.948578448398620822e-02
-1.823944420266343514e-02 4.606596310986788012e-02
-2.358182667467190186e-02 4.467647034107358195e-02
-2.049475799958599964e-02 5.113420426278025843e-02
