1.360314681049335644e-02 4.907045168390100631e-02
4.521870519965887070e-03 9.312766604125499725e-03
1.199642615392804146e-02 1.912602502852678299e-02
9.373693028464913368e-03 2.424643561244010925e-02
6.068582180887460709e-03 3.325352910906076431e-02
3.401708323508501053e-03 4.266579728573560715e-02
1.032999018207192421e-02 4.209414526121690869e-02
1.783977448940277100e-02 4.838030628161504865e-02
1.194248208776116371e-02 5.303674732567742467e-02
1.840268354862928391e-02 5.193030874943360686e-02
1.374861970543861389e-02 5.126774829113855958e-02
8.579775225371122360e-03 5.152491372427903116e-02
7.681835442781448364e-03 4.841628725989721715e-02
9.075392037630081177e-03 4.424085942446254194e-02
1.021983579266816378e-02 3.958127935766242445e-02
9.711173363029956818e-03 3.784238485968671739e-02
1.154834229964762926e-02 4.017483614734373987e-02
1.425038173329085112e-02 4.868077658466063440e-02
7.098119123838841915e-03 5.296068065217696130e-02
5.797295481897890568e-03 4.515872368938289583e-02
8.337150677107274532e-03 4.328719267505221069e-02
1.188554137479513884e-02 4.283389638294465840e-02
7.148687145672738552e-03 4.325455974321812391e-02
2.842881134711205959e-03 4.450531071051955223e-02
7.907084538601338863e-03 5.172371212393045425e-02
6.623267312534153461e-03 5.088292126310989261e-02
7.138724671676754951e-03 4.735467437421903014e-02
8.418984711170196533e-03 4.675423505250364542e-02
1.102563529275357723e-02 4.295426968019455671e-02
8.435375522822141647e-03 4.602112050633877516e-02
1.108527882024645805e-02 4.337603563908487558e-02
7.178102619946002960e-03 4.317722494306508452e-02
1.170324673876166344e-02 4.738204392197076231e-02
1.224731793627142906e-02 4.615712493250612170e-02
1.478378032334148884e-02 5.502868119219783694e-02
1.718529197387397289e-02 5.169757922703865916e-02
1.150897494517266750e-02 4.673923693189863116e-02
1.072445145109668374e-02 4.455092876742128283e-02
9.247473382856696844e-03 5.169264740834478289e-02
1.312006445368751884e-02 4.804393068479839712e-02
1.086153712822124362e-02 4.727925198676530272e-02
1.289135887054726481e-02 4.909954559116158634e-02
2.005914383335039020e-02 5.120900170004460961e-02
1.598108018515631557e-02 4.532112496963236481e-02
1.830180356046184897e-02 5.327148119977209717e-02
2.266785543179139495e-02 4.537687393894884735e-02
3.154124360298737884e-02 4.186108814610633999e-02
2.236867271130904555e-02 4.697519972978625447e-02
2.502009103773161769e-02 5.463799428252968937e-02
2.064748917473480105e-02 5.029384804947767407e-02
2.106271419324912131e-02 5.378649187332484871e-02
