1.175697133424620684e-02 4.930646315847581063e-02
-7.429206161759793758e-04 9.969987906515598297e-03
-3.506629436742514372e-03 1.989751774817705154e-02
3.932999097742140293e-04 2.985194884240627289e-02
-6.848853954579681158e-03 3.848789911717176437e-02
-1.390665065264329314e-02 4.719951096922159195e-02
-1.135718234581872821e-02 4.288669070228934288e-02
-1.434421789599582553e-02 4.780444223433732986e-02
-1.292004605056717992e-02 4.411564068868756294e-02
-9.567271743435412645e-03 4.515639739111065865e-02
-1.638485380681231618e-02 5.367194814607501030e-02
-1.428191486047580838e-02 5.138904321938753128e-02
-1.526466495124623179e-02 4.456959571689367294e-02
-2.151731139747425914e-02 5.132977804169058800e-02
-2.109418757027015090e-02 5.172837097779847682e-02
-1.836011180421337485e-02 5.117210707976482809e-02
-1.764781010570004582e-02 4.781489292508922517e-02
-1.786624622764065862e-02 5.227474853745661676e-02
-1.514520595083013177e-02 5.072019444196484983e-02
-2.030923595884814858e-02 5.640718675567768514e-02
-2.169827331090345979e-02 5.341197535744868219e-02
-1.748735789442434907e-02 5.425351901794783771e-02
-1.334651006618514657e-02 5.289865841041319072e-02
-9.966400975827127695e-03 4.710819196770898998e-02
-4.836012201849371195e-03 5.527328231255523860e-02
-9.218667692039161921e-03 5.514246442180592567e-02
-1.079282030696049333e-02 5.598141289374325424e-02
-1.506116479868069291e-02 5.320069346635136753e-02
-1.305570342810824513e-02 4.840894289372954518e-02
-6.613491859752684832e-03 5.245777651725802571e-02
-6.612057772031221248e-03 5.232360705849714577e-02
-7.026059702070597268e-03 4.801736844819970429e-02
-1.100059101361239300e-02 4.941295392927713692e-02
-6.876518167587164498e-03 4.823014271096326411e-02
-3.835305720599535562e-03 5.566157345310784876e-02
-4.303023368152025796e-03 4.817451434792019427e-02
-9.754152186246756173e-03 4.668154919636435807e-02
-4.279439486595038034e-03 4.868273090687580407e-02
-5.965721593270245648e-03 5.622489869710989296e-02
-9.787221937472168065e-03 5.373953285743482411e-02
-7.480315896714273549e-03 5.056099596549756825e-02
-3.345573819274250127e-03 5.541147387702949345e-02
-2.525709543874654628e-03 4.958733686362393200e-02
-7.775948357334527827e-03 4.252931664814241230e-02
-1.059615446490624890e-02 4.559790439088828862e-02
-1.551011551407555089e-02 4.414636504952795804e-02
-9.267799763506445743e-03 4.626669900608249009e-02
-4.250059111541304446e-03 5.217060798895545304e-02
-2.620501534579489089e-03 4.386389048886485398e-02
-2.511715905598066456e-03 4.520212559145875275e-02
-4.959345951533578045e-03 4.236256869626231492e-02
