-7.831099926111395257e-03 4.969289781096374037e-02
-9.621832519769668579e-03 8.251099847257137299e-03
-1.868402585387229919e-02 1.624026335775852203e-02
-2.796207647770643234e-02 2.598924376070499420e-02
-2.241214970126748085e-02 3.484057355672121048e-02
-2.025882597081363201e-02 4.415879305452108383e-02
-2.706741751171648502e-02 4.023799346759915352e-02
-2.948488760739564896e-02 4.734783805906772614e-02
-3.198723006062209606e-02 4.661623400170356035e-02
-3.238512919051572680e-02 4.124950815457850695e-02
-3.590340720256790519e-02 4.720472509507089853e-02
-3.219646931393072009e-02 4.911828693002462387e-02
-3.749631083337590098e-02 4.616777249611914158e-02
-2.955708483932539821e-02 4.902541707269847393e-02
-3.603453346295282245e-02 4.610190470702946186e-02
-3.362986765569075942e-02 4.389037820510566235e-02
-3.691610757960006595e-02 4.211082553956657648e-02
-3.607984847621992230e-02 5.043277854565531015e-02
-3.553272911813110113e-02 4.973297769902274013e-02
-3.460669348714873195e-02 4.284532245947048068e-02
-3.868717717705294490e-02 4.769704042701050639e-02
-3.248529991833493114e-02 4.305597691563889384e-02
-3.889477922348305583e-02 4.788597504375502467e-02
-4.339487961260601878e-02 4.662919807014986873e-02
-3.546232188818976283e-02 4.485442693112418056e-02
-3.874751873081550002e-02 4.323884489713236690e-02
-4.165408661356195807e-02 3.788267046911641955e-02
-3.419642749940976501e-02 3.770321936463005841e-02
-3.918469551717862487e-02 4.316411822219379246e-02
-3.990774095291271806e-02 4.302327304321806878e-02
-4.195415187859907746e-02 4.077650948602240533e-02
-3.453635383630171418e-02 4.194905205804388970e-02
-4.115693556377664208e-02 4.473354613583069295e-02
-3.721140843117609620e-02 3.659412862907629460e-02
-3.933051257627084851e-02 4.226784447382669896e-02
-3.287231625290587544e-02 4.182289699383545667e-02
-4.016531846718862653e-02 4.682690482877660543e-02
-3.857994935242459178e-02 4.605074088613037020e-02
-4.415106371743604541e-02 4.761232646706048399e-02
-4.105524503393098712e-02 4.136542302148882300e-02
-4.047918639844283462e-02 4.076175614318344742e-02
-4.727340483805164695e-02 4.236056133231613785e-02
-4.173933895071968436e-02 4.276441498950589448e-02
-3.732447087531909347e-02 4.206133053230587393e-02
-3.736877500705304556e-02 4.471355468558613211e-02
-3.872498742930474691e-02 4.346548709145281464e-02
-4.491160031102481298e-02 4.758363858854863793e-02
-4.165789730541291647e-02 4.199113267532084137e-02
-3.443787259675445966e-02 4.795860069862101227e-02
-3.906047962300362997e-02 5.274468557036016136e-02
-3.938706895496579818e-02 4.668619194126222283e-02
