1.197944273849478082e-02 4.927987183550916472e-02
-8.096149191260337830e-03 9.936909191310405731e-03
-7.617137656779959798e-03 1.902741100639104843e-02
-1.083037749049253762e-02 2.699113730341196060e-02
-1.709094623220153153e-02 3.534113243222236633e-02
-1.675628998782485723e-02 3.665872639976441860e-02
-2.208709565456956625e-02 3.847071237396448851e-02
-2.018089860212057829e-02 3.705773665569722652e-02
-1.798446511384099722e-02 3.342960448935627937e-02
-1.974841265473514795e-02 3.686952078714966774e-02
-2.043512905947864056e-02 3.937250701710581779e-02
-1.723562204279005527e-02 4.079937783535569906e-02
-2.213563746772706509e-02 3.795936133246868849e-02
-2.196728892158716917e-02 3.325807664077728987e-02
-2.247866097604855895e-02 3.685957274865359068e-02
-1.599735341733321548e-02 3.858088806737214327e-02
-2.039479691302403808e-02 3.596763161476701498e-02
-1.980938634369522333e-02 4.083601001184433699e-02
-1.472600887063890696e-02 4.009078390663489699e-02
-1.476670930424006656e-02 3.738943598000332713e-02
-2.321687469520838931e-02 3.937001962913200259e-02
-2.046922350564273074e-02 3.578455763636156917e-02
-1.884043368772836402e-02 3.899305657250806689e-02
-1.719226397835882381e-02 4.173127486137673259e-02
-1.919435954914661124e-02 3.481213579652830958e-02
-2.339840087370248511e-02 4.002163064433261752e-02
-2.309277686435962096e-02 3.677532699657604098e-02
-2.068466702621662989e-02 3.252019936917349696e-02
-1.881780077383155003e-02 3.545679495437070727e-02
-1.856199908797862008e-02 4.196817305637523532e-02
-2.485767449979903176e-02 3.735639731166884303e-02
-1.965977415238739923e-02 4.064093268243595958e-02
-1.721029263717355207e-02 3.716105985222384334e-02
-2.393333474901737645e-02 4.108737752540037036e-02
-2.065284527634503320e-02 3.752288752002641559e-02
-2.262443211657227948e-02 3.906095196725800633e-02
-1.972598233987810090e-02 3.636732982704415917e-02
-1.781754650437505916e-02 3.814909263746812940e-02
-2.207440546044381335e-02 3.611291275592520833e-02
-1.882091689185472205e-02 4.197230451973155141e-02
-1.818190026824595407e-02 3.781863237963989377e-02
-2.393175219913246110e-02 4.310955555411055684e-02
-2.077621315402211621e-02 3.737865743460133672e-02
-2.274911548738600686e-02 3.623757424065843225e-02
-1.887146035005571321e-02 3.306823788443580270e-02
-1.803754730644868687e-02 3.662442142376676202e-02
-1.824914379540132359e-02 4.128058120841160417e-02
-1.851903601345838979e-02 3.562017070362344384e-02
-2.261092002299847081e-02 4.093946568900719285e-02
-2.074763354175956920e-02 3.674867568770423532e-02
-1.744066889659734443e-02 4.095341271022334695e-02
