-5.489468108875995844e-03 4.984921501885547501e-02
9.921099990606307983e-03 9.857132099568843842e-03
1.983696874231100082e-02 1.740069827064871788e-02
2.885726653039455414e-02 2.582590421661734581e-02
3.855447750538587570e-02 2.346691745333373547e-02
4.832091554999351501e-02 2.541460888460278511e-02
5.793382879346609116e-02 2.793280011974275112e-02
6.423301436007022858e-02 2.487794822081923485e-02
7.193677872419357300e-02 2.621436060871928930e-02
6.906014587730169296e-02 2.420321234967559576e-02
7.492199074476957321e-02 2.125063084531575441e-02
6.817060569301247597e-02 2.356666943524032831e-02
7.207470620051026344e-02 2.919692278373986483e-02
7.787208724766969681e-02 2.915179253250244074e-02
7.778716493339743465e-02 2.489080222949269228e-02
7.284140760020818561e-02 2.422226582348230295e-02
7.013220606313552707e-02 2.859466326117399149e-02
7.670960003451909870e-02 2.453132987648132257e-02
7.353692232572939247e-02 2.018829238295438699e-02
7.639036826731171459e-02 2.558871627479675226e-02
7.236873531655874103e-02 2.713936917643877678e-02
7.564679636561777443e-02 2.011318668883177452e-02
7.059658096113707870e-02 2.746707644473644905e-02
7.616807158046867698e-02 2.447013464916381054e-02
7.375724554003681988e-02 2.227439010675880127e-02
7.182854773418512195e-02 2.836567234407993965e-02
7.242870212940033525e-02 2.696284548073890619e-02
7.427423352783080190e-02 2.101657761886599474e-02
7.285286717524286360e-02 1.992653148408862762e-02
6.559993278642650694e-02 2.047406691053765826e-02
7.152733810653444380e-02 2.461239085459965281e-02
6.444670631026383489e-02 2.466841922068852000e-02
7.227985093777533621e-02 2.406815097128855996e-02
7.873676576127763838e-02 2.264930535966414027e-02
7.034961179306264967e-02 2.692598984504002146e-02
7.219991400779690593e-02 2.629452869223314337e-02
7.202304914244450629e-02 2.014264902027207427e-02
7.320690460619516671e-02 2.194788535052794032e-02
7.244077275390736759e-02 2.227056341871502809e-02
7.341391037334688008e-02 2.012653079509618692e-02
6.586374671314842999e-02 2.099500504482421093e-02
6.676033764961175621e-02 2.565183724436792545e-02
6.604851040174253285e-02 2.602169358215178363e-02
7.036855493788607419e-02 2.474813487424398772e-02
6.735768591170199215e-02 2.405563856518710963e-02
7.478029376943595707e-02 3.003275881565059535e-02
7.343387071159668267e-02 2.593675742900813930e-02
6.937031241250224411e-02 2.977132679006899707e-02
7.757388500613160431e-02 3.433893456167425029e-02
7.110851796460337937e-02 2.581571343398536555e-02
6.683439554763026536e-02 2.902994023679639213e-02
