1.445065153094948762e-02 4.895038489228360767e-02
9.989818558096885681e-03 -9.559801779687404633e-03
1.982069574296474457e-02 -1.875984761863946915e-02
2.973548322916030884e-02 -2.711674012243747711e-02
3.969857096672058105e-02 -3.365908516570925713e-02
4.963803105056285858e-02 -4.294548509642481804e-02
5.900761112570762634e-02 -4.843385936692357063e-02
6.848850473761558533e-02 -5.252280831336975098e-02
7.730245590209960938e-02 -4.976347344927489758e-02
8.138148300349712372e-02 -5.212362296879291534e-02
8.125142626522574574e-02 -5.452657351270318031e-02
8.213958075793925673e-02 -5.435549626417923719e-02
8.370203782396856695e-02 -5.097673666023183614e-02
8.732580814103130251e-02 -5.536771072365809232e-02
9.231123609060887247e-02 -5.518810762441717088e-02
8.565760172496084124e-02 -5.462038531550206244e-02
8.519104636798147112e-02 -5.495078695821575820e-02
8.636903205479029566e-02 -5.653827436617575586e-02
8.253944689931813627e-02 -5.618307122495025396e-02
8.595775418507400900e-02 -5.123811389785259962e-02
8.198207455279771239e-02 -5.553812894504517317e-02
8.388419823313597590e-02 -5.947395635303109884e-02
8.201745235419366509e-02 -5.986823033890686929e-02
7.947500365844462067e-02 -6.135439706849865615e-02
8.266960400214884430e-02 -5.713230950641445816e-02
8.143319505325052887e-02 -5.297720918315462768e-02
8.381617804116103798e-02 -5.473242580774240196e-02
8.099745785875711590e-02 -5.654528675950132310e-02
7.662584692297969013e-02 -5.558317838585935533e-02
8.483606729714665562e-02 -5.423043909831903875e-02
7.999016450776252896e-02 -5.816531935124658048e-02
8.788144042773637921e-02 -5.827521719766082242e-02
8.821888854436110705e-02 -5.821448960341513157e-02
8.367005390755366534e-02 -5.973826686386018991e-02
8.536428962543141097e-02 -5.681200081016868353e-02
8.287580059550236911e-02 -5.954618670511990786e-02
8.283658670188742690e-02 -6.175677815917879343e-02
8.239419744859333150e-02 -5.715311935637146235e-02
8.466476002286071889e-02 -5.759868075256235898e-02
8.278018874625558965e-02 -5.755023171514039859e-02
8.207790237429435365e-02 -6.278276049852138385e-02
8.564638100142474286e-02 -6.576611779019003734e-02
7.986313323999638669e-02 -6.622615595551906154e-02
8.042632320939446799e-02 -6.527951143652899191e-02
8.268447730733896606e-02 -6.329032329813344404e-02
8.167766486803884618e-02 -6.115215940371854231e-02
8.784768018449540250e-02 -6.612845946074230596e-02
8.302032747815246694e-02 -6.214648781315190718e-02
8.584589986639912240e-02 -6.173513590329093859e-02
8.132090941580827348e-02 -6.287903064367128536e-02
7.979287042326177470e-02 -6.188451888010604307e-02
