1.192223555512315729e-02 4.928675792555702040e-02
7.444965653121471405e-03 9.627640247344970703e-03
7.980377413332462311e-04 1.869273278862237930e-02
9.345064405351877213e-03 2.848335076123476028e-02
5.894344067201018333e-03 3.799209371209144592e-02
7.011931156739592552e-03 4.741852264851331711e-02
3.447388764470815659e-03 4.985571955330669880e-02
6.054874975234270096e-03 5.388948996551334858e-02
1.282209763303399086e-02 5.960477911867201328e-02
1.475306635256856680e-02 5.625959252938628197e-02
9.441857575438916683e-03 5.948133068159222603e-02
1.385099289473146200e-02 5.891556158894672990e-02
1.362426637206226587e-02 5.372298514703288674e-02
8.787911501713097095e-03 5.113195587182417512e-02
1.211889565456658602e-02 5.122750688315136358e-02
9.223178145475685596e-03 5.396731540531618521e-02
1.261566334869712591e-02 6.096333887398941442e-02
5.556034739129245281e-03 6.314787401788635179e-02
6.735850241966545582e-03 6.198784842126769945e-02
1.513965160120278597e-02 5.774114134692354128e-02
7.977087167091667652e-03 5.888420104020042345e-02
1.464632456190884113e-03 6.356581573345465586e-02
1.005763013381510973e-02 6.043794046127004549e-02
6.886619492433965206e-03 6.783019185968441889e-02
9.742788155563175678e-03 6.383013253071112558e-02
9.448399621760472655e-03 5.663760558672947809e-02
5.211862589931115508e-03 5.727710737119195983e-02
6.294223334407433867e-03 5.905488260759739205e-02
1.342256445786915720e-02 6.029079679137794301e-02
1.000399849726818502e-02 5.560161789617268369e-02
4.142511257668957114e-03 6.097863392642466351e-02
1.214045062079094350e-02 5.912197787984041497e-02
1.375878343242220581e-02 6.398225982411531731e-02
1.581127053941600025e-02 6.359959503606660292e-02
1.360354313510470092e-02 5.756006080628139898e-02
1.914717417093925178e-02 5.875864467088831589e-02
1.453866457450203598e-02 5.651562666025711223e-02
1.867541504907421768e-02 5.403266759094549343e-02
1.405427671852521598e-02 6.011306592699838802e-02
9.538057929603382945e-03 5.693797073763562366e-02
1.128544434322975576e-02 5.683755658537847921e-02
1.141292795364279300e-02 6.348225723922951147e-02
1.819823456753510982e-02 6.289478018152294680e-02
1.921683138061780483e-02 5.842013516667066142e-02
1.539593057532329112e-02 6.419778009149013087e-02
1.902458730910439044e-02 6.620297813060460612e-02
2.778799094085115939e-02 7.075062067451654002e-02
1.984439890657085925e-02 6.640501971560297534e-02
1.330648882139939815e-02 6.070217442902503535e-02
1.621921763580758125e-02 6.662269075604854152e-02
2.210975515481550246e-02 5.882286233099875972e-02
