1.522413895743825012e-02 4.883433407983589492e-02
-1.622994546778500080e-03 9.925012476742267609e-03
2.496548346243798733e-03 1.932999771088361740e-02
-3.279880271293222904e-03 2.925038989633321762e-02
-9.950184845365583897e-03 3.904313035309314728e-02
-2.571606659330427647e-03 4.746831580996513367e-02
-5.061891046352684498e-03 5.267262831330299377e-02
-9.013771661557257175e-03 4.814757034182548523e-02
-1.454320515040308237e-02 5.309380078688263893e-02
-1.062581513542681932e-02 5.181989283300936222e-02
-8.684073458425700665e-03 5.315514886751770973e-02
-9.800670435652136803e-03 5.516374320723116398e-02
-9.776870301720919088e-03 5.015139025636017323e-02
-1.492158561086398549e-02 4.928896768251433969e-02
-9.228464728948893026e-03 5.175659625092521310e-02
-6.299163494986714795e-03 5.197291581134777516e-02
-5.605167716566938907e-04 5.355046123440843076e-02
-2.857504459825577214e-03 4.553742978896480054e-02
-1.076128897329908796e-02 4.916829561989288777e-02
-8.307213243824662641e-03 5.642493667255621403e-02
-5.393404560891212896e-03 4.778034651826601475e-02
6.943991866137366742e-04 4.820452890999149531e-02
-7.531604311225237325e-03 4.730061137524899095e-02
-3.814354819041909650e-03 5.259484493581112474e-02
-8.448239230347098783e-03 5.525100672093685716e-02
-1.077305390572291799e-02 4.919103741121944040e-02
-4.772158386913361028e-03 4.789517050085123628e-02
-6.488266099040629342e-03 5.125782125105615705e-02
-1.140964047590387054e-02 5.398168669489677995e-02
-9.375527199154021218e-03 5.657615534437354654e-02
-1.243491254354012199e-02 5.137739352358039469e-02
-6.533800322358729318e-03 5.291620663774665445e-02
-1.251060066351783462e-02 5.016317193803843111e-02
-9.398377664183499292e-03 5.263573814590927213e-02
-1.536336604112875648e-02 4.549970709194894880e-02
-1.060011114532244392e-02 5.226695862074848264e-02
-1.838876602778327651e-02 5.496026480977889150e-02
-1.415515195185435005e-02 5.298287489858921617e-02
-1.567540299220127054e-02 5.401545738277491182e-02
-1.684307940377038904e-02 4.725370997039135545e-02
-1.234337482674163766e-02 5.200913290900643915e-02
-1.624895427448791452e-02 4.729817922634538263e-02
-2.081150962112587877e-02 5.456893726659473032e-02
-1.652924045993131585e-02 5.418637617549393326e-02
-1.372994999474030919e-02 4.897603149584028870e-02
-2.031335798164946027e-02 5.063197251001838595e-02
-1.355772237366181798e-02 4.834839819523040205e-02
-1.819802546015125699e-02 5.308519328536931425e-02
-1.956472294477862306e-02 5.359794340620283037e-02
-2.282523042595130391e-02 5.545637210889253765e-02
-1.929025077333790250e-02 5.592344720207620412e-02
