1.380309455221651743e-02 4.904279166492921116e-02
8.806068450212478638e-03 9.940381161868572235e-03
1.790790259838104248e-02 1.852301135659217834e-02
2.592342067509889603e-02 2.368873963132500648e-02
2.666909265099093318e-02 2.929691784083843231e-02
2.690819071722216904e-02 3.693656995892524719e-02
3.212260294822044671e-02 3.137712785974144936e-02
2.818980140727944672e-02 2.951842267066240311e-02
2.599418818135745823e-02 2.888044435530900955e-02
2.571720600826665759e-02 3.552339505404233932e-02
2.949225547490641475e-02 3.599696944002062082e-02
2.514931670157238841e-02 3.776966512668877840e-02
1.885047246469184756e-02 4.109081195201724768e-02
1.839539161301217973e-02 3.320851118769496679e-02
2.581017123884521425e-02 3.915894532110542059e-02
2.438781489036045969e-02 4.120506776962429285e-02
1.852826293907128274e-02 3.411316324491053820e-02
2.112193623906932771e-02 2.895131299737840891e-02
1.440008761710487306e-02 3.583792608696967363e-02
1.266363621107302606e-02 2.962627040687948465e-02
1.789188836119137704e-02 3.604805900249630213e-02
1.704780614818446338e-02 3.360538987908512354e-02
1.281023208866827190e-02 2.505676879081875086e-02
1.787275957758538425e-02 3.155168902594596148e-02
2.513187096337787807e-02 3.100374533096328378e-02
2.043585429782979190e-02 2.764418028527870774e-02
1.831281554768793285e-02 3.429480694467201829e-02
2.077007663319818676e-02 3.826781042153015733e-02
1.366515827248804271e-02 3.324516216525807977e-02
1.065128340269438922e-02 3.000498103210702538e-02
4.789091617567464709e-03 3.705915488535538316e-02
5.996405117912217975e-03 4.201005963841453195e-02
1.274941439623944461e-02 4.227991728112101555e-02
1.520583985256962478e-02 3.635642491281032562e-02
2.114813795196823776e-02 3.459232894238084555e-02
2.466630676644854248e-02 3.810770122800022364e-02
2.590969772427342832e-02 4.151104774791747332e-02
1.872919089510105550e-02 4.763338866177946329e-02
2.175501346937380731e-02 4.545646731276065111e-02
2.686255224398337305e-02 4.557138744712574407e-02
2.968852510093711317e-02 3.766336448461515829e-02
2.642253515659831464e-02 4.329444391623837873e-02
3.280660751624964178e-02 3.703024022252066061e-02
2.421066034003160894e-02 4.031928994663758203e-02
2.873569363146089017e-02 4.062193730351282284e-02
2.990678543574176729e-02 4.334476921212626621e-02
2.466670455760322511e-02 3.650019043561769649e-02
2.686092918156646192e-02 3.529624576185597107e-02
2.560667527723126113e-02 3.703739638876868412e-02
2.269060394610278308e-02 3.402419696067227051e-02
1.788885981659404933e-02 3.532237890613032505e-02
