-7.946275818644160313e-03 4.968378353881855447e-02
-6.773924455046653748e-03 9.924144484102725983e-03
-5.273053306154906750e-03 1.977479550987482071e-02
-4.422141006216406822e-03 2.968123182654380798e-02
-6.543321302160620689e-03 3.912526648491621017e-02
-2.094215946272015572e-03 4.871612135320901871e-02
-8.021383313462138176e-03 5.611746711656451225e-02
-4.631479969248175621e-03 6.263619801029562950e-02
-2.652641618624329567e-03 6.203121208818629384e-02
-2.130051143467426300e-05 5.716854968341067433e-02
-2.373443450778722763e-03 5.402191617758944631e-02
-7.719491142779588699e-03 5.157048680121079087e-02
-4.095851909369230270e-03 6.046615407103672624e-02
-4.322498571127653122e-03 5.996957345632836223e-02
-5.550907924771308899e-03 6.596953066764399409e-02
-6.534728454425930977e-03 6.012115691555663943e-02
-7.717280415818095207e-03 6.133384554414078593e-02
-5.809345282614231110e-03 6.328541127732023597e-02
-9.794964920729398727e-03 6.105916359229013324e-02
-4.012320190668106079e-03 6.432585808215662837e-02
-3.012213855981826782e-03 5.929397809086367488e-02
-1.121634058654308319e-02 5.371612793533131480e-02
-8.057788014411926270e-03 6.039313803194090724e-02
-1.888503786176443100e-03 6.337373744463548064e-02
-3.910253988578915596e-03 5.642180511495098472e-02
-3.043277014512568712e-03 6.407096696784719825e-02
7.513537420891225338e-04 6.739533244399353862e-02
-4.782980366144329309e-03 5.980084062321111560e-02
3.656390996184200048e-03 6.776573759270831943e-02
6.794008135329931974e-03 6.252984533784911036e-02
7.501716725528240204e-03 5.733797949505969882e-02
3.231292124837636948e-03 5.886033450951799750e-02
-5.498867947608232498e-03 6.024305737810209394e-02
-8.154222741723060608e-04 6.009190596523694694e-02
3.452023491263389587e-03 6.154829773004166782e-02
-1.571886241436004639e-03 5.568114944617263973e-02
-4.178783856332302094e-04 5.555719563562888652e-02
2.340538660064339638e-03 5.598770327924285084e-02
5.518693942576646805e-03 5.204596336989197880e-02
3.294431138783693314e-03 5.250968989275861531e-02
-4.400837235152721405e-03 5.207945463189389557e-02
-6.978332530707120895e-04 5.369201533903833479e-02
1.348669640719890594e-03 5.964749444683548063e-02
-8.769892156124114990e-04 5.851364064437802881e-02
3.973426762968301773e-03 5.184560058114584535e-02
7.428166689351201057e-03 5.888421762210782617e-02
5.795829114504158497e-03 5.669672552903648466e-02
6.604312453418970108e-03 6.048153921437915415e-02
8.637594990432262421e-03 5.800779628043528646e-02
4.258054308593273163e-03 5.423443739709910005e-02
4.905044857878237963e-03 5.293940844421740621e-02
