1.206180036077888346e-02 4.926989962751404661e-02
2.981963101774454117e-03 7.183649577200412750e-03
7.028574589639902115e-03 1.679567806422710419e-02
1.323630521073937416e-02 2.383493166416883469e-02
1.114145596511662006e-02 2.848589606583118439e-02
1.355670997872948647e-02 3.360269498080015182e-02
1.362305948714492843e-02 3.197053214535117149e-02
7.420755682687740773e-03 3.421857603825628757e-02
8.155027688189875335e-03 4.115710151381790638e-02
1.392844906513346359e-02 3.551353397779166698e-02
1.016427209106041119e-02 3.032988938502967358e-02
1.015013506184914149e-02 3.146784449927508831e-02
1.442607448916533031e-02 2.953494340181350708e-02
1.009259096827008761e-02 3.564370889216661453e-02
9.925531663611764088e-03 3.512412449344992638e-02
8.236194236815208569e-03 3.285547276027500629e-02
4.257420750946039334e-03 2.789135766215622425e-02
5.781801159173483029e-03 2.375239110551774502e-02
5.566479379922384396e-03 3.060307237319648266e-02
2.419497326627606526e-03 3.821778367273509502e-02
8.883794744178885594e-03 4.339598002843558788e-02
8.673644264490576461e-03 3.743921336717903614e-02
8.251015144196571782e-03 3.624361101537942886e-02
2.346780198422493413e-03 4.080554423853754997e-02
1.496058644988806918e-03 3.526828903704881668e-02
8.130881691613467410e-03 4.240063298493623734e-02
1.214422447446850128e-02 4.672797769308090210e-02
7.726926578470738605e-03 4.200661182403564453e-02
5.186971964576514438e-03 3.735028626397252083e-02
6.904773053975077346e-03 4.111135355196893215e-02
6.897425589613703778e-03 4.015239235013723373e-02
1.926058748267678311e-03 3.610839508473873138e-02
6.965321333609608700e-03 4.053229000419378281e-02
7.512497909829107812e-03 3.501054365187883377e-02
8.036513308525172761e-03 3.355635423213243484e-02
9.530961474865762284e-03 4.009234206750988960e-02
4.031204114198772004e-03 4.428153764456510544e-02
3.815032968759624055e-03 4.148436919786036015e-02
3.172963411543605616e-03 4.093956964788958430e-02
2.711244994770822814e-03 3.718701138859614730e-02
1.052109776992438128e-03 4.173571098363026977e-02
3.614457343701360514e-03 3.904532775050029159e-02
2.509616102088330081e-03 3.742488852003589272e-02
3.608763819556770613e-03 3.569984907517209649e-02
2.070805426683364203e-03 4.207624407717958093e-02
9.780761223282752326e-03 3.432978695491328835e-02
6.942169876765547087e-03 4.055867023998871446e-02
5.653648074712691596e-03 4.071187086810823530e-02
5.039993227455852320e-03 4.021707961510401219e-02
1.098399005923056393e-02 3.715892384934704751e-02
7.130061761472461512e-03 4.339023509237449616e-02
