-2.700744996275324106e-02 4.628394282801977233e-02
-2.449554158374667168e-04 9.575678966939449310e-03
-5.226015928201377392e-04 1.753654889762401581e-02
4.853137594182044268e-03 2.727012336254119873e-02
2.140184456948190928e-03 2.720711708388989791e-02
7.843247207347303629e-03 3.529842339776223525e-02
1.370095327729359269e-02 3.848252121679252014e-02
9.149081131909042597e-03 4.073525967396562919e-02
1.385001098969951272e-02 4.784943864069646224e-02
1.911113649839535356e-02 4.046317518077557907e-02
1.367295585805550218e-02 3.829887162282830104e-02
1.064055768074467778e-02 4.054241792618995532e-02
1.416140148648992181e-02 3.978315609128912911e-02
1.628603396238759160e-02 3.994212643738137558e-02
1.797582436120137572e-02 3.383541311632143334e-02
2.055083907907828689e-02 3.645634250278817490e-02
1.409953547408804297e-02 3.798559384449617937e-02
9.272132941987365484e-03 4.614157119794981554e-02
7.501813059207051992e-03 4.323610460414784029e-02
7.607133273268118501e-03 4.625265516369836405e-02
6.237104447791352868e-03 3.777908004849450663e-02
6.374545599101111293e-03 4.209753062605159357e-02
6.738145835697650909e-03 4.141253379202680662e-02
3.093758132308721542e-03 4.459198850236134604e-02
4.856201820075511932e-03 4.819604993826942518e-02
7.460121996700763702e-04 4.424180888599948958e-02
1.430092961527407169e-04 3.991086275345878676e-02
-3.145803173538297415e-03 4.595256230822997168e-02
3.895071859005838633e-03 4.228377139224903658e-02
1.185222953790798783e-02 5.114733969821827486e-02
1.212526290328241885e-02 4.601617606385843828e-02
9.233496530214324594e-03 4.484337190660880879e-02
1.033505951636470854e-02 5.363609171035932377e-02
9.212522330926731229e-03 4.629301134991692379e-02
7.854746450902894139e-03 4.394169519218849018e-02
9.039925207616761327e-03 4.954363028082298115e-02
9.039944281102663126e-03 4.558094352978514507e-02
6.528019915567284670e-03 4.204492428834782913e-02
6.893656256142577377e-03 3.747457796271191910e-02
5.790391627233049121e-03 4.088000575575279072e-02
4.499924292321821895e-03 3.885704436834203079e-02
3.759455790277144160e-03 4.209762969549046829e-02
7.598466861526986804e-03 4.716794257547007874e-02
9.057941420469006744e-03 4.741198068222729489e-02
3.877670078072270599e-03 4.193225886410800740e-02
8.694541680160483565e-03 4.532281413412420079e-02
1.520387040683957025e-02 4.175395389756886289e-02
1.202086083823772356e-02 4.312071820459095761e-02
1.708916532108517572e-02 4.160896443499950692e-02
8.041786535176953521e-03 4.211805602972162887e-02
1.408848822349639818e-02 4.015171253558946773e-02
