-2.507417380953212704e-02 4.680540174891777150e-02
9.051773697137832642e-03 9.525328874588012695e-03
1.542894821614027023e-02 1.899324264377355576e-02
1.192394783720374107e-02 2.865638583898544312e-02
1.967757847160100937e-02 2.990455948747694492e-02
2.190915727987885475e-02 3.141420322936028242e-02
1.811293046921491623e-02 3.598014439921826124e-02
2.514873910695314407e-02 3.484670014586299658e-02
2.666143106762319803e-02 3.429665893781930208e-02
2.578630612697452307e-02 3.419232578016817570e-02
1.982102345209568739e-02 3.492321341764181852e-02
2.100897859781980515e-02 3.145225381013005972e-02
2.222844189964234829e-02 3.362054203171283007e-02
1.886411616578698158e-02 3.428221796639263630e-02
2.180863567627966404e-02 3.705857950262725353e-02
2.155299790319986641e-02 3.640337008982896805e-02
2.705896113184280694e-02 3.025375772267580032e-02
2.411771149490959942e-02 3.184355422854423523e-02
2.651769600925035775e-02 2.956043300218880177e-02
2.654262386386108119e-02 2.808231592644006014e-02
2.644199215319531504e-02 3.049555781763046980e-02
2.809594351310806815e-02 3.512998099904507399e-02
2.975545719709771220e-02 3.563189978012815118e-02
2.540266130563395564e-02 3.554096037987619638e-02
2.826179110888915602e-02 3.045763971749693155e-02
3.057151998837071005e-02 3.227967862039804459e-02
2.560991387326794211e-02 3.228107813743008592e-02
2.510278504087182228e-02 2.631897173819197633e-02
1.973637258379312698e-02 3.042197667059554078e-02
2.735169063998910133e-02 3.431187706996752240e-02
2.883374104021640960e-02 3.421239691783739545e-02
2.055658092467638198e-02 3.289551576131088950e-02
2.353457915342005435e-02 3.117009365928424813e-02
1.890925266525300685e-02 3.193952402330069162e-02
1.890243508614730672e-02 3.221579990463396825e-02
2.381078677944969968e-02 3.750117845015665807e-02
2.161294536426794366e-02 3.586042591018667736e-02
2.423192083597314195e-02 3.983542381433835544e-02
2.116343809984755353e-02 3.951886115942215838e-02
2.017382881831508712e-02 3.682123130533909716e-02
1.673400914523881511e-02 3.013802977625346102e-02
2.099221991602462367e-02 3.174593421977078833e-02
1.952987001504880027e-02 3.757823800083315291e-02
2.302725124400240020e-02 3.989212360579585948e-02
2.320326495328117744e-02 3.490529401574349322e-02
2.282656420948114828e-02 3.868249507036125578e-02
2.209443500260022120e-02 4.001492116481131234e-02
2.034108335146811442e-02 3.700773109562760510e-02
2.531094610685613588e-02 3.220018668912416615e-02
2.227863267989960150e-02 3.899637860126858868e-02
1.728623890312519507e-02 3.347788163341647305e-02
