-4.492404974764239306e-02 3.934108659665692953e-02
9.282917715609073639e-03 7.677012588828802109e-03
1.818896923214197159e-02 1.685330690816044807e-02
2.719793096184730530e-02 2.600938221439719200e-02
2.693251267191953957e-02 3.255039360374212265e-02
2.786098970682360232e-02 3.494694503024220467e-02
2.303840909735299647e-02 3.611042408738285303e-02
2.619475024403072894e-02 4.231662175152450800e-02
2.083151592523790896e-02 3.817364957649260759e-02
2.708054325194098055e-02 4.038181912619620562e-02
2.235166952596046031e-02 3.518619912210851908e-02
1.940724664018489420e-02 4.036000382620841265e-02
1.981809787685051560e-02 3.379593894351273775e-02
1.881694310577586293e-02 4.231759358663111925e-02
1.380066509591415524e-02 3.945476340595632792e-02
1.228229765547439456e-02 3.924291003204416484e-02
1.720172277418896556e-02 3.981963141995947808e-02
1.468675484647974372e-02 3.557797444227617234e-02
1.734683028189465404e-02 3.518602981057483703e-02
2.287520392565056682e-02 3.621035472315270454e-02
1.756345544708892703e-02 3.483538709406275302e-02
1.754667733621317893e-02 3.887455405492801219e-02
1.910586930171120912e-02 3.430360842321533710e-02
1.551204426505137235e-02 4.014460377220530063e-02
2.292341897555161268e-02 3.306409537617582828e-02
2.167067299888003618e-02 3.539132776495534927e-02
1.977771062229294330e-02 4.114727892738301307e-02
1.648911026131827384e-02 3.819035396736580878e-02
1.355114493344444782e-02 3.490553733718115836e-02
1.791694674466270953e-02 3.540862795489374548e-02
1.423960838292259723e-02 3.124519136326853186e-02
1.560378466092515737e-02 3.345862637797836214e-02
2.032924788363743573e-02 3.304733765253331512e-02
1.710503846697974950e-02 3.280227734649088234e-02
1.579586959269363433e-02 3.418194838741328567e-02
1.416814183176029474e-02 3.258566568547394127e-02
1.721366723359096795e-02 3.588508778193499893e-02
1.213522297621238977e-02 3.822634635434951633e-02
1.997525752813089639e-02 3.784129380073864013e-02
1.797817293845582753e-02 3.173441051330883056e-02
2.138865292363334447e-02 2.983701585617382079e-02
2.295553982548881322e-02 3.364013654936570674e-02
2.304301083495374769e-02 3.843080119986552745e-02
1.581035506387706846e-02 3.074100900266785175e-02
1.959558854287024587e-02 3.309172189619857818e-02
1.962689528590999544e-02 3.577930720348376781e-02
2.404740950441919267e-02 3.492645594815257937e-02
2.584483995451591909e-02 3.704501713218633085e-02
1.806934745400212705e-02 2.938775603251997381e-02
2.029701726860366762e-02 3.475087440165225416e-02
1.696322517818771303e-02 3.979311954753939062e-02
