-9.501096327854156864e-02 -1.880838483047682710e-02
-9.973531588912010193e-03 -7.689663674682378769e-03
-1.926849223673343658e-02 -1.599665591493248940e-02
-2.920665498822927475e-02 -2.441966393962502480e-02
-3.912216704338788986e-02 -3.295300574973225594e-02
-4.898449685424566269e-02 -2.559915883466601372e-02
-5.888495594263076782e-02 -2.753491862677037716e-02
-6.587996752932667732e-02 -3.530913195572793484e-02
-7.543299300596117973e-02 -3.079423983581364155e-02
-8.299287222325801849e-02 -3.567228489555418491e-02
-9.186819102615118027e-02 -3.390872175805270672e-02
-9.585989499464631081e-02 -2.729753660969436169e-02
-9.208628931082785130e-02 -2.671725203981623054e-02
-8.853180450387299061e-02 -3.442533634370192885e-02
-9.667631727643311024e-02 -2.885774424066767097e-02
-8.971229684539139271e-02 -2.619380777468904853e-02
-9.545090212486684322e-02 -2.112046297406777740e-02
-9.724311123136430979e-02 -2.652093296637758613e-02
-1.041934207314625382e-01 -3.335326950764283538e-02
-1.000788194360211492e-01 -2.885703271022066474e-02
-1.025173085508868098e-01 -2.708462666487321258e-02
-9.564250882249325514e-02 -2.402088948292657733e-02
-1.000925259431824088e-01 -3.163671743823215365e-02
-1.017923651961609721e-01 -3.217602678341791034e-02
-9.675813082139939070e-02 -3.443586401408538222e-02
-1.028092018095776439e-01 -2.643406804418191314e-02
-1.057475010165944695e-01 -2.752846170915290713e-02
-9.799735725391656160e-02 -2.797530996031127870e-02
-9.936567302793264389e-02 -3.276722584269009531e-02
-1.002881145104765892e-01 -2.825324455625377595e-02
-1.013364171376451850e-01 -3.124774838215671480e-02
-1.031325809890404344e-01 -2.581722181639634073e-02
-1.007888108724728227e-01 -2.681337270769290626e-02
-9.626606677193194628e-02 -2.915348319220356643e-02
-9.415068372618407011e-02 -2.833564547472633421e-02
-9.386324748629704118e-02 -2.787435799837112427e-02
-9.331812965683639050e-02 -3.370888670906424522e-02
-9.302283872966654599e-02 -2.736626844853162766e-02
-9.530633900430984795e-02 -3.238800540566444397e-02
-9.753514433396048844e-02 -2.712194481864571571e-02
-9.782246136455796659e-02 -2.502448367886245251e-02
-1.017129929678048939e-01 -3.045001742430031300e-02
-1.065461939142551273e-01 -3.036058780708117411e-02
-9.756942148669622838e-02 -3.206834015873027965e-02
-1.017782251292373985e-01 -2.727713394415332004e-02
-9.652921007364057004e-02 -3.077906165708554909e-02
-1.041460075357463211e-01 -2.970277825806988403e-02
-9.966620951308868825e-02 -2.961349288671044633e-02
-9.866359268198721111e-02 -2.766467141191242263e-02
-9.764931953395716846e-02 -2.555506279895780608e-02
-1.036137123301159590e-01 -1.959951710159657523e-02
