-9.476281371444844615e-02 -1.806241811093484140e-02
-9.915526956319808960e-03 -9.697544155642390251e-04
-1.964299660176038742e-02 -6.538851070217788219e-03
-2.958914358168840408e-02 -7.827703724615275860e-03
-3.947040997445583344e-02 -1.014719286467880011e-02
-4.938236996531486511e-02 -1.037888326391112059e-02
-5.900068767368793488e-02 -1.897194147750269622e-02
-6.832802947610616684e-02 -2.455469737469684333e-02
-7.798699196428060532e-02 -2.424692163185682148e-02
-8.636150788515806198e-02 -2.772726547846104950e-02
-8.626146626193076372e-02 -1.952859164157416672e-02
-9.022648178506642580e-02 -1.492401595169212669e-02
-8.888032881077378988e-02 -1.550032313389237970e-02
-8.020478149410337210e-02 -1.933186453243251890e-02
-8.975513407494872808e-02 -1.984207132773008198e-02
-9.140835166908800602e-02 -1.757581216224934906e-02
-9.388013230636715889e-02 -1.466021533997263759e-02
-9.461176203330978751e-02 -1.992801656888332218e-02
-9.501903757336549461e-02 -1.233307119400706142e-02
-9.093742838012985885e-02 -1.528686621168162674e-02
-9.519658677163533866e-02 -1.472740630561020225e-02
-9.580015888786874712e-02 -1.608128460065927356e-02
-9.170083407661877573e-02 -9.192440993501804769e-03
-9.690188648528419435e-02 -1.167948996589984745e-02
-9.568566802772693336e-02 -1.621603999228682369e-02
-9.585452500323299319e-02 -1.788249878154601902e-02
-9.627109290158841759e-02 -1.499807029904332012e-02
-1.029998314479598776e-01 -2.044324377493467182e-02
-9.526892089343164116e-02 -1.584749935136642307e-02
-8.988711041456554085e-02 -1.645821506099309772e-02
-9.143096361367497593e-02 -1.778968142753001302e-02
-9.642954742594156414e-02 -1.461686774564441293e-02
-1.008934454439440742e-01 -1.816495157254394144e-02
-9.427159851475153118e-02 -1.907001766085159034e-02
-9.037932463979814202e-02 -2.312601175799500197e-02
-9.156252806133124977e-02 -2.087456551089417189e-02
-8.759049595391843468e-02 -1.944959493994247168e-02
-9.710785084462258965e-02 -2.010531576524954289e-02
-9.432528670004103333e-02 -2.012351902340014931e-02
-9.338136135193053633e-02 -1.646886139315029141e-02
-9.985742649587336928e-02 -1.528472932659497019e-02
-9.661518294888082892e-02 -1.617923468256776687e-02
-9.435949289763811976e-02 -1.305397363285010215e-02
-1.019074837822699919e-01 -1.090033139007573482e-02
-9.357553209702018648e-02 -1.553982795121555682e-02
-8.940320230612996966e-02 -2.026671283783798572e-02
-9.242499015817884356e-02 -1.706066258157079574e-02
-9.081973334832582623e-02 -1.312019951546972152e-02
-9.058134934457484633e-02 -1.574715735296194907e-02
-9.485654464515391737e-02 -1.833960223848407622e-02
-9.641821253171656281e-02 -1.413971135298197623e-02
