-8.738253944920051919e-02 -1.376016212069612610e-03
-9.557479992508888245e-03 -5.161395762115716934e-03
-1.947450917214155197e-02 -1.069121062755584717e-02
-2.932663820683956146e-02 -1.559172570705413818e-02
-3.929369710385799408e-02 -1.481909095309674740e-02
-4.918042756617069244e-02 -1.833949727006256580e-02
-5.912113189697265625e-02 -2.466782066039741039e-02
-6.869067903608083725e-02 -3.022490045987069607e-02
-7.808842509984970093e-02 -3.103426296729594469e-02
-8.247750671580433846e-02 -3.547656408045440912e-02
-9.204279491677880287e-02 -2.680713275913149118e-02
-9.377381985541433096e-02 -3.023437585216015577e-02
-9.243012371007353067e-02 -3.089064324740320444e-02
-9.495393803808838129e-02 -2.750617230776697397e-02
-9.713558724615722895e-02 -2.693743078270927072e-02
-9.649349504616111517e-02 -3.507150715449824929e-02
-9.871402138378471136e-02 -3.688205423532053828e-02
-9.291564102750271559e-02 -3.040938795311376452e-02
-1.006927922135218978e-01 -2.536287967814132571e-02
-9.942614706233143806e-02 -3.293292567832395434e-02
-9.644367848522961140e-02 -3.146708774147555232e-02
-9.701998683158308268e-02 -2.814809972187504172e-02
-1.042741580167785287e-01 -3.213086532196030021e-02
-1.051656855270266533e-01 -2.703857136657461524e-02
-1.047030736226588488e-01 -2.840611472493037581e-02
-1.077757622115314007e-01 -2.472385548753663898e-02
-1.064849164104089141e-01 -2.699492167448624969e-02
-1.019387989072129130e-01 -3.100579552119597793e-02
-1.000138252275064588e-01 -3.070243887486867607e-02
-9.371896705124527216e-02 -3.649839080753736198e-02
-9.510302916169166565e-02 -3.267698452691547573e-02
-1.007439657114446163e-01 -2.895755108329467475e-02
-1.055462383665144444e-01 -2.493138957652263343e-02
-1.059747552208136767e-01 -2.775039357948116958e-02
-1.030173767067026347e-01 -2.761468810786027461e-02
-9.651956098969094455e-02 -2.726222797355148941e-02
-1.015857341408263892e-01 -2.445740521943662316e-02
-1.036253359343390912e-01 -1.941074420756194741e-02
-9.954523827764205635e-02 -1.890679409552831203e-02
-9.805940065416507423e-02 -2.676869237620849162e-02
-1.041613949637394398e-01 -2.732553445093799382e-02
-9.843194411951117218e-02 -3.210966354527045041e-02
-1.049584338616114110e-01 -3.317140876606572419e-02
-9.984158512088470161e-02 -3.026028345630038530e-02
-9.674018152873031795e-02 -2.887943464156705886e-02
-1.004599309235345572e-01 -3.143389763135928661e-02
-1.013056141382548958e-01 -2.653475578699726611e-02
-1.087285214161965996e-01 -3.100741708476562053e-02
-1.034705456404481083e-01 -3.101468289059994277e-02
-9.888322316692210734e-02 -3.334526082289812621e-02
-1.007080545241478831e-01 -3.808012574700114783e-02
