-9.512228847426412726e-02 -1.914955048270965479e-02
-9.933091700077056885e-03 -7.672096136957406998e-03
-1.984527707099914551e-02 -1.677607139572501183e-02
-2.970957569777965546e-02 -2.254567528143525124e-02
-3.966871369630098343e-02 -1.993984123691916466e-02
-4.956886172294616699e-02 -2.153344464022666216e-02
-5.927874799817800522e-02 -2.873946505133062601e-02
-6.921096891164779663e-02 -2.649305656086653471e-02
-7.877599447965621948e-02 -2.996187878306955099e-02
-8.795327693223953247e-02 -3.009392095555085689e-02
-9.720744192600250244e-02 -3.219393205654341727e-02
-9.901779587380588055e-02 -3.246530365140642971e-02
-9.485228243283927441e-02 -3.278568397217895836e-02
-9.782666014507412910e-02 -2.847974804171826690e-02
-1.052922420203685760e-01 -3.013662119337823242e-02
-1.082975761964917183e-01 -3.710080460587050766e-02
-1.056676011066883802e-01 -4.186626627051737159e-02
-1.013958316762000322e-01 -4.017482952622231096e-02
-1.057201579678803682e-01 -3.473579626006539911e-02
-1.115279749501496553e-01 -3.474372248547297204e-02
-1.020462021697312593e-01 -2.889047279404621804e-02
-9.757933742366731167e-02 -3.774118512319546426e-02
-1.017833796795457602e-01 -3.911846243227046216e-02
-9.591635991819202900e-02 -4.072405300485115731e-02
-1.031990058254450560e-01 -3.404406640129309380e-02
-1.007491345517337322e-01 -2.733912826897721970e-02
-1.043772692792117596e-01 -3.095819238023977960e-02
-9.786079125478863716e-02 -2.736169817308109486e-02
-1.018961998634040356e-01 -3.100568470927100861e-02
-9.977953648194670677e-02 -2.951163596389960730e-02
-1.049364665523171425e-01 -3.539656273005675757e-02
-1.054368230979889631e-01 -3.077578901229571784e-02
-9.947914467193186283e-02 -2.985687258569669211e-02
-1.009930304717272520e-01 -2.997325065462064231e-02
-9.681935957632958889e-02 -2.958001139722910011e-02
-1.032414280343800783e-01 -2.907385829985287273e-02
-9.607791318558156490e-02 -3.157302028648700798e-02
-9.802732593379914761e-02 -3.167613929781509796e-02
-9.275979897938668728e-02 -3.492382107015146175e-02
-1.010379155632108450e-01 -2.689103441025508801e-02
-9.421701426617801189e-02 -2.413440061445726315e-02
-1.018882056232541800e-01 -2.879074759493960300e-02
-9.792112302966415882e-02 -3.097804783556057373e-02
-9.881081111961975694e-02 -2.665446427363349358e-02
-1.036477531888522208e-01 -2.553547891966445604e-02
-1.031363501097075641e-01 -2.723292502287222305e-02
-1.017005731700919569e-01 -2.344167869250668446e-02
-9.514156862860545516e-02 -2.375804224811872700e-02
-9.979890374233946204e-02 -2.552349538837006548e-02
-1.017709753359667957e-01 -2.941719861064484576e-02
-9.873877972131595016e-02 -3.146951528560748557e-02
