-9.554531611135103075e-02 -2.048572262138190214e-02
-9.904835373163223267e-03 3.785631619393825531e-03
-1.984811201691627502e-02 -6.977487355470657349e-04
-2.972502447664737701e-02 3.478087019175291061e-03
-3.956872690469026566e-02 -3.935449756681919098e-03
-4.871394392102956772e-02 -1.000195974484086037e-02
-5.674998275935649872e-02 -1.393955433741211891e-02
-6.629637815058231354e-02 -2.056706277653574944e-02
-7.534257508814334869e-02 -1.627087313681840897e-02
-8.328812755644321442e-02 -1.395037979818880558e-02
-8.604984544217586517e-02 -1.120872469618916512e-02
-8.629538916284218431e-02 -1.422441331669688225e-02
-8.975874382304027677e-02 -1.756009832024574280e-02
-8.905212482204660773e-02 -2.367056906223297119e-02
-8.199157094350084662e-02 -1.609601080417633057e-02
-8.853031223407015204e-02 -2.151985885575413704e-02
-8.267278497805818915e-02 -1.395459426566958427e-02
-8.894826698815450072e-02 -1.343119039665907621e-02
-8.383643202250823379e-02 -8.211294538341462612e-03
-8.095767087070271373e-02 -8.168883450707653537e-03
-8.068366951192729175e-02 -1.418688410558388568e-02
-8.312346876482479274e-02 -1.361392013859585859e-02
-8.811169068212620914e-02 -1.947487512734369375e-02
-8.849598804954439402e-02 -1.318130171057418920e-02
-8.041821571532636881e-02 -2.059323009234503843e-02
-8.548598468769341707e-02 -1.623767702039913274e-02
-8.747896843124181032e-02 -1.981193916071788408e-02
-8.670527033973485231e-02 -2.618517697919742204e-02
-7.961160608101636171e-02 -2.098990761805907823e-02
-7.906050037126988173e-02 -1.338812680114642717e-02
-8.516305347438901663e-02 -1.162471267525688745e-02
-8.271744160447269678e-02 -1.676947548185125925e-02
-9.044531697873026133e-02 -1.768231642563478090e-02
-8.829886082094162703e-02 -2.529906871859566309e-02
-7.966659672092646360e-02 -1.962950610686675645e-02
-8.605393476318567991e-02 -1.638746884782449342e-02
-8.303307357709854841e-02 -1.936089428272680379e-02
-7.961497607175260782e-02 -2.225819853265420534e-02
-8.318000368308275938e-02 -1.774605660830275156e-02
-7.702935987617820501e-02 -2.367275132928625681e-02
-8.398855885025113821e-02 -2.439022669932455756e-02
-7.646159024443477392e-02 -2.497006720295757987e-02
-7.858306786511093378e-02 -1.609312603613943793e-02
-8.341824042145162821e-02 -1.567708322909311391e-02
-7.812746532727032900e-02 -1.356646366548375227e-02
-7.803757795045385137e-02 -2.005553100389079191e-02
-8.501746765250572935e-02 -1.518062589821056463e-02
-8.853110604832181707e-02 -1.851343334783450700e-02
-8.287976103747496381e-02 -1.164114679340855218e-02
-7.999344080599257722e-02 -1.841734041590825655e-02
-8.728149490343639627e-02 -1.576298586223856546e-02
