-7.667806786213963999e-02 -1.141909176514022961e-01
-9.781877510249614716e-03 -9.906997904181480408e-03
-1.969370152801275253e-02 -1.986343786120414734e-02
-2.955834753811359406e-02 -2.976069785654544830e-02
-3.928633220493793488e-02 -3.973919805139303207e-02
-4.656393639743328094e-02 -4.960165731608867645e-02
-5.552461557090282440e-02 -5.954110156744718552e-02
-5.577148846350610256e-02 -6.947254668921232224e-02
-6.507079652510583401e-02 -7.862114813178777695e-02
-7.173584657721221447e-02 -8.744774200022220612e-02
-7.958721625618636608e-02 -9.717637300491333008e-02
-7.576551195234060287e-02 -1.040554773062467575e-01
-7.818807358853518963e-02 -1.041133492435619701e-01
-7.519439212046563625e-02 -1.016449064663902391e-01
-7.514152041767374612e-02 -9.897055944384192117e-02
-7.402874698527739383e-02 -1.037846370782062877e-01
-7.165383088067756034e-02 -1.112559801149473060e-01
-7.717175648213014938e-02 -1.098857134529680479e-01
-7.294892479330883361e-02 -1.058197467536956538e-01
-7.950439077467308380e-02 -9.937051953238551505e-02
-8.030627289917902090e-02 -1.039311503009230364e-01
-7.400728616994456388e-02 -1.069667433803260792e-01
-7.779607194606796838e-02 -1.013324974519491661e-01
-7.337617426310316660e-02 -9.950510018461500295e-02
-7.795892254580394365e-02 -1.042736310228065122e-01
-8.225870150272385217e-02 -9.960229952775989659e-02
-7.762618194465176202e-02 -1.063937621838704217e-01
-8.261698921342031099e-02 -1.090875822301313747e-01
-8.513782167938188650e-02 -1.090714615584147396e-01
-7.733298692983225919e-02 -1.058251434751582565e-01
-8.406251942869857885e-02 -1.002232465707493247e-01
-8.327962912517250516e-02 -1.017171577132103266e-01
-7.653546368601382710e-02 -1.079644150613603415e-01
-7.399407553384662606e-02 -1.018366668886301341e-01
-7.415393638439127244e-02 -9.847432603601191659e-02
-7.708129976890631951e-02 -1.021804282954690279e-01
-8.086047196775325574e-02 -1.033513447782752337e-01
-7.960025096326717176e-02 -1.009971652692911448e-01
-7.979670011627604254e-02 -1.067842565989849390e-01
-7.594711154888500459e-02 -1.043433283502963604e-01
-8.277828579957713373e-02 -1.018402564386633458e-01
-7.802846104095806368e-02 -1.038999182219413342e-01
-7.970048448260058649e-02 -1.056647372479346814e-01
-8.241617943349410780e-02 -1.018528081058320822e-01
-8.198806549262371846e-02 -1.022413570772187086e-01
-8.184619690655381419e-02 -1.066624654795305105e-01
-8.214687492363736965e-02 -1.039105404506699415e-01
-8.013314643540070392e-02 -1.072503758932725759e-01
-8.321977412924752571e-02 -1.073946131673437776e-01
-8.690761478283093311e-02 -1.055779422913474264e-01
-8.821161656305775978e-02 -1.032461932209116640e-01
