-7.597847021603088002e-02 -1.150174750634912618e-01
-9.782672859728336334e-03 -9.962607175111770630e-03
-1.951563451439142227e-02 -1.990919094532728195e-02
-2.942731045186519623e-02 -2.968180924654006958e-02
-3.894895408302545547e-02 -3.965776227414608002e-02
-4.734732024371623993e-02 -4.959284327924251556e-02
-5.673641152679920197e-02 -5.950973555445671082e-02
-6.636483408510684967e-02 -6.940715387463569641e-02
-7.407089741900563240e-02 -7.894598040729761124e-02
-8.191276295110583305e-02 -8.884033653885126114e-02
-8.191402597344676906e-02 -9.730077907443046570e-02
-8.166006370788636559e-02 -9.532030881382524967e-02
-7.497873367151441926e-02 -1.012151420582085848e-01
-6.871772860517921799e-02 -1.071434479672461748e-01
-7.412167056804719323e-02 -1.146217950154095888e-01
-8.162065479314151162e-02 -1.124780126847326756e-01
-7.423309772616448754e-02 -1.124345895113947336e-01
-7.009597379123988503e-02 -1.185724374117853586e-01
-6.469104835173311585e-02 -1.109756228725018445e-01
-6.719104061244252080e-02 -1.116528007878514472e-01
-6.013281597165587300e-02 -1.191675038753601257e-01
-6.643341761423471326e-02 -1.167316839309933130e-01
-6.712694623615789169e-02 -1.110389206769468728e-01
-7.444333861690211052e-02 -1.116298089364136104e-01
-7.524562900994169468e-02 -1.168686311320925597e-01
-7.076254062462794536e-02 -1.196220008750970010e-01
-6.957037857841896766e-02 -1.180882243534142617e-01
-7.182018267099010700e-02 -1.195835457510838751e-01
-6.576973892856585735e-02 -1.211737231678853277e-01
-6.743122259263145679e-02 -1.193883662672305945e-01
-6.759021977245538437e-02 -1.161442500633711461e-01
-6.549110763057797158e-02 -1.145347697056422476e-01
-7.001029640719025338e-02 -1.163868052281031851e-01
-6.540297657534210884e-02 -1.197675459879974369e-01
-7.370357528611748421e-02 -1.179046684737841133e-01
-7.157050037108092511e-02 -1.154885322648624424e-01
-6.545603425524859631e-02 -1.201757185954193119e-01
-6.724267207368939125e-02 -1.199393802271515597e-01
-6.992750602125852311e-02 -1.159747367673844565e-01
-7.235012190699308121e-02 -1.194109175303310622e-01
-6.968907254099576676e-02 -1.159106468730897177e-01
-6.525196215420692170e-02 -1.167139094504818786e-01
-6.990406044110386574e-02 -1.219899784955487121e-01
-7.004431136351740861e-02 -1.171895326297089923e-01
-6.617256174263275170e-02 -1.192431522249535192e-01
-7.217490081143296266e-02 -1.220459384094283450e-01
-7.467978111867523694e-02 -1.228950947588600684e-01
-7.967075788815236592e-02 -1.163361437684216071e-01
-7.206473349992847943e-02 -1.177812035493843723e-01
-6.579196722645974660e-02 -1.167214675406285096e-01
-7.078301431079125905e-02 -1.195241112327494193e-01
