-6.395025211349038285e-02 -1.268788999311320775e-01
-9.915043599903583527e-03 -9.920336306095123291e-03
-1.987558230757713318e-02 -1.985798217356204987e-02
-2.946451399475336075e-02 -2.942389249801635742e-02
-3.880543448030948639e-02 -3.937471751123666763e-02
-4.739744961261749268e-02 -4.900233447551727295e-02
-5.717592779546976089e-02 -5.881475470960140228e-02
-6.697147618979215622e-02 -6.861805357038974762e-02
-7.596834748983383179e-02 -7.701716851443052292e-02
-8.221573801711201668e-02 -8.645142801105976105e-02
-7.421011710539460182e-02 -9.631935507059097290e-02
-7.325756456702947617e-02 -1.051617674529552460e-01
-6.819991488009691238e-02 -1.136634228751063347e-01
-6.676043418701738119e-02 -1.199222961440682411e-01
-6.211465026717633009e-02 -1.262085763737559319e-01
-6.885548855643719435e-02 -1.313061728142201900e-01
-6.315949221607297659e-02 -1.374151809141039848e-01
-6.201231619343161583e-02 -1.297388765960931778e-01
-6.124625942902639508e-02 -1.285565302241593599e-01
-6.301195156993344426e-02 -1.270665071206167340e-01
-6.357434164965525270e-02 -1.261251292889937758e-01
-6.326926840119995177e-02 -1.297559990780428052e-01
-6.324584735193639062e-02 -1.284505834337323904e-01
-6.120060942703275941e-02 -1.277864553849212825e-01
-6.328039359868853353e-02 -1.242922201636247337e-01
-6.446799588957219385e-02 -1.289469233597628772e-01
-6.975940940537839197e-02 -1.348285695421509445e-01
-7.049776607527746819e-02 -1.295180317829363048e-01
-6.592254474162473343e-02 -1.269781027804128826e-01
-6.342557741663767956e-02 -1.265111671527847648e-01
-7.104534998870803975e-02 -1.336205302504822612e-01
-6.570125714279129170e-02 -1.275744711747393012e-01
-6.075346161014749669e-02 -1.271271037694532424e-01
-6.900182243771268986e-02 -1.282428979466203600e-01
-7.234382786191417836e-02 -1.215630212391261011e-01
-6.857917242086841725e-02 -1.308017355913762003e-01
-6.135579308829619549e-02 -1.232817994023207575e-01
-6.710656656287028454e-02 -1.254373394476715475e-01
-6.242183473295881413e-02 -1.303921925427857786e-01
-6.277625169241218828e-02 -1.301340639183763415e-01
-6.701339315259247087e-02 -1.272649205347988755e-01
-6.414275732458918355e-02 -1.267864418623503298e-01
-5.889149778158753179e-02 -1.220086336543317884e-01
-6.340972776160924695e-02 -1.248054761381354183e-01
-6.418111320454045199e-02 -1.220441158802714199e-01
-6.595876923165633343e-02 -1.188362965767737478e-01
-6.125169497317983769e-02 -1.264714834687765688e-01
-6.419659469611360691e-02 -1.234282921941485256e-01
-5.926738463676883839e-02 -1.186376224213745445e-01
-5.907886469140066765e-02 -1.281260979303624481e-01
-6.555953289716853760e-02 -1.197997658455278724e-01
