-4.728046399225005469e-02 -1.381167278368729823e-01
-9.900137782096862793e-03 -9.684688411653041840e-03
-1.970835495740175247e-02 -1.956960931420326233e-02
-2.956262044608592987e-02 -2.955544739961624146e-02
-3.859939053654670715e-02 -3.951370064169168472e-02
-4.832811560481786728e-02 -4.937382694333791733e-02
-5.798923037946224213e-02 -5.931173730641603470e-02
-6.755094230175018311e-02 -6.900568958371877670e-02
-7.494399603456258774e-02 -7.898999378085136414e-02
-7.869143900461494923e-02 -8.897844515740871429e-02
-7.443133299238979816e-02 -9.890315774828195572e-02
-7.081191963516175747e-02 -1.088876957073807716e-01
-7.298495527356863022e-02 -1.188510172069072723e-01
-6.640077475458383560e-02 -1.283474210649728775e-01
-5.844405572861433029e-02 -1.371901603415608406e-01
-6.212116987444460392e-02 -1.411424609832465649e-01
-6.225315421761479229e-02 -1.496765934862196445e-01
-6.241920321190264076e-02 -1.499999999999999944e-01
-6.420901742239948362e-02 -1.499999999999999944e-01
-6.699558625405188650e-02 -1.499999999999999944e-01
-6.210061207821127027e-02 -1.473563456442207042e-01
-5.838275326823350042e-02 -1.499999999999999944e-01
-6.182331683521624655e-02 -1.499999999999999944e-01
-6.150246980541851372e-02 -1.499999999999999944e-01
-6.021309141942765564e-02 -1.499999999999999944e-01
-6.169710574613418430e-02 -1.499999999999999944e-01
-6.546257190348114818e-02 -1.489757168805226628e-01
-5.951179224939551204e-02 -1.499999999999999944e-01
-6.443869914801325649e-02 -1.490316391340456847e-01
-7.081382801698055118e-02 -1.448146296082995776e-01
-6.656879266665782779e-02 -1.481661843485198859e-01
-6.173439823032822460e-02 -1.499999999999999944e-01
-6.928881989733781666e-02 -1.494300353573635165e-01
-6.351242667005863041e-02 -1.499999999999999944e-01
-6.516284529061522335e-02 -1.499999999999999944e-01
-6.737565212824847549e-02 -1.499999999999999944e-01
-7.313405266904737800e-02 -1.499999999999999944e-01
-6.432588315510656685e-02 -1.499999999999999944e-01
-6.853892152139451355e-02 -1.440148736350238268e-01
-5.928714164474513382e-02 -1.397363735362887327e-01
-6.051684623525943607e-02 -1.478439500555396025e-01
-6.447258951084222645e-02 -1.481891098141204510e-01
-6.218787316174712032e-02 -1.499999999999999944e-01
-6.493366356880869716e-02 -1.423476353287696783e-01
-6.151872394548263401e-02 -1.454325892031192724e-01
-6.111514924850780517e-02 -1.499999999999999944e-01
-6.380208961491007358e-02 -1.451822948642075006e-01
-6.905950659711379558e-02 -1.499999999999999944e-01
-6.099268941034097224e-02 -1.499999999999999944e-01
-5.644743477751035243e-02 -1.442458309233188574e-01
-6.324015518475789577e-02 -1.426917769480496589e-01
