-4.734268993052270780e-02 -1.380833111897048493e-01
-9.889321401715278625e-03 -9.887152351438999176e-03
-1.957038789987564087e-02 -1.982698496431112289e-02
-2.944394201040267944e-02 -2.961958292871713638e-02
-3.929268103092908859e-02 -3.950228355824947357e-02
-4.887644667178392410e-02 -4.930543527007102966e-02
-5.833778064697980881e-02 -5.896499007940292358e-02
-6.682176701724529266e-02 -6.882260087877511978e-02
-7.091094693168997765e-02 -7.845745421946048737e-02
-6.442422140389680862e-02 -8.817264065146446228e-02
-6.805768818594515324e-02 -9.619567729532718658e-02
-6.282520876266062260e-02 -1.059774579480290413e-01
-6.581369251944124699e-02 -1.156700355932116508e-01
-6.773367372807115316e-02 -1.246216325089335442e-01
-6.293956737499684095e-02 -1.321485466323792934e-01
-6.325407186523079872e-02 -1.341238992754369974e-01
-6.708805821835994720e-02 -1.347077148384414613e-01
-6.925236899405717850e-02 -1.314846544410102069e-01
-6.782269675750285387e-02 -1.371969829197041690e-01
-6.832865555770695210e-02 -1.379804728203453124e-01
-6.941171479411423206e-02 -1.378079078422160819e-01
-7.136873365379869938e-02 -1.361114476603688672e-01
-6.351419468410313129e-02 -1.308314777706982568e-01
-6.433619098970666528e-02 -1.288232899532886222e-01
-6.821069662692025304e-02 -1.230097676889272407e-01
-6.670137000037357211e-02 -1.305918980651767924e-01
-5.964571813819929957e-02 -1.293981243652524427e-01
-5.605692503741011024e-02 -1.354424302262486890e-01
-5.984927638201043010e-02 -1.287769382615806535e-01
-5.666218622354790568e-02 -1.338431901094736531e-01
-5.968289118027314544e-02 -1.331005317770177498e-01
-5.440545774763450027e-02 -1.359022241231286898e-01
-6.104658584808930755e-02 -1.358298175910022110e-01
-6.095950704184360802e-02 -1.312222775013651699e-01
-6.106922429171390831e-02 -1.277760263474192470e-01
-5.761051693116314709e-02 -1.342963670322205871e-01
-6.278580523212440312e-02 -1.334785233775619417e-01
-6.655887982924468815e-02 -1.370687441958580166e-01
-6.642657778866123408e-02 -1.415619127510581166e-01
-6.269825254275929183e-02 -1.422435019921977073e-01
-5.817276988818775862e-02 -1.352823211636859924e-01
-5.302507667511235923e-02 -1.352109589061001316e-01
-5.860453569039236754e-02 -1.291214266238966957e-01
-5.790819726826157421e-02 -1.292426690270076506e-01
-6.044901987479534000e-02 -1.270312212218414061e-01
-6.955807363556232303e-02 -1.291023485173354857e-01
-6.286972701491322368e-02 -1.342113490027259104e-01
-6.720920545922126621e-02 -1.362796956018428318e-01
-7.171870941238012165e-02 -1.276895971313933842e-01
-6.395361652539577335e-02 -1.339088966415147297e-01
-6.190355784201528877e-02 -1.289855711438576691e-01
