-6.326935559575661006e-02 -1.274402262554655829e-01
-9.981671348214149475e-03 -9.742535650730133057e-03
-1.928001735359430313e-02 -1.966208498924970627e-02
-2.925757877528667450e-02 -2.952298615127801895e-02
-3.903153259307146072e-02 -3.945499751716852188e-02
-4.897926002740859985e-02 -4.935819748789072037e-02
-5.881829839199781418e-02 -5.931841116398572922e-02
-6.853675190359354019e-02 -6.923907343298196793e-02
-7.692052144557237625e-02 -7.910978980362415314e-02
-7.898847595788538456e-02 -8.884420711547136307e-02
-7.747263810597360134e-02 -9.212582488544285297e-02
-7.732247255626134574e-02 -9.936139476485550404e-02
-7.232705011847428977e-02 -1.057079185266047716e-01
-6.751691849785856903e-02 -1.036730874329805374e-01
-7.115036036702804267e-02 -1.125322915613651276e-01
-7.222024697693996131e-02 -1.117023302940651774e-01
-6.945189504767768085e-02 -1.080387105466797948e-01
-7.303574468824081123e-02 -1.094965203665196896e-01
-7.621818568441085517e-02 -1.108083137078210711e-01
-7.334533959510736167e-02 -1.092848547268658876e-01
-6.896392602357082069e-02 -1.125406404025852680e-01
-7.702257644268684089e-02 -1.089415475726127625e-01
-7.283528355765156448e-02 -1.081489023636095226e-01
-7.925067210453562438e-02 -1.067924282397143543e-01
-7.410021332907490432e-02 -1.031604753225110471e-01
-7.348831565468572080e-02 -1.050844441051594913e-01
-7.608718899427913129e-02 -1.077190646319650114e-01
-7.066146665601991117e-02 -1.017174124135635793e-01
-7.413352289586327970e-02 -1.083220946020446718e-01
-6.644543362199328840e-02 -1.108113466179929674e-01
-7.494151973514817655e-02 -1.139872322673909366e-01
-7.766750882728956640e-02 -1.127130935783497989e-01
-7.306707938550971448e-02 -1.058345196652226150e-01
-6.575325093581341207e-02 -1.033402811153791845e-01
-7.385910823359154165e-02 -1.045609395368956029e-01
-7.316605522646568716e-02 -1.092611722997389734e-01
-7.967226495384238660e-02 -1.066369299660436809e-01
-7.778095125104300678e-02 -1.097932985867373645e-01
-8.088236625189892948e-02 -1.037803438375703990e-01
-8.027457891148515046e-02 -1.056319644558243454e-01
-7.999819217366166413e-02 -1.044569662190042436e-01
-7.668762866524048150e-02 -1.013364772661589086e-01
-8.061804369208402932e-02 -9.857576660579070449e-02
-7.993522481410764158e-02 -9.827132039936259389e-02
-8.158301128423772752e-02 -9.823413544654613361e-02
-7.828864114708267152e-02 -1.010934382429695688e-01
-8.009770521312020719e-02 -9.793191964126890525e-02
-8.000596531928749755e-02 -9.430080235324567184e-02
-7.670248521753819659e-02 -1.006033532539731823e-01
-7.793570112698944286e-02 -1.040830495985574089e-01
-7.706778241117717698e-02 -9.909718532435363159e-02
