-4.555693039667444572e-02 -1.390200319750142799e-01
-9.691542014479637146e-03 -9.706721641123294830e-03
-1.887990441173315048e-02 -1.968597900122404099e-02
-2.753605879843235016e-02 -2.965847868472337723e-02
-3.519436251372098923e-02 -3.960776235908269882e-02
-4.358344525098800659e-02 -4.947440885007381439e-02
-4.830605955794453621e-02 -5.946317594498395920e-02
-5.624726926907896996e-02 -6.940682418644428253e-02
-5.108120385557413101e-02 -7.929716259241104126e-02
-5.571541702374815941e-02 -8.920560684055089951e-02
-4.927953286096453667e-02 -9.879363141953945160e-02
-5.591912660747766495e-02 -1.082502193748950958e-01
-5.366730247624218464e-02 -1.178066441789269447e-01
-4.614526568911969662e-02 -1.274313423782587051e-01
-4.504814208485186100e-02 -1.369443666189908981e-01
-5.348037020303308964e-02 -1.467462731525301933e-01
-5.708132986910641193e-02 -1.499999999999999944e-01
-6.083782203495502472e-02 -1.499999999999999944e-01
-5.221483763307332993e-02 -1.499999999999999944e-01
-5.538160260766744614e-02 -1.499999999999999944e-01
-5.323249986395239830e-02 -1.499999999999999944e-01
-5.360887577990069985e-02 -1.499999999999999944e-01
-5.080677923979237676e-02 -1.499999999999999944e-01
-4.993804992409422994e-02 -1.499999999999999944e-01
-4.294983000727370381e-02 -1.499999999999999944e-01
-5.002190388040617108e-02 -1.499999999999999944e-01
-4.991634524776600301e-02 -1.499999999999999944e-01
-5.575816481723450124e-02 -1.499999999999999944e-01
-5.330651262192986906e-02 -1.499999999999999944e-01
-4.532113586901687086e-02 -1.499999999999999944e-01
-4.423890027101151645e-02 -1.499999999999999944e-01
-5.173748263041488826e-02 -1.499999999999999944e-01
-4.671505463193170726e-02 -1.499999999999999944e-01
-5.035006158868782222e-02 -1.499999999999999944e-01
-5.268432848970405757e-02 -1.456452441401779596e-01
-4.890699635143391788e-02 -1.499999999999999944e-01
-5.586048492114059627e-02 -1.499999999999999944e-01
-4.784129277686588466e-02 -1.499999999999999944e-01
-4.623829023330472410e-02 -1.463985967915505115e-01
-5.109594584791921079e-02 -1.499999999999999944e-01
-5.596985443844459951e-02 -1.499999999999999944e-01
-5.937926503247581422e-02 -1.499999999999999944e-01
-5.252955885953269899e-02 -1.499999999999999944e-01
-5.831103990203700960e-02 -1.499999999999999944e-01
-5.658256364404223859e-02 -1.499999999999999944e-01
-5.619615866453386843e-02 -1.499999999999999944e-01
-5.433408220415003598e-02 -1.499999999999999944e-01
-4.948467205394990742e-02 -1.499999999999999944e-01
-5.610237273504026234e-02 -1.499999999999999944e-01
-4.825541659374721348e-02 -1.499999999999999944e-01
-5.310921746422536671e-02 -1.499999999999999944e-01
