-6.175110472191983058e-02 -1.286562207687509674e-01
-9.982289746403694153e-03 -9.988253004848957062e-03
-1.992675755172967911e-02 -1.989670842885971069e-02
-2.894210908561944962e-02 -2.984442003071308136e-02
-3.868381492793560028e-02 -3.978681936860084534e-02
-4.846169799566268921e-02 -4.959454201161861420e-02
-5.757941678166389465e-02 -5.932888481765985489e-02
-6.540170684456825256e-02 -6.931016594171524048e-02
-7.356769870966672897e-02 -7.924999855458736420e-02
-7.298807572806254029e-02 -8.914849720895290375e-02
-7.284100484685041010e-02 -9.852192085236310959e-02
-6.528275078744627535e-02 -1.084926882758736610e-01
-5.864115190342999995e-02 -1.181318433955311775e-01
-5.598790376097895205e-02 -1.267788391560316086e-01
-5.835632039816118777e-02 -1.307542151771485806e-01
-5.826601936132647097e-02 -1.263001305051147938e-01
-6.161802486167289317e-02 -1.331958416849374771e-01
-6.169327929819701239e-02 -1.366130986716598272e-01
-5.495473345945356414e-02 -1.339126613456755877e-01
-6.263371719251153991e-02 -1.282672125380486250e-01
-5.898766777681885287e-02 -1.325182209257036448e-01
-6.031867407000390813e-02 -1.384518865961581469e-01
-6.077929041202878579e-02 -1.311012560036033392e-01
-5.991623424779390916e-02 -1.365327194798737764e-01
-5.746749196987366304e-02 -1.405873063486069441e-01
-6.285303146432852373e-02 -1.342835051473230124e-01
-6.233745966892456636e-02 -1.283424587454646826e-01
-6.180972491711145267e-02 -1.302849204512313008e-01
-5.842780044622486457e-02 -1.387249288382008672e-01
-5.530736737273400649e-02 -1.304606759222224355e-01
-5.550348989345366135e-02 -1.383258114801719785e-01
-5.940134145930642262e-02 -1.400905892951413989e-01
-6.319657291896874085e-02 -1.393379864748567343e-01
-5.761580213584238663e-02 -1.368649015203118324e-01
-5.583021869097137824e-02 -1.383014390012249351e-01
-5.708845190383726731e-02 -1.456091961590573192e-01
-5.882154926803195849e-02 -1.462793604005128145e-01
-5.931609016988659278e-02 -1.384518791455775499e-01
-5.543042053614044562e-02 -1.405374598689377308e-01
-5.229915012751007453e-02 -1.420057135401293635e-01
-5.275432277267100289e-02 -1.388163847150281072e-01
-5.309396613301942125e-02 -1.402895385399460793e-01
-5.595682355487952009e-02 -1.461431304924190044e-01
-5.198201890016207471e-02 -1.469730166718363762e-01
-5.538541897112736478e-02 -1.397427967749536037e-01
-4.899539825419196859e-02 -1.450323304161429405e-01
-5.264166932465741411e-02 -1.499999999999999944e-01
-5.370620467147091404e-02 -1.435218980535864775e-01
-4.733444579323986545e-02 -1.427023639902472441e-01
-5.229604911437490955e-02 -1.378749265335500185e-01
-5.517926035827258602e-02 -1.443502913229167406e-01
