-7.669144970947114337e-02 -1.141749292283182754e-01
-9.938126429915428162e-03 -9.991609491407871246e-03
-1.991093810647726059e-02 -1.965606119483709335e-02
-2.981974929571151733e-02 -2.935409545898437500e-02
-3.937627840787172318e-02 -3.931524790823459625e-02
-4.909435845911502838e-02 -4.822033829987049103e-02
-5.867510195821523666e-02 -5.819770041853189468e-02
-6.855183187872171402e-02 -6.815485656261444092e-02
-7.673693913966417313e-02 -7.808250747621059418e-02
-8.134157769381999969e-02 -8.792632073163986206e-02
-8.121770016441587359e-02 -9.782458283007144928e-02
-8.767059493402484804e-02 -1.072332784533500671e-01
-8.138182714174035937e-02 -1.146900779567658901e-01
-8.261476586631033570e-02 -1.236001499928534031e-01
-8.418329899723175913e-02 -1.214229580946266651e-01
-7.864572621474508196e-02 -1.160295116715133190e-01
-8.156637290085200220e-02 -1.171038674656301737e-01
-8.298979910614434630e-02 -1.113451279234141111e-01
-8.163678682467434555e-02 -1.178717406000941992e-01
-8.544857580272946507e-02 -1.248747308272868395e-01
-7.988936513720545918e-02 -1.236395747400820255e-01
-8.530196514038834721e-02 -1.215964693110436201e-01
-8.086675744561944157e-02 -1.172869557049125433e-01
-8.097456079121911898e-02 -1.202116245403885841e-01
-7.771205050084972754e-02 -1.153448768891394138e-01
-7.913048132468247786e-02 -1.218955041840672493e-01
-7.425801255885744467e-02 -1.169005576521158218e-01
-7.605550738662714139e-02 -1.173055026447400451e-01
-8.057204096257919446e-02 -1.122252437053248286e-01
-7.551760666683549061e-02 -1.168626741273328662e-01
-7.974179715529317036e-02 -1.104933255119249225e-01
-7.800795415096217766e-02 -1.159405246144160628e-01
-8.207976303674513474e-02 -1.168468990363180637e-01
-8.477996077999705449e-02 -1.168126728589413688e-01
-7.817873705789679661e-02 -1.169552668288815767e-01
-8.451391125709051266e-02 -1.130348681763280183e-01
-8.734130996890598908e-02 -1.152862166345585138e-01
-9.187695149012142792e-02 -1.079686787270475179e-01
-8.662758113496238366e-02 -1.148189688392449170e-01
-8.131291761674219742e-02 -1.102225696959067136e-01
-7.995159281563246623e-02 -1.171688977919984609e-01
-8.336876388784730807e-02 -1.107634967484045774e-01
-8.186945910711074248e-02 -1.179313897446263582e-01
-8.463684129674220458e-02 -1.179359441352971771e-01
-8.772591930028283969e-02 -1.180063419865291507e-01
-8.349204911064589396e-02 -1.181712924712883250e-01
-8.440651905402773991e-02 -1.105646431656168716e-01
-8.323534738883608952e-02 -1.115889037005217688e-01
-8.432097381592029706e-02 -1.157333403803022520e-01
-8.517746927827829495e-02 -1.150024241628671007e-01
-8.616533815074944869e-02 -1.180057846336239891e-01
