-8.727025895449251613e-02 -9.882521789010081936e-02
-9.977359324693679810e-03 -9.881949052214622498e-03
-1.994035672396421432e-02 -1.966098509728908539e-02
-2.988076116889715195e-02 -2.937356475740671158e-02
-3.813660517334938049e-02 -3.931055124849081039e-02
-4.763395152986049652e-02 -4.924113489687442780e-02
-5.726935621351003647e-02 -5.922452453523874283e-02
-6.509934552013874054e-02 -6.917642708867788315e-02
-7.489896193146705627e-02 -7.782047986984252930e-02
-7.718831370584666729e-02 -8.446096349507570267e-02
-8.325106813572347164e-02 -8.475892711430788040e-02
-8.291736320825293660e-02 -9.205823251977562904e-02
-8.277641730092000216e-02 -9.298313682666048408e-02
-8.503889925486873835e-02 -8.969877444906160235e-02
-8.662518385972362012e-02 -8.956338369171135128e-02
-8.257736211817245930e-02 -8.709939333493821323e-02
-8.784041779290419072e-02 -8.581700533977709711e-02
-8.347556360240560025e-02 -8.236387823126278818e-02
-9.170581858779769391e-02 -9.044805061421357095e-02
-8.668406766082625836e-02 -8.564888159162364900e-02
-9.133667025889735669e-02 -8.841672106063924730e-02
-8.642109196807723492e-02 -9.574900692678056657e-02
-8.614753287110943347e-02 -8.948485911241732538e-02
-8.680068173271138221e-02 -8.926967084698844701e-02
-8.650964299158658832e-02 -9.070610821072477847e-02
-8.460522453242447227e-02 -9.241401842155028135e-02
-8.270324509066995233e-02 -9.293863760831300169e-02
-8.718672370014246553e-02 -9.062502255255822092e-02
-8.714759206122835167e-02 -8.632658609712962061e-02
-8.471502173415501602e-02 -8.407179849746171385e-02
-8.639218200187315233e-02 -8.901269479247275740e-02
-8.562629095467855223e-02 -9.294037126528564841e-02
-8.291903006102074869e-02 -9.372923157934565097e-02
-8.180444229583372362e-02 -9.566938244097400457e-02
-8.022820223777671345e-02 -9.424677812785375863e-02
-7.525840514063020237e-02 -8.861616808280814439e-02
-8.404520266412873752e-02 -8.768315870838705450e-02
-7.919828892408986576e-02 -8.827007965010125190e-02
-8.624353558479924686e-02 -9.140908422705251724e-02
-9.084688332586665638e-02 -9.051861947227735072e-02
-8.797697346381028183e-02 -8.661238972854334861e-02
-8.024133505023200996e-02 -8.449438175011891872e-02
-8.405698831847985275e-02 -8.553342540108133107e-02
-7.636025031752069481e-02 -9.239477683149743825e-02
-8.331363644174416550e-02 -8.968199668743181974e-02
-7.840717766157467850e-02 -8.536586603440809995e-02
-8.588290629631956108e-02 -8.699195280496496707e-02
-8.396279516819049604e-02 -8.485851420846302062e-02
-8.735938238169183023e-02 -9.122243088495451957e-02
-8.812662052878295071e-02 -8.207075794052798301e-02
-9.167673277624999173e-02 -8.900268639263231307e-02
