-7.803388241266155656e-02 -1.125356953715788699e-01
-9.697264060378074646e-03 -9.923597797751426697e-03
-1.961002871394157410e-02 -1.990806031972169876e-02
-2.852343954145908356e-02 -2.935165725648403168e-02
-3.837173990905284882e-02 -3.918286133557558060e-02
-4.793041385710239410e-02 -4.911421891301870346e-02
-5.756870936602354050e-02 -5.892620887607336044e-02
-6.627260241657495499e-02 -6.879166699945926666e-02
-7.560000568628311157e-02 -7.811140827834606171e-02
-8.060860354453325272e-02 -8.729666005820035934e-02
-8.020181735628284514e-02 -9.623364452272653580e-02
-8.059529442107304931e-02 -1.033477964811027050e-01
-7.902961637591943145e-02 -1.034327974703046493e-01
-8.329047349980100989e-02 -9.996323624363867566e-02
-8.070975210284814239e-02 -9.949768106889678165e-02
-7.292727142339572310e-02 -1.009263012601877563e-01
-7.567271188599988818e-02 -1.080312093763495795e-01
-7.599025324452668428e-02 -1.025203883691574447e-01
-7.516471343114972115e-02 -1.070289474955643527e-01
-8.168897917494177818e-02 -1.048523146237130277e-01
-7.663318933919072151e-02 -1.063518845985527150e-01
-8.201676234602928162e-02 -1.052641463975305669e-01
-7.711836928501725197e-02 -1.075841640631551854e-01
-7.498370180837810040e-02 -1.090424488575081341e-01
-7.591339538339525461e-02 -1.002887812719563954e-01
-8.284758368972688913e-02 -1.087226317540626042e-01
-7.739203388337045908e-02 -1.084259770505013876e-01
-7.432743499521166086e-02 -1.043046939812484197e-01
-7.401112985098734498e-02 -1.076419121745857410e-01
-7.325132563710212708e-02 -1.117551146235200576e-01
-7.296306447824463248e-02 -1.158248219799133949e-01
-7.394219894194975495e-02 -1.062429823141428642e-01
-7.835099712247028947e-02 -1.007736279789241962e-01
-7.837591126735787839e-02 -9.948500058817444369e-02
-8.243906583811622113e-02 -1.007231904586660676e-01
-8.666840980004053563e-02 -1.071942525377380662e-01
-8.452572782698553056e-02 -1.047002058403450064e-01
-8.706555135722737759e-02 -1.028981310009839945e-01
-9.059420942503493279e-02 -1.065314070947351865e-01
-8.299120065930765122e-02 -1.069294635890400968e-01
-8.957143004226963967e-02 -1.075449083800776862e-01
-8.964676613686606288e-02 -1.104673895388259552e-01
-8.624602918280288577e-02 -1.056163034736528061e-01
-8.241369150346145034e-02 -1.088597961570485495e-01
-7.635195873444899917e-02 -1.033547279293998145e-01
-8.126118540531024337e-02 -1.068667432627989911e-01
-8.595796342706307769e-02 -1.065580758368014358e-01
-7.966757559916004539e-02 -1.037455401019542478e-01
-8.252194657688960433e-02 -1.066252591190277599e-01
-7.692771352594718337e-02 -1.002281552282511257e-01
-8.074537006905302405e-02 -1.019395320545299910e-01
