-6.297959384515715298e-02 -1.276760629737311303e-01
-9.881221689283847809e-03 -9.964886121451854706e-03
-1.956361159682273865e-02 -1.990879420191049576e-02
-2.948557119816541672e-02 -2.984822634607553482e-02
-3.911859635263681412e-02 -3.978728130459785461e-02
-4.879656061530113220e-02 -4.976118821650743484e-02
-5.803332664072513580e-02 -5.960347130894660950e-02
-6.656572036445140839e-02 -6.957162357866764069e-02
-7.061531953513622284e-02 -7.951510418206453323e-02
-6.444364506751298904e-02 -8.916145935654640198e-02
-7.256725989282131195e-02 -9.896746184676885605e-02
-6.569065060466527939e-02 -1.080668224021792412e-01
-6.352197262458503246e-02 -1.153331738896667957e-01
-6.774800480343401432e-02 -1.243826062418520451e-01
-6.337960320524871349e-02 -1.266185003332793713e-01
-5.916541186161339283e-02 -1.260791045497171581e-01
-6.092390860430896282e-02 -1.207849534112028778e-01
-5.797157622873783112e-02 -1.293686518329195678e-01
-5.255598155781626701e-02 -1.287113067810423672e-01
-6.096554687246680260e-02 -1.209651900571770966e-01
-5.427935440093278885e-02 -1.139869059552438557e-01
-6.020896602421998978e-02 -1.219706780393607914e-01
-6.622627424076199532e-02 -1.208869523252360523e-01
-6.970632472075521946e-02 -1.233559953398071229e-01
-6.089123454876244068e-02 -1.246132789528928697e-01
-6.558477110229432583e-02 -1.217274891096167266e-01
-6.102386885322630405e-02 -1.249004767159931362e-01
-6.886126869358122349e-02 -1.165269228513352573e-01
-6.152442819438874722e-02 -1.249242142657749355e-01
-6.357316207140684128e-02 -1.275651987525634468e-01
-6.603138102218508720e-02 -1.351131928968243301e-01
-6.589607014029752463e-02 -1.324654460768215358e-01
-6.302818078256677836e-02 -1.285132171469740570e-01
-6.952253710187505931e-02 -1.353134221280924976e-01
-6.558636557019781321e-02 -1.380655581015162170e-01
-6.397166864189784974e-02 -1.393805884872563183e-01
-6.558219685393851250e-02 -1.351561879855580628e-01
-6.714804067451041192e-02 -1.348662614764180034e-01
-6.456526175315957516e-02 -1.322398305346723646e-01
-5.721241880382876843e-02 -1.313869428995531052e-01
-6.349189013417344540e-02 -1.287952281709294766e-01
-5.847264493058901280e-02 -1.240839005622547120e-01
-5.614462347875814885e-02 -1.279266678902786225e-01
-5.973214229743462056e-02 -1.288451444415841252e-01
-6.705991823400836438e-02 -1.287573813751805574e-01
-6.336449708032887429e-02 -1.305813347280491143e-01
-6.973015952098648995e-02 -1.276790176343638450e-01
-7.172913702379446477e-02 -1.244831024960149080e-01
-6.845309182244818658e-02 -1.273314403661061078e-01
-6.577976878907065839e-02 -1.221663807809818536e-01
-5.943798965017776936e-02 -1.161399008997250348e-01
