-4.558384133056028742e-02 -1.390062548900373729e-01
-9.961312636733055115e-03 -9.919465519487857819e-03
-1.933919172734022141e-02 -1.978625915944576263e-02
-2.912228181958198547e-02 -2.968046907335519791e-02
-3.814074490219354630e-02 -3.959767427295446396e-02
-4.791601747274398804e-02 -4.951938893646001816e-02
-5.676880944520235062e-02 -5.948834959417581558e-02
-6.307394942268729210e-02 -6.923635210841894150e-02
-6.142087548505514860e-02 -7.884709723293781281e-02
-5.671748972963541746e-02 -8.847123850136995316e-02
-5.972383718471974134e-02 -9.821661654859781265e-02
-5.569884867873042822e-02 -1.076769921928644180e-01
-4.848190664779394865e-02 -1.175822839140892029e-01
-4.477964399848133326e-02 -1.261898223310709000e-01
-4.482540904064080678e-02 -1.358000626787543297e-01
-4.514495131661533378e-02 -1.447451654821634293e-01
-4.823467845199047588e-02 -1.466770062688738108e-01
-4.280027758431970142e-02 -1.495484146289527416e-01
-4.409540723645477556e-02 -1.499999999999999944e-01
-4.391934466184466146e-02 -1.499999999999999944e-01
-5.087230098069994710e-02 -1.499999999999999944e-01
-4.622815991388051771e-02 -1.499999999999999944e-01
-5.066923214690177701e-02 -1.499999999999999944e-01
-4.828719445140450262e-02 -1.499999999999999944e-01
-4.189354250775068067e-02 -1.499999999999999944e-01
-4.989152657435624860e-02 -1.499999999999999944e-01
-4.449654579730122350e-02 -1.499999999999999944e-01
-5.161248030708520673e-02 -1.499999999999999944e-01
-4.458213154794066213e-02 -1.499999999999999944e-01
-4.342115588588058017e-02 -1.499999999999999944e-01
-4.259635042035370134e-02 -1.499999999999999944e-01
-4.297721455441205762e-02 -1.499999999999999944e-01
-4.626991343320696615e-02 -1.499999999999999944e-01
-4.642744671946275048e-02 -1.497255599591880981e-01
-4.745842290503787808e-02 -1.499999999999999944e-01
-4.647702532747644000e-02 -1.499999999999999944e-01
-4.754045205118018202e-02 -1.499999999999999944e-01
-4.578158929871278815e-02 -1.499999999999999944e-01
-4.628929805403458886e-02 -1.499999999999999944e-01
-4.496826727336156182e-02 -1.499999999999999944e-01
-5.110901298394310288e-02 -1.499999999999999944e-01
-4.682777107154834084e-02 -1.499999999999999944e-01
-4.059681000580894761e-02 -1.499999999999999944e-01
-4.344982195107149892e-02 -1.499999999999999944e-01
-3.870492761416244321e-02 -1.499999999999999944e-01
-4.240401096103596501e-02 -1.499999999999999944e-01
-3.971773090233909898e-02 -1.499999999999999944e-01
-4.231344635991263203e-02 -1.490800368832424228e-01
-4.345467972962069325e-02 -1.493109685165109057e-01
-4.748960405049729161e-02 -1.456944268924416919e-01
-4.061997455937671475e-02 -1.497393303347052951e-01
