-4.444386283958371570e-02 -1.395809302022270326e-01
-9.383548982441425323e-03 -9.969742037355899811e-03
-1.881748065352439880e-02 -1.992113143205642700e-02
-2.875184360891580582e-02 -2.984590083360671997e-02
-3.863554261624813080e-02 -3.976221568882465363e-02
-4.653076920658349991e-02 -4.963043890893459320e-02
-5.437618587166070938e-02 -5.905222799628973007e-02
-6.377582345157861710e-02 -6.868549529463052750e-02
-6.987279234454035759e-02 -7.849475741386413574e-02
-7.194033195264637470e-02 -8.840606827288866043e-02
-6.775696226395666599e-02 -9.805247932672500610e-02
-6.572580058127641678e-02 -1.077691987156867981e-01
-6.131467781960964203e-02 -1.172332484275102615e-01
-5.576137267053127289e-02 -1.269898600876331329e-01
-5.329327308572828770e-02 -1.357089187949895859e-01
-6.119530112482607365e-02 -1.399494698271155357e-01
-5.823476705700159073e-02 -1.360183968208730221e-01
-5.497021484188735485e-02 -1.411277861334383488e-01
-5.426988413091748953e-02 -1.494901780970394611e-01
-6.216579989995807409e-02 -1.478654186939820647e-01
-5.699798685964196920e-02 -1.430590696400031447e-01
-5.460566875990480185e-02 -1.422165508265607059e-01
-5.984693474601954222e-02 -1.390011973562650383e-01
-6.207042408641427755e-02 -1.427236259332858026e-01
-6.385363521985709667e-02 -1.456785082700662315e-01
-6.531056226231157780e-02 -1.400591253186576068e-01
-6.019043619744479656e-02 -1.382482158369384706e-01
-6.519175390712916851e-02 -1.457259412272833288e-01
-6.095192790962755680e-02 -1.444960816879756749e-01
-5.527957831509411335e-02 -1.418771788594312966e-01
-4.933921736665070057e-02 -1.359591137734241784e-01
-5.095331347547471523e-02 -1.443433452514000237e-01
-5.721784778870642185e-02 -1.429060663213022053e-01
-5.814335175091400743e-02 -1.425656260689720511e-01
-5.605955800274387002e-02 -1.382721270201727748e-01
-4.995283583411946893e-02 -1.384500111162196845e-01
-5.023383715888485312e-02 -1.410699581902008504e-01
-5.453504895558580756e-02 -1.436364035762380809e-01
-5.371074774302542210e-02 -1.454794911842327565e-01
-5.372762658589635976e-02 -1.477552537980955094e-01
-5.171296584376250394e-02 -1.438378102320712060e-01
-5.899703062095795758e-02 -1.473443633585702628e-01
-5.605681451925192960e-02 -1.404019612527918071e-01
-5.465743937020306475e-02 -1.434256392240058631e-01
-5.624367985365097411e-02 -1.494125956378411502e-01
-5.587599789214436896e-02 -1.499999999999999944e-01
-6.205518394199316390e-02 -1.422272805124521200e-01
-5.569681329143350013e-02 -1.436140362406149451e-01
-6.013729646292631514e-02 -1.362680166261270587e-01
-5.396421988916699775e-02 -1.446320011513307635e-01
-5.397386690037819790e-02 -1.438225748483091537e-01
