-6.379370877402411322e-02 -1.270088483283252356e-01
-9.799752384424209595e-03 -9.918491356074810028e-03
-1.948915235698223114e-02 -1.964310742914676666e-02
-2.939758822321891785e-02 -2.957284357398748398e-02
-3.914368432015180588e-02 -3.950484097003936768e-02
-4.895186424255371094e-02 -4.939449764788150787e-02
-5.851901601999998093e-02 -5.925470031797885895e-02
-6.489132856950163841e-02 -6.901401374489068985e-02
-6.391250831075012684e-02 -7.540704635903239250e-02
-6.528069474734365940e-02 -8.523268112912774086e-02
-6.303470348939299583e-02 -9.280146891251206398e-02
-6.036051618866622448e-02 -9.314887935761362314e-02
-5.389875196851789951e-02 -9.989715379197150469e-02
-6.208116584457457066e-02 -1.042805697070434690e-01
-5.672486615367233753e-02 -9.973899985197931528e-02
-6.047964468598365784e-02 -1.031027868157252669e-01
-6.383520853705704212e-02 -1.060237021883949637e-01
-5.678792274557054043e-02 -9.883936156984418631e-02
-5.591011559590697289e-02 -1.011769495671615005e-01
-5.830882629379630089e-02 -9.882311441469937563e-02
-6.206947518512606621e-02 -9.965254698181524873e-02
-6.305857188999652863e-02 -1.010747203254140913e-01
-5.764710204675793648e-02 -1.043201662250794470e-01
-5.963080353103578091e-02 -9.821327362442389131e-02
-6.432114704512059689e-02 -9.793026361148804426e-02
-5.880764615722000599e-02 -1.004819819936528802e-01
-5.426673660986125469e-02 -1.021689602639526129e-01
-5.672036530449986458e-02 -1.011712166946381330e-01
-6.045727129094302654e-02 -9.607519372366368771e-02
-5.614911555312573910e-02 -9.944721916690468788e-02
-5.970206134952604771e-02 -1.011836943216621876e-01
-6.443739705719053745e-02 -1.032440385315567255e-01
-5.684282607398927212e-02 -1.027861771290190518e-01
-5.893473024480044842e-02 -1.050500693381763995e-01
-5.737197515554726124e-02 -1.056737079634331167e-01
-5.622285127174109221e-02 -1.067214562208391726e-01
-5.363771680276840925e-02 -1.116016633459366858e-01
-5.920223414432257414e-02 -1.095617707469500601e-01
-5.426195811014622450e-02 -1.071923883282579482e-01
-5.823105375748127699e-02 -1.106918783043511212e-01
-5.315397575031965971e-02 -1.072829063632525504e-01
-6.172182119917124510e-02 -1.117235082783736289e-01
-5.886175681371241808e-02 -1.149181097862310708e-01
-5.592619942035526037e-02 -1.144317549769766629e-01
-5.854854325298219919e-02 -1.101532525499351323e-01
-5.725072603672742844e-02 -1.163593882811255753e-01
-6.354177836328744888e-02 -1.158968550444114953e-01
-6.438209180487319827e-02 -1.102736657776404172e-01
-5.773591081378981471e-02 -1.178019047074485570e-01
-5.723738833330571651e-02 -1.172521877742838115e-01
-5.957091553136706352e-02 -1.155792106583248824e-01
