-6.259770547960943898e-02 -1.279841475473578183e-01
-9.734754450619220734e-03 -9.985674172639846802e-03
-1.957763731479644775e-02 -1.956306584179401398e-02
-2.943024225533008575e-02 -2.949533332139253616e-02
-3.870334476232528687e-02 -3.942704387009143829e-02
-4.611726989969611168e-02 -4.941152408719062805e-02
-5.596124054864048958e-02 -5.923811160027980804e-02
-6.369462423026561737e-02 -6.915574893355369568e-02
-6.845134915784001350e-02 -7.904433365911245346e-02
-7.500850968062877655e-02 -8.899848535656929016e-02
-7.514589182392228395e-02 -9.869604557752609253e-02
-7.279615984589327127e-02 -1.085544535890221596e-01
-7.113953465886879712e-02 -1.160014416091144085e-01
-7.386466972820926458e-02 -1.241797725670039654e-01
-6.945617096789646894e-02 -1.302348766475915909e-01
-7.324123028956819326e-02 -1.324172774329781532e-01
-6.372864377044606954e-02 -1.352462116628885269e-01
-7.069814037822652608e-02 -1.304393294267356396e-01
-7.003205969522241503e-02 -1.306602188706165180e-01
-7.182705357263330370e-02 -1.365302728809183463e-01
-7.499662834743503481e-02 -1.303461387142306194e-01
-6.966812351311091334e-02 -1.344467594608431682e-01
-7.276317152718547732e-02 -1.308697298954939470e-01
-7.182215248758438975e-02 -1.370632015023147687e-01
-6.571346802229527384e-02 -1.382220159139251336e-01
-6.600107114354614168e-02 -1.401427564996993169e-01
-6.849925011920277029e-02 -1.315086539689218625e-01
-7.058294258604291826e-02 -1.324987043481087312e-01
-7.079141697613522410e-02 -1.319895292836008593e-01
-7.235685008345171809e-02 -1.301689197280211374e-01
-7.295868231449276209e-02 -1.365476886712713167e-01
-7.906463334802538157e-02 -1.319037012726766989e-01
-7.316890696529299021e-02 -1.351002839364809915e-01
-7.293327669322025031e-02 -1.362868848227662966e-01
-7.482883431657683104e-02 -1.337185826123459265e-01
-8.224769127264153212e-02 -1.289616360299987718e-01
-7.525901128246914595e-02 -1.347718171746237203e-01
-7.441199354070704430e-02 -1.329430203622905537e-01
-7.681679066445212811e-02 -1.285674005484906957e-01
-7.239755468617659062e-02 -1.315536665933905169e-01
-7.841328989889007062e-02 -1.380503051186678931e-01
-7.563244008633773774e-02 -1.417464545666007325e-01
-7.040570878598373383e-02 -1.329242565407184884e-01
-7.616389465692918748e-02 -1.364863730705110356e-01
-6.742569261405151337e-02 -1.419803706667153165e-01
-7.073828151624184102e-02 -1.418483308807481080e-01
-7.260096298705320805e-02 -1.406025449105072767e-01
-7.538573133933823556e-02 -1.393313375592697412e-01
-7.256556620995979756e-02 -1.353911427140701562e-01
-6.795006377797108144e-02 -1.388252903998363763e-01
-7.247119389649014920e-02 -1.420269359659869224e-01
