-7.822065215761707380e-02 -1.123019227314621254e-01
-9.889000095427036285e-03 -9.961983188986778259e-03
-1.972768176347017288e-02 -1.969261374324560165e-02
-2.948836982250213623e-02 -2.968529332429170609e-02
-3.933513816446065903e-02 -3.930738754570484161e-02
-4.849291779100894928e-02 -4.919349215924739838e-02
-5.785169359296560287e-02 -5.911783780902624130e-02
-6.754151359200477600e-02 -6.907706521451473236e-02
-7.461939519271254539e-02 -7.890497706830501556e-02
-8.209951967000961304e-02 -8.888669591397047043e-02
-7.624367810785770416e-02 -9.872339386492967606e-02
-7.080626254901289940e-02 -1.085997559130191803e-01
-7.093238060770090669e-02 -1.176677290350198746e-01
-7.881264643219765276e-02 -1.229061055928468704e-01
-7.154908379015978426e-02 -1.275393120013177395e-01
-7.758052948338445276e-02 -1.258852009195834398e-01
-7.264779343677219003e-02 -1.181622201111167669e-01
-6.930058028956409544e-02 -1.249094603117555380e-01
-6.790904908848460764e-02 -1.250060645397752523e-01
-7.435851286572869867e-02 -1.299726499710232019e-01
-6.756045784277375787e-02 -1.266356541309505701e-01
-6.775041068613063544e-02 -1.303365039639174938e-01
-6.765935505973175168e-02 -1.310868107830174267e-01
-6.065260135801509023e-02 -1.316978555405512452e-01
-6.766717397840693593e-02 -1.242389624239876866e-01
-7.304527593078091741e-02 -1.261835437035188079e-01
-6.464555935235694051e-02 -1.205625407164916396e-01
-7.311217748792842031e-02 -1.280603919876739383e-01
-7.547357334988191724e-02 -1.240179011365398765e-01
-6.774851476075127721e-02 -1.228436204837635159e-01
-7.110415847273543477e-02 -1.315935143502429128e-01
-6.678624666528776288e-02 -1.257568319560959935e-01
-7.270330033497884870e-02 -1.265528996591456234e-01
-6.696333485888317227e-02 -1.289588423096574843e-01
-6.801033747615292668e-02 -1.331137228407897055e-01
-6.388987676473334432e-02 -1.257013418362475932e-01
-6.468229129677638412e-02 -1.306166640133596957e-01
-6.199102004757151008e-02 -1.355397934676147997e-01
-6.654416577657684684e-02 -1.400722177349962294e-01
-7.121659157564863563e-02 -1.346130488091148436e-01
-6.410888343816623092e-02 -1.287352154613472521e-01
-6.928910169517621398e-02 -1.331103183911181986e-01
-7.281250035157427192e-02 -1.327494301658589393e-01
-6.753607786959037185e-02 -1.295516076788771898e-01
-7.228068256517872214e-02 -1.346649877086747438e-01
-6.654627242824062705e-02 -1.340742782631423324e-01
-6.773936719400808215e-02 -1.267499347159173340e-01
-6.858853902667760849e-02 -1.314883810409810394e-01
-6.867127503937808797e-02 -1.277339226508047432e-01
-6.585117556824116036e-02 -1.293485253991093487e-01
-7.018243322818307206e-02 -1.267477030341979116e-01
