-9.547192637461809905e-02 -7.975081972516893936e-02
-9.917414747178554535e-03 -9.955139830708503723e-03
-1.986258383840322495e-02 -1.966178510338068008e-02
-2.935542631894350052e-02 -2.964080497622489929e-02
-3.911856282502412796e-02 -3.955511096864938736e-02
-4.901668243110179901e-02 -4.951798077672719955e-02
-5.845702439546585083e-02 -5.928738880902528763e-02
-6.811372749507427216e-02 -6.768439523875713348e-02
-7.799733802676200867e-02 -7.476237555965781212e-02
-8.787149470299482346e-02 -7.827348494902253151e-02
-9.592625498771667480e-02 -8.236804138869047165e-02
-9.610182880715001374e-02 -7.624321617186069489e-02
-1.012325225892709568e-01 -7.225874811410903931e-02
-1.043137232336448506e-01 -7.480695634149014950e-02
-1.065310588601278141e-01 -7.166241691447794437e-02
-1.022490756149636582e-01 -7.586929830722510815e-02
-1.064846245135413483e-01 -7.061826880089938641e-02
-9.800528451160062104e-02 -7.224183971993625164e-02
-9.722006368974689394e-02 -7.598833716474473476e-02
-9.518707917595747858e-02 -7.377504161559045315e-02
-1.010092343349242583e-01 -7.014743867330253124e-02
-9.838116915489081293e-02 -7.132634881418198347e-02
-1.004451289918506518e-01 -7.066470506833866239e-02
-9.743289860489312559e-02 -7.204326271312311292e-02
-1.019122235156828538e-01 -7.211300193739589304e-02
-1.053979483112925664e-01 -7.604526703653391451e-02
-9.761930374952498823e-02 -7.192102515546139330e-02
-9.785938290588092059e-02 -7.483053042960818857e-02
-9.528706948913168162e-02 -7.160583090444561094e-02
-1.014644743845565245e-01 -7.224387476162519306e-02
-9.469399256340693682e-02 -6.861512745672371238e-02
-9.469255132307807798e-02 -7.433897034206893295e-02
-9.842329544653694029e-02 -6.957561532908584923e-02
-9.396661331584255095e-02 -6.809709592198487371e-02
-9.321202089950020309e-02 -7.573407141899224371e-02
-9.783193686917002196e-02 -7.499079911212902516e-02
-9.821773209432649310e-02 -6.962857807229738683e-02
-9.362396999085831339e-02 -6.686161125253420323e-02
-9.737710101353513892e-02 -7.277401436294894665e-02
-9.930838568425315316e-02 -6.991993651899974793e-02
-9.582270256532865460e-02 -7.086416885431390256e-02
-9.413503162386405165e-02 -7.120334489445667714e-02
-9.476466645310210879e-02 -7.053917156008537859e-02
-9.794227341944861109e-02 -6.398196447116788477e-02
-1.032967127935080498e-01 -7.014193407667335123e-02
-1.098238665686039894e-01 -6.741976852936204523e-02
-1.065751417149840563e-01 -6.433644889330025762e-02
-1.106743296218155592e-01 -6.658416379650589079e-02
-1.077245171723006933e-01 -6.119158396904822439e-02
-1.036595474538444250e-01 -6.968668194895144552e-02
-1.030415390810048848e-01 -7.044154735922347754e-02
