-9.964675953759379035e-02 -5.839781600518625243e-02
-9.868144989013671875e-03 -9.833955205976963043e-03
-1.949773356318473816e-02 -1.979855634272098541e-02
-2.939225174486637115e-02 -2.965898253023624420e-02
-3.926282096654176712e-02 -3.691537817940115929e-02
-4.922165162861347198e-02 -4.648175137117505074e-02
-5.915621481835842133e-02 -5.362218059599399567e-02
-6.892978306859731674e-02 -5.228661582805216312e-02
-7.859539519995450974e-02 -5.630592978559434414e-02
-8.852782472968101501e-02 -5.730803520418703556e-02
-9.805189911276102066e-02 -5.258474987931549549e-02
-1.063469676300883293e-01 -4.980548657476902008e-02
-1.101185623556375504e-01 -5.182677949778735638e-02
-1.034388155676424503e-01 -5.158127989852800965e-02
-1.126759215258061886e-01 -4.907555674435570836e-02
-1.086412593722343445e-01 -5.091104417806491256e-02
-1.131979962810873985e-01 -5.184495716821402311e-02
-1.131679448117210995e-01 -5.814247939269989729e-02
-1.132481559725420084e-01 -5.487046705093234777e-02
-1.152877577660547104e-01 -5.262460222002118826e-02
-1.140433820510224905e-01 -5.450474726967513561e-02
-1.104420719748304691e-01 -5.629954917822033167e-02
-1.054507054468558636e-01 -5.218795884866267443e-02
-1.101022859184013214e-01 -5.300380632979795337e-02
-1.084248180814029183e-01 -5.769354727817699313e-02
-1.119826908070535865e-01 -5.748144176322966814e-02
-1.097602089248539414e-01 -5.394833243917673826e-02
-1.164400129891873803e-01 -5.972748610656708479e-02
-1.109295803435088601e-01 -5.348802905064076185e-02
-1.081021781392337289e-01 -6.125301669817417860e-02
-1.025839386820734944e-01 -6.259165355004370213e-02
-1.071010622508765664e-01 -6.506698788143694401e-02
-1.073417541447270196e-01 -5.924704042263329029e-02
-1.077913120207085740e-01 -5.659880256280303001e-02
-1.090925147109373938e-01 -5.367355677299201488e-02
-1.073498907317116391e-01 -5.552158260252326727e-02
-1.062205579182773363e-01 -6.121606740634888411e-02
-1.057058932892687153e-01 -5.879044684115797281e-02
-1.056361451301199850e-01 -5.811538727721199393e-02
-1.083607323489559349e-01 -5.235865985741838813e-02
-1.121198887958598789e-01 -5.544713296694681048e-02
-1.127812863815051969e-01 -5.325429252116009593e-02
-1.098918736934137996e-01 -5.829828855348750949e-02
-1.064403046875668224e-01 -5.697844509268179536e-02
-1.128098987064731773e-01 -5.473728064680472016e-02
-1.110878681320173200e-01 -5.604212166508659720e-02
-1.127441899407131132e-01 -6.276383198564872146e-02
-1.073714226040465292e-01 -5.504344258224591613e-02
-1.093251215315831359e-01 -5.190735374344512820e-02
-1.132176785285992082e-01 -5.440648639341816306e-02
-1.100380163661611732e-01 -5.789194180397316813e-02
