-8.664516354669407616e-02 -7.389826987653363988e-05
-9.845665656030178070e-03 2.450024941936135292e-03
-1.966978888958692551e-02 -2.333723707124590874e-03
-2.959777414798736572e-02 5.338276037946343422e-03
-3.930756449699401855e-02 1.301359687931835651e-02
-4.893557261675596237e-02 5.013446556404232979e-03
-5.860663298517465591e-02 4.368015914224088192e-03
-6.605753302574157715e-02 -1.621022936888039112e-03
-7.088847225531935692e-02 5.824081017635762691e-03
-7.749100308865308762e-02 9.021045290865004063e-03
-7.253594975918531418e-02 1.364768866915255785e-02
-7.268338363792281598e-02 6.061534979380667210e-03
-6.766721412714105099e-02 7.062606862746179104e-03
-7.497502297337632626e-02 1.193391566630452871e-02
-7.433722585847135633e-02 8.026671479456126690e-03
-6.668888682906981558e-02 6.162259727716445923e-03
-6.561217420676257461e-02 3.123964183032512665e-03
-7.406193167844321579e-02 6.753124063834547997e-03
-7.797444854804780334e-02 3.163216169923543930e-03
-7.469535163545515388e-02 8.994884323328733444e-03
-6.884082836040761322e-02 1.311544608324766159e-02
-7.415305926406290382e-02 1.066741673275828362e-02
-7.219896149763371795e-02 3.584225196391344070e-03
-7.134998157562222332e-02 5.527343717403709888e-03
-7.942677602113690227e-02 -9.249685099348425865e-04
-7.256039498315658420e-02 2.408172003924846649e-04
-7.751475261466111988e-02 5.472222808748483658e-03
-8.011701806390192360e-02 4.464932950213551521e-03
-7.548114527889993042e-02 4.207446851069107652e-03
-7.651596771029289812e-02 5.862822785275056958e-03
-7.505820503865834326e-02 -4.239491827320307493e-04
-6.908333439787384123e-02 2.901169733377173543e-03
-7.336772045528050512e-02 -3.594895562855526805e-03
-7.434230884246062487e-02 3.677316737594082952e-03
-7.983093922666739672e-02 7.946446799905970693e-03
-7.659085588238667697e-02 8.220824238378554583e-04
-8.329178746498655528e-02 -2.451988140819594264e-03
-7.767962179786991328e-02 -4.109675501240417361e-03
-7.586863245524000376e-02 2.164840727346017957e-03
-7.972045084170531482e-02 -8.254574786406010389e-04
-7.814785865775775164e-02 6.823687610449269414e-03
-7.738109496131073684e-02 3.582729288609698415e-03
-7.473158631182741374e-02 4.156656417762860656e-03
-8.006664905406069010e-02 -1.607277576113119721e-03
-7.852494162216316909e-02 7.280296500539407134e-03
-7.247135699435602874e-02 5.385480326367542148e-03
-7.608722271106671542e-02 7.689649210078641772e-03
-7.498264852620195597e-02 3.131322533590719104e-03
-7.802512943453621119e-02 1.383496186463162303e-03
-7.824473200889769942e-02 4.560159024549648166e-03
-7.640350879228208214e-02 -2.161862357752397656e-03
