-9.955198348478910830e-02 -4.054470602020859848e-02
-9.992138482630252838e-03 -9.336071088910102844e-03
-1.993396319448947906e-02 -1.853884942829608917e-02
-2.985078189522027969e-02 -2.724532037973403931e-02
-3.911469690501689911e-02 -3.550104796886444092e-02
-4.903340712189674377e-02 -3.986208420246839523e-02
-5.853202473372220993e-02 -3.904934629099443555e-02
-6.815963517874479294e-02 -3.674670920008793473e-02
-7.740068528801202774e-02 -4.383712873095646501e-02
-7.465072604827582836e-02 -4.164637188659980893e-02
-8.264863840304315090e-02 -4.085135919740423560e-02
-8.402758347801864147e-02 -4.399860714329406619e-02
-9.073861991055309772e-02 -3.725719562498852611e-02
-8.532087015919387341e-02 -4.407619469566270709e-02
-8.247443125583231449e-02 -4.567167983623221517e-02
-7.463915389962494373e-02 -4.065994994016364217e-02
-8.317622379399836063e-02 -4.506658326135948300e-02
-8.544880338013172150e-02 -4.074930102797225118e-02
-8.423520275391638279e-02 -4.753508215071633458e-02
-8.105256035923957825e-02 -4.327411792473867536e-02
-8.487730217166244984e-02 -3.983807476470246911e-02
-9.182412852533161640e-02 -3.256749321008101106e-02
-8.969976543448865414e-02 -3.865141147980466485e-02
-8.216367964632809162e-02 -3.683018562151119113e-02
-8.924835058860480785e-02 -3.921190969413146377e-02
-9.035882924217730761e-02 -3.941939346259459853e-02
-9.240540245082229376e-02 -3.083062212681397796e-02
-8.805227128323167562e-02 -3.458194475388154387e-02
-9.426543849986046553e-02 -3.157529229065403342e-02
-9.444616692780982703e-02 -3.088922018650919199e-02
-8.840897124900948256e-02 -3.586695541162043810e-02
-9.056725962727796286e-02 -3.721526137087494135e-02
-8.608695403381716460e-02 -3.424733399879187346e-02
-9.143029530241619796e-02 -3.611058765091001987e-02
-8.820654479495715350e-02 -3.832738101482391357e-02
-8.643634051259141415e-02 -3.583462769165635109e-02
-8.248977262701373547e-02 -4.316729959100484848e-02
-9.132033206697087735e-02 -3.593309829011559486e-02
-8.789951556536834687e-02 -3.675743407802656293e-02
-9.185366115707438439e-02 -3.571737598394975066e-02
-9.791639835748355836e-02 -3.980205947300419211e-02
-9.056245598185341805e-02 -3.528717946028336883e-02
-8.940890819940250367e-02 -3.637107444228604436e-02
-8.873678596864920110e-02 -3.243136714445427060e-02
-8.241193361754994839e-02 -3.992087516235187650e-02
-8.911290757532697171e-02 -4.225534835131838918e-02
-8.483802659611683339e-02 -3.997056168736889958e-02
-8.645211676775943488e-02 -3.832306788535788655e-02
-8.834878126799594611e-02 -3.179934463696554303e-02
-8.471810263290535659e-02 -4.014421004103496671e-02
-8.539389351790305227e-02 -4.239506978774443269e-02
