-9.963869829020542690e-02 -5.849292664712318901e-02
-9.980236180126667023e-03 -9.934458881616592407e-03
-1.968701928853988647e-02 -1.978669501841068268e-02
-2.964102849364280701e-02 -2.972516044974327087e-02
-3.744301293045282364e-02 -3.923484310507774353e-02
-4.728158097714185715e-02 -4.895346425473690033e-02
-5.692692287266254425e-02 -5.806669034063816071e-02
-6.666262447834014893e-02 -6.439683260396122932e-02
-7.607327587902545929e-02 -7.038406934589147568e-02
-8.550580963492393494e-02 -7.133930467534810305e-02
-9.364082850515842438e-02 -6.816790380980819464e-02
-9.441866137785837054e-02 -5.943845526780933142e-02
-9.894999972311779857e-02 -6.436892633792012930e-02
-1.024844871717505157e-01 -5.920257919933646917e-02
-1.013436745270155370e-01 -6.403454660903662443e-02
-9.443535463651642203e-02 -6.537279300391674042e-02
-9.936319239204749465e-02 -6.421922380104660988e-02
-1.008309210301376879e-01 -6.266397051513195038e-02
-9.744793555000796914e-02 -6.018256116658449173e-02
-9.564301156206056476e-02 -6.470838608220219612e-02
-9.538524530944414437e-02 -5.902183614671230316e-02
-9.277636444312520325e-02 -6.424387590959668159e-02
-1.002652391616720706e-01 -5.730909993872046471e-02
-1.042992945585865527e-01 -5.516242678277194500e-02
-1.065803743258584291e-01 -5.445381818572059274e-02
-9.842606776510365307e-02 -5.531400558538734913e-02
-9.780214659986086190e-02 -5.852713575586676598e-02
-9.900283443857915699e-02 -5.614091758616268635e-02
-1.056691468984354287e-01 -5.800766462925821543e-02
-9.883275910397060215e-02 -5.889219813980162144e-02
-1.059604343317914754e-01 -5.926882795756682754e-02
-1.006425079249311239e-01 -6.377723481273278594e-02
-1.024952598672825843e-01 -5.737920332467183471e-02
-9.715350370970554650e-02 -5.478762922575697303e-02
-9.750067454297095537e-02 -5.607590131694450974e-02
-1.014445169130340219e-01 -5.347474996233358979e-02
-1.042898833984509110e-01 -5.192056956002488732e-02
-1.006470132851973176e-01 -5.934994906419888139e-02
-1.043358106398954988e-01 -6.011448771459981799e-02
-9.632965514902025461e-02 -6.322674889815971255e-02
-9.550310799386352301e-02 -5.883838812587782741e-02
-1.019636573037132621e-01 -5.468860099790617824e-02
-1.000278355786576867e-01 -6.230157770914956927e-02
-1.007324852398596704e-01 -6.402403750689700246e-02
-1.021733309025876224e-01 -6.817184697138145566e-02
-1.042809080681763589e-01 -7.148151454748585820e-02
-1.002366970642469823e-01 -6.303927005501464009e-02
-1.045713661587797105e-01 -6.127040454884991050e-02
-1.000273655517958105e-01 -6.593383749714121222e-02
-1.048310133046470582e-01 -6.070408917730674148e-02
-1.062285181251354516e-01 -6.510713644092902541e-02
