-8.715855711947727291e-02 -9.756599141730465385e-04
-9.867060929536819458e-03 -4.911115858703851700e-03
-1.978982519358396530e-02 -4.842355941946152598e-03
-2.960361260920763016e-02 -1.834102535212878138e-03
-3.892101068049669266e-02 3.886405283992644399e-03
-4.853301960974931717e-02 6.156451854621991515e-05
-5.847943387925624847e-02 3.233327901398297399e-03
-6.824783887714147568e-02 1.265380436962004751e-03
-7.809462118893861771e-02 4.711068686447106302e-04
-8.180667669512331486e-02 3.947901677747722715e-03
-8.475447795353829861e-02 -1.221747930685523897e-03
-9.068623487837612629e-02 3.393743791093584150e-03
-8.988177363062277436e-02 1.412096338754054159e-03
-9.153359528863802552e-02 4.032234101032372564e-03
-9.323785413289442658e-02 -1.772582625562790781e-03
-9.388674842193722725e-02 3.800005557422991842e-03
-9.186920989304780960e-02 1.366244301607366651e-03
-9.774896781891584396e-02 -3.122609901765827090e-03
-9.417940536513924599e-02 -1.889649756776634604e-03
-9.617415047250688076e-02 -1.378339693474117666e-03
-8.926517120562493801e-02 -5.228736416029278189e-03
-9.459808911196887493e-02 -4.230462342093233019e-03
-9.259347897022962570e-02 5.547070395550690591e-04
-9.290945390239357948e-02 6.057497252186294645e-03
-9.383448160951957107e-02 -1.616394474694970995e-03
-9.295582689810544252e-02 -5.127432850713375956e-03
-9.020859992597252131e-02 -6.436350849980954081e-03
-8.979781903326511383e-02 -3.192168987879995257e-03
-8.878569875378161669e-02 -1.520380355941597372e-03
-8.863206539535894990e-02 -5.018427946197334677e-03
-9.068472782382741570e-02 1.006079393846448511e-03
-9.361456177430227399e-02 -9.664169192546978593e-05
-8.673612988786771894e-02 4.072343253938015550e-03
-9.318476478802040219e-02 7.018653232080396265e-03
-9.299304049636702985e-02 2.888233888370450586e-03
-8.946507859218399972e-02 -3.081727285461965948e-03
-9.023907348455395550e-02 -2.919830345490481704e-03
-9.007343933626543730e-02 -8.951938798418268561e-05
-8.992044017941225320e-02 -1.686660107225179672e-04
-8.825939470261801034e-02 5.266586085781455040e-03
-8.505000658624339849e-02 2.022292930632829666e-03
-8.405308677174616605e-02 9.949812665581703186e-04
-9.105261108197737485e-02 -1.901495736092329025e-03
-8.581555141427088529e-02 -6.238779518753290176e-03
-8.682546387717593461e-02 8.648959919810295105e-04
-8.719022163131739944e-02 -1.244657672941684723e-03
-8.894355605298187584e-02 1.348512712866067886e-03
-9.070223754679318517e-02 4.337308928370475769e-03
-9.058403557719429955e-02 5.047200247645378113e-03
-9.210392654495080933e-02 5.733699130360037088e-03
-9.246315538621274754e-02 7.267849927302449942e-03
