-4.287659324730364735e-02 4.034156159545436438e-02
-9.205107577145099640e-03 9.869289584457874298e-03
-1.876856666058301926e-02 1.935450546443462372e-02
-2.580141648650169373e-02 2.922622207552194595e-02
-3.318252461031079292e-02 3.840008284896612167e-02
-3.222425957210361958e-02 4.156103637069463730e-02
-3.358210518490523100e-02 4.577094223350286484e-02
-3.889757383149117231e-02 4.910767683759331703e-02
-3.504362574312835932e-02 4.178193910047411919e-02
-4.000688495580106974e-02 4.032742907293140888e-02
-3.214755619410425425e-02 4.591446300037205219e-02
-3.511690103914588690e-02 4.907897603698074818e-02
-4.258057323750108480e-02 4.729242634493857622e-02
-3.508450498338788748e-02 4.361175734084099531e-02
-3.968503314536064863e-02 4.339930672722402960e-02
-3.680183843243867159e-02 4.448910967039410025e-02
-3.526955202687531710e-02 4.385871965496335179e-02
-3.694676235318183899e-02 5.027725979743991047e-02
-4.345109034329652786e-02 4.325870530738029629e-02
-4.214797785971313715e-02 4.663696409261319786e-02
-3.697497176472097635e-02 4.888563988788519055e-02
-3.848686267156153917e-02 4.317139288468752056e-02
-4.037163301836699247e-02 4.694283138087484986e-02
-3.930583759211003780e-02 4.693155060613207752e-02
-3.867323324084281921e-02 4.896105174066178733e-02
-3.980994678568094969e-02 4.630921734587900573e-02
-3.377936815377324820e-02 4.472168814481847221e-02
-4.107768635731190443e-02 4.947143187837355072e-02
-4.030649404739961028e-02 4.813325160739623243e-02
-4.244806378846988082e-02 4.722859495177544886e-02
-4.035343270516023040e-02 4.416682192913867766e-02
-3.668464178917929530e-02 5.073681514568306739e-02
-4.135799052892252803e-02 4.283510841287352378e-02
-4.005473264260217547e-02 4.593721072978951270e-02
-4.482413752702996135e-02 4.366097919501044089e-02
-4.271816712571308017e-02 4.805122962079622084e-02
-4.253063660871703178e-02 4.457683436430670554e-02
-4.240800840489100665e-02 4.986658174402691657e-02
-3.677129726565908641e-02 4.862923402197338874e-02
-4.053305955312680453e-02 4.820239922355540330e-02
-4.544103592343162745e-02 4.750008962673746282e-02
-4.293006034276913851e-02 5.107467772995732957e-02
-3.692705724097322673e-02 4.302916547840140993e-02
-3.877612137875985354e-02 4.315506479269970441e-02
-3.867972398438723758e-02 4.318841120493743801e-02
-3.997070994955720380e-02 5.026515146983001614e-02
-3.361214604956330732e-02 4.433490561586950207e-02
-3.677089839038671926e-02 4.847346565020416165e-02
-3.878029785846592858e-02 4.757748927022475982e-02
-4.202222056483151391e-02 4.971698844838101650e-02
-3.710351303016068414e-02 4.486510749939043308e-02
