-4.377660688242779319e-02 3.990889105011459492e-02
-7.313792593777179718e-03 9.755527600646018982e-03
-1.639201771467924118e-02 1.937986072152853012e-02
-9.934975299984216690e-03 2.900890540331602097e-02
-1.186585461255162954e-02 3.804993722587823868e-02
-6.272841128520667553e-03 4.493975499644875526e-02
-8.070532698184251785e-03 4.542604068410582840e-02
-1.067984872497618198e-02 4.759035448660142720e-02
-5.521543556824326515e-03 4.603081921231932938e-02
-7.969043683260679245e-03 4.967902394128032029e-02
-4.209257895126938820e-03 4.383632147801108658e-02
-2.691162168048322201e-03 5.188168471795506775e-02
-4.883651039563119411e-03 4.502435008180327713e-02
-9.568062028847634792e-03 4.675888214842416346e-02
-9.137640212429687381e-03 4.763453276245854795e-02
-4.458326351596042514e-03 5.003435406251810491e-02
-6.783968507079407573e-03 5.026905330305453390e-02
-3.696424158988520503e-03 5.167056467325892299e-02
-8.548646437702700496e-03 4.638433024229016155e-02
-5.946160963503643870e-03 4.921778487914707512e-02
-1.055621422710828483e-02 5.188466106483247131e-02
-9.434540610527619720e-03 5.213752303097862750e-02
-7.280960533535107970e-03 5.051480927795637399e-02
-7.106322504114359617e-03 4.995347718067932874e-02
-1.033024833304807544e-02 4.952693979430478066e-02
-6.691958231385797262e-03 4.686331788252573460e-02
-1.152416731929406524e-02 4.664991001482121646e-02
-1.163880373496795073e-02 5.113187988172285259e-02
-1.374724772904301062e-02 4.531615829910151660e-02
-1.514064460207009688e-02 4.775253750267438591e-02
-1.377611314092064276e-02 5.407655678573064506e-02
-1.027388251532102004e-02 5.072789985570125282e-02
-1.112932657269993797e-02 5.607852872344665229e-02
-8.364274319319520146e-03 5.434863324626348913e-02
-1.177617294160882011e-02 4.577823969884775579e-02
-1.285408650437602773e-02 4.960736361681483686e-02
-1.036632460454711691e-02 4.426327961846254766e-02
-6.275893923884723336e-03 4.500250358250923455e-02
-1.368879926303634420e-02 4.144824066315777600e-02
-1.324987065891036764e-02 4.118045131326653063e-02
-1.154362693341681734e-02 4.289551769034005702e-02
-1.025924823625246063e-02 4.613793283351697028e-02
-1.062838457437464967e-02 4.604690342966932803e-02
-4.629060196748469025e-03 4.801456590939778835e-02
-9.536011180898640305e-03 4.649302510370034724e-02
-8.384689026570413262e-03 4.993712932628113776e-02
-2.934187919890973717e-03 4.995747239081538282e-02
-7.131230355298612267e-03 4.377547747208154760e-02
-2.434018337226007134e-03 4.371007985537289642e-02
-7.186231006926391274e-03 4.958278254707693122e-02
-2.764192213362548500e-03 4.480670054545043968e-02
