-6.261170046980750470e-02 2.797291173400610897e-02
-9.457777254283428192e-03 9.105989709496498108e-03
-1.712732436135411263e-02 1.844563242048025131e-02
-2.629734622314572334e-02 2.408241247758269310e-02
-3.150917077437043190e-02 3.240649634972214699e-02
-3.461808105930685997e-02 4.041641997173428535e-02
-2.892707521095871925e-02 4.264922067523002625e-02
-2.750696358270943165e-02 4.499422106891870499e-02
-3.458695090375840664e-02 4.185369773767888546e-02
-3.448748505616094917e-02 4.349110170733183622e-02
-3.357565442274790257e-02 4.866885941009968519e-02
-3.980359940032940358e-02 5.333015962969511747e-02
-3.760647091257851571e-02 5.304597422946244478e-02
-3.773941191320773214e-02 4.502325144130736589e-02
-3.214668434520717710e-02 3.923497500363737345e-02
-3.041435043269302696e-02 4.224509780760854483e-02
-3.463709131756331772e-02 4.256630604504607618e-02
-3.176398655341472477e-02 4.715947675867937505e-02
-2.983774569293018430e-02 4.624276448157615960e-02
-2.783538609219249338e-02 4.717531727510504425e-02
-2.424878043530043215e-02 4.665942836436443031e-02
-3.184010762197431177e-02 4.254013692843727767e-02
-2.614563958195503801e-02 4.410605222801677883e-02
-2.642250254575628787e-02 4.572668575565330684e-02
-3.029244842764455825e-02 5.259402978117577732e-02
-3.103562416799832135e-02 5.029661415028385818e-02
-2.799093555950094014e-02 4.748046814347617328e-02
-2.838595402135979384e-02 5.225128118763677776e-02
-2.237597950443159789e-02 4.857454003649763763e-02
-2.656833785295020789e-02 5.190293255145661533e-02
-2.618555085791740566e-02 4.727884239400736988e-02
-2.062914859561715275e-02 5.068557799677364528e-02
-2.690231626911554486e-02 4.549176010186783969e-02
-2.980913351348135620e-02 4.943455845932476223e-02
-3.185754911100957543e-02 5.097366598783992231e-02
-2.489260341098997742e-02 5.041753916884772480e-02
-3.044460610544774681e-02 4.653040922130458057e-02
-3.103598191228229553e-02 4.887476467411033809e-02
-3.530407634389121085e-02 4.548333791899494827e-02
-3.114903795358259231e-02 4.509903577854856849e-02
-3.449086828914005309e-02 4.009277321165427566e-02
-3.534398357442114502e-02 4.223278019344434142e-02
-3.628381709859240800e-02 4.118271690094843507e-02
-3.022182449058163911e-02 4.214824299560859799e-02
-3.054311794403474778e-02 4.223204712616279721e-02
-3.286833332094829530e-02 4.667603207053616643e-02
-3.287166224026805139e-02 4.301892296643927693e-02
-3.394801537206149078e-02 3.866679110797122121e-02
-3.110490967219448066e-02 4.588674084516242146e-02
-2.886681253721690155e-02 4.859290859894827008e-02
-3.505648062264299369e-02 4.544107947731390595e-02
