-4.336887582943479286e-02 4.010627397296520624e-02
-9.840104728937149048e-03 9.852306917309761047e-03
-1.980097033083438873e-02 1.853700075298547745e-02
-2.975644916296005249e-02 2.457196125760674477e-02
-3.803408052772283554e-02 3.001517755910754204e-02
-4.794632084667682648e-02 3.184344980400055647e-02
-5.785902030766010284e-02 3.012993431184440851e-02
-6.729658506810665131e-02 2.493932668585330248e-02
-7.657364849001169205e-02 3.249602590221911669e-02
-8.291596826165914536e-02 3.125887305941432714e-02
-8.578302781097590923e-02 2.921828592661768198e-02
-8.528876467607915401e-02 3.167615376878529787e-02
-8.387241174932569265e-02 3.316983545664697886e-02
-8.572502003517001867e-02 3.884935204405337572e-02
-8.559714662260375917e-02 3.575033845845609903e-02
-8.818083986989222467e-02 3.125418501440435648e-02
-9.082246510661207139e-02 3.566031169611960649e-02
-9.025785533594898880e-02 3.662919945782050490e-02
-8.560153443249873817e-02 3.283194563118740916e-02
-7.796578874695114791e-02 3.791720391018316150e-02
-7.846607136889360845e-02 3.706335963215678930e-02
-7.675760317943058908e-02 3.320210648234933615e-02
-7.423478536657057703e-02 3.822866862174123526e-02
-7.606831772136501968e-02 4.149135283660143614e-02
-7.418585402774624527e-02 3.993691375944763422e-02
-7.351726994966156781e-02 3.437809424940496683e-02
-7.741614550468511879e-02 3.218562749680131674e-02
-7.213927738484926522e-02 3.440196055453270674e-02
-7.884992173057980835e-02 3.717450157273560762e-02
-8.251887958613224328e-02 4.008447902742773294e-02
-7.654267016914673150e-02 3.392896999139338732e-02
-7.385748208616860211e-02 3.002216445747762918e-02
-7.565525584504939616e-02 3.075438964879140258e-02
-7.482789809000678360e-02 2.745254285400733352e-02
-8.127481004339642823e-02 2.888746984535828233e-02
-7.726072453078813851e-02 3.087875602068379521e-02
-8.154264444601722062e-02 2.538675564574077725e-02
-7.979928134591318667e-02 2.720187319209799170e-02
-8.504735623137094080e-02 2.708657218317966908e-02
-8.363557132543064654e-02 2.971800036903005093e-02
-7.921636608080007136e-02 3.383876282896380872e-02
-7.976638103718869388e-02 3.297464571369346231e-02
-8.672623752499930561e-02 2.820581405831035227e-02
-8.425112717668525875e-02 2.513828243536408991e-02
-7.879203322227112949e-02 3.181721897271927446e-02
-8.145352007704786956e-02 3.376913278771098703e-02
-8.824297526734881103e-02 2.517560146225150675e-02
-7.874123213696293533e-02 2.574896356964018196e-02
-8.519464937853626907e-02 2.872712757380213588e-02
-8.809472454595379531e-02 2.888168836943805218e-02
-8.625275033409707248e-02 3.171126497909426689e-02
