-2.458951472041134845e-02 4.692964338020992610e-02
-8.006040938198566437e-03 9.955837391316890717e-03
-1.518009044229984283e-02 1.984962169080972672e-02
-2.229644730687141418e-02 2.741879131644964218e-02
-1.837023580446839333e-02 3.496234538033604622e-02
-1.768458570586517453e-02 3.727410198189318180e-02
-2.169532078551128507e-02 4.295228351838886738e-02
-2.387490827823057771e-02 3.711925982497632504e-02
-2.674019645201042295e-02 3.750440594740211964e-02
-2.133647521259263158e-02 3.807627671631053090e-02
-2.609033073531463742e-02 3.490169584983959794e-02
-2.012000541435554624e-02 3.904165892163291574e-02
-2.265819819876924157e-02 3.839690057793632150e-02
-2.462943113641813397e-02 3.937497345032170415e-02
-1.982162642525509000e-02 4.331606841878965497e-02
-2.495262521551921964e-02 4.536547634052112699e-02
-2.374052308732643723e-02 4.120373335899785161e-02
-2.420143922790884972e-02 3.840233298251405358e-02
-2.605717978440225124e-02 3.878408164018765092e-02
-2.205071900971233845e-02 4.140486434334889054e-02
-1.944063277915120125e-02 4.492303548613563180e-02
-2.016858488786965609e-02 4.074486397439613938e-02
-1.785599987488240004e-02 4.553072346607223153e-02
-2.221923077013343573e-02 3.906527959043160081e-02
-2.313044090988114476e-02 3.865561092970892787e-02
-2.085793769219890237e-02 3.994958725525066257e-02
-2.587936358759179711e-02 4.403341951547190547e-02
-2.956217952305451035e-02 4.489988985005766153e-02
-2.750206534983590245e-02 3.945617389399558306e-02
-2.693022915627807379e-02 4.051892354618757963e-02
-2.282756043132394552e-02 4.181195097044110298e-02
-2.920869167428463697e-02 4.531971993856132030e-02
-2.461372071411460638e-02 4.694772302173078060e-02
-1.840633095707744360e-02 4.531366832088679075e-02
-1.981645461637526751e-02 4.805812111590057611e-02
-1.983975764778733719e-02 4.249454068485647440e-02
-2.416960295704484452e-02 4.955961240921169519e-02
-2.250042738342017401e-02 5.002445113495923579e-02
-1.977899385565251578e-02 4.842925447155721486e-02
-2.179023222015530337e-02 4.475593360257335007e-02
-2.521246922151476610e-02 4.590286876191385090e-02
-2.216824301467568148e-02 4.823859946918673813e-02
-2.417399891601235140e-02 4.701192156062461436e-02
-2.066999924318224657e-02 3.973474437952972949e-02
-2.049406421610910911e-02 4.451387553126551211e-02
-2.448441823253233451e-02 4.224019791581667960e-02
-1.760273090803821106e-02 4.680859824293293059e-02
-1.926734789049078245e-02 4.329237612546421587e-02
-2.340094304418016691e-02 4.893833064124919474e-02
-1.924072510337282438e-02 4.573198352591134608e-02
-1.566296119017351884e-02 4.694388425559736788e-02
