-4.553690564557652531e-02 3.903027700858771598e-02
-9.271266870200634003e-03 9.993233717978000641e-03
-1.692880829796195030e-02 1.994925457984209061e-02
-2.676915610209107399e-02 2.990028541535139084e-02
-2.605437126476317644e-02 3.960402309894561768e-02
-3.235678107012063265e-02 4.926580004394054413e-02
-2.813741855788975954e-02 5.720569752156734467e-02
-2.930611895862966776e-02 6.004215613938868046e-02
-3.389744658488780260e-02 6.332328799180686474e-02
-3.287488606292754412e-02 6.767414207570254803e-02
-3.067417058628052473e-02 6.840109819313511252e-02
-3.280350414570420980e-02 6.828832501923898235e-02
-3.533868386875838041e-02 6.431847919157007709e-02
-3.200056764762848616e-02 6.826337907841661945e-02
-4.006847355049103498e-02 7.269548965996364132e-02
-3.866166330408304930e-02 6.873304225882748142e-02
-3.526306862477213144e-02 6.947017290076473728e-02
-3.697805339470505714e-02 7.181765294080832973e-02
-3.892216132953763008e-02 6.550529428204754367e-02
-4.152001254260540009e-02 7.028596118470886722e-02
-3.515965584665536880e-02 6.956555500073591247e-02
-4.020998254418373108e-02 6.955124869455175940e-02
-3.759529860690236092e-02 7.230941893976705614e-02
-3.202696610242128372e-02 7.519007323753612582e-02
-3.167914200457744300e-02 6.800196961012261454e-02
-3.161606598587241024e-02 6.304630347040074412e-02
-3.288969384448137134e-02 6.687201804925280157e-02
-2.952781190106179565e-02 6.042032701407151762e-02
-3.450129424163606018e-02 6.314417825524287764e-02
-4.023678936937358230e-02 6.654912339035945479e-02
-3.547540596628095955e-02 6.592901337171497289e-02
-3.109323196986224502e-02 6.078772253567876760e-02
-3.062473946192767471e-02 6.497565803329052869e-02
-3.696292742097284645e-02 6.971211831296386663e-02
-3.144762861484196037e-02 6.940131585906783585e-02
-3.820975460985209793e-02 6.719018377225438599e-02
-3.947006443922873586e-02 6.629105847423488740e-02
-3.433808310364838690e-02 7.063568852936441544e-02
-3.390624625899363309e-02 6.339162731637770776e-02
-3.557726003054995090e-02 6.540888458584959153e-02
-3.427469830785412341e-02 6.984665667732770089e-02
-3.385411722410935909e-02 6.407801438217575196e-02
-2.761779639695305377e-02 6.039392416460032109e-02
-3.122932517726439983e-02 6.529295983818883542e-02
-3.383451660920400172e-02 6.808704188188130502e-02
-3.481381370511371642e-02 6.285750031565839890e-02
-3.410655575862620026e-02 5.711038367917353753e-02
-3.478211654874030501e-02 6.478949779739195947e-02
-2.947604075598064810e-02 5.833174618055636529e-02
-3.654837539943400770e-02 6.306927561854536179e-02
-3.534300859610084444e-02 6.685812356045062188e-02
