-2.716063898130807730e-02 4.624084211044211801e-02
-4.116591066122055054e-03 9.159781970083713531e-03
-3.857812727801501751e-03 1.833890937268733978e-02
-8.393811294808983803e-04 2.827643230557441711e-02
-7.721247267909348011e-03 2.859592749155126512e-02
-5.163719295524060726e-03 3.312275590724311769e-02
-3.323503420688211918e-03 3.838172354153357446e-02
-5.504951230250298977e-03 4.266407885006628931e-02
-3.176505328156054020e-03 3.739747111103497446e-02
-4.706008709035813808e-03 3.872748321737162769e-02
-7.934589521028101444e-03 4.058831519796513021e-02
2.619134029373526573e-04 4.748740475042723119e-02
4.929410177282989025e-03 4.593854231643490493e-02
3.775482764467597008e-04 4.165737071889452636e-02
-1.132846460677683353e-03 4.065468590124510229e-02
-5.181570653803646564e-03 4.574602851062081754e-02
5.999914137646555901e-04 4.110705768107436597e-02
8.319476473843678832e-04 3.866181647754274309e-02
-6.300046588876284659e-03 3.696130550815723836e-02
-2.510479898774065077e-03 3.778324995073489845e-02
-1.647694341954775155e-03 4.578221656265668571e-02
1.740778490784578025e-03 4.043156487750820816e-02
-1.223863364430144429e-04 4.287964195827953517e-02
-6.351666364935226738e-03 4.625398709322325885e-02
-1.954848718014545739e-03 4.293391547980718315e-02
-2.025745459832251072e-03 4.154087332426570356e-02
-5.811756709590554237e-04 4.027487066923640668e-02
-5.836504558374144835e-04 4.531580963521264493e-02
-1.790438224588797311e-03 4.782797498046420515e-02
-6.046437569921181421e-03 4.578566769487224519e-02
-2.059122924720213632e-03 4.364791567786596715e-02
-8.170484011088774423e-03 4.571138191386125982e-02
-5.409737494801447610e-03 3.995684030815027654e-02
-1.265290789774553559e-02 4.265632395981810987e-02
-6.553096142624781351e-03 3.710229377611540258e-02
-7.987184496869303985e-04 3.979547703056596220e-02
1.493023705734231044e-05 4.634349662228487432e-02
-2.443681964678035001e-03 3.953580194502137601e-02
-2.505272036387395929e-03 3.884653266868554056e-02
-3.845090853019428323e-03 3.977087311795912683e-02
-1.489137407361340593e-03 4.206704892567358911e-02
-4.713239489092302392e-03 3.802119553438387811e-02
-9.206103775341034634e-04 3.483232794678770006e-02
-7.807206627603591187e-04 3.948022270924411714e-02
-4.938145567166429828e-03 3.951790237988461740e-02
-4.754242595254254411e-03 4.221699604022433050e-02
-7.323505464910340379e-03 4.311724072977085598e-02
-8.474920093703985913e-04 4.654514203502913006e-02
4.885138562258362072e-04 4.213831872402806766e-02
-2.918557953989875386e-03 4.450562452620943077e-02
-3.382605142860484193e-03 4.548771349436719902e-02
