-4.509487572642679326e-02 3.925498408054377275e-02
-3.895221278071403503e-03 9.880948811769485474e-03
-3.395897685550153255e-03 1.908650435507297516e-02
-6.606768933124840260e-03 2.883159741759300232e-02
-8.208966813981533051e-03 3.843112103641033173e-02
-1.219772733747959137e-02 4.479200439527630806e-02
-1.349116361234337091e-02 4.667772608809173107e-02
-1.185564196202903986e-02 4.919298714958131313e-02
-1.564691087696701288e-02 4.881765789468772709e-02
-1.940772135276347399e-02 4.819321105605922639e-02
-1.633595919702202082e-02 4.693223731010220945e-02
-2.343106654006987810e-02 5.371660934179089963e-02
-2.764501061756163836e-02 5.886196120991371572e-02
-2.577795833349227905e-02 5.418570534675382078e-02
-1.886242022737860680e-02 5.866762631922028959e-02
-1.592458365485072136e-02 6.231072530499659479e-02
-2.103082090616226196e-02 5.356140233925543725e-02
-1.586012775078415871e-02 5.600704051903448999e-02
-2.093937806785106659e-02 5.207621105364523828e-02
-1.924186409451067448e-02 5.411229011951945722e-02
-2.386697172187268734e-02 5.426398036070168018e-02
-2.110504987649619579e-02 5.526152602396905422e-02
-2.715941960923373699e-02 5.188888497650623322e-02
-2.238055528141558170e-02 5.197969980508787557e-02
-2.496921364217996597e-02 5.194350130841485225e-02
-2.139548608101904392e-02 5.266989595475024544e-02
-1.857172208838164806e-02 5.461766130974865519e-02
-1.911604776978492737e-02 4.990959193310118280e-02
-2.750391326844692230e-02 5.354700938551104628e-02
-2.073449688032269478e-02 5.032769220633781515e-02
-2.302406029775738716e-02 5.167245401753461920e-02
-3.084585489705204964e-02 5.132134214727557264e-02
-3.274157457053661346e-02 5.462920202626264654e-02
-2.611978724598884583e-02 5.192173018804169260e-02
-2.724510023836046457e-02 5.024485013200319372e-02
-2.488936868030577898e-02 5.192806737250066362e-02
-2.538494672626256943e-02 5.565573231069720350e-02
-2.143677324056625366e-02 5.657963410703814588e-02
-2.292596967890858650e-02 5.622295991270220838e-02
-1.675421418622136116e-02 4.969159097163355909e-02
-2.580354036763310432e-02 5.218417362993932329e-02
-2.444667171221226454e-02 5.161485509233898483e-02
-2.950238331686705351e-02 4.794742716694599949e-02
-2.671579469460994005e-02 4.909103051977581345e-02
-2.626649846206419170e-02 4.518210576134151779e-02
-2.416859983350150287e-02 5.084757381337112747e-02
-3.289390678401105106e-02 5.005439035812742077e-02
-3.078774569439701736e-02 5.544340135747916065e-02
-2.919590470264665782e-02 6.185583109254366718e-02
-2.010247201542370021e-02 5.601874171043164097e-02
-2.179915687884204090e-02 5.283444831366068684e-02
