-2.651250388483947923e-02 4.642140393997783165e-02
9.060699492692947388e-03 8.463315665721893311e-03
1.045539206825196743e-02 1.843674853444099426e-02
6.221752380952239037e-03 2.749520260840654373e-02
1.118545304052531719e-02 2.881270006764680147e-02
9.993529412895441055e-03 2.902536705369129777e-02
1.193474535830318928e-02 3.506322304019704461e-02
5.408098688349127769e-03 3.288903093198314309e-02
1.014413102529942989e-02 3.476743545616045594e-02
9.592571703251451254e-03 3.180177119793370366e-02
1.315439626341685653e-02 3.671923634828999639e-02
6.909985502716153860e-03 3.452248271787539124e-02
7.353708700975403190e-03 3.817114519188180566e-02
7.131203368771821260e-03 3.559689881512895226e-02
1.154764025704935193e-02 3.172768309013918042e-02
1.144173889770172536e-02 3.415783477248623967e-02
8.925801928853616118e-03 3.548092074925079942e-02
8.604057860793545842e-03 4.187793430173769593e-02
7.244765671202912927e-03 4.070305224740877748e-02
2.425604878226295114e-03 3.519161423901095986e-02
9.080051822820678353e-03 3.513440510505461134e-02
1.327006510109640658e-02 3.323395873667323031e-02
1.085585044347681105e-02 3.672784820446395315e-02
3.785747714573517442e-03 4.283996086815022863e-02
2.277657040394842625e-05 3.677495170632028021e-02
6.683162559056654572e-03 3.705296921907574870e-02
2.969194814795628190e-03 3.807950776899815537e-02
3.506070555886253715e-03 3.208340297351242043e-02
1.020211222930811346e-02 3.141402913388446905e-02
1.132656572735868394e-02 3.319624491632566787e-02
3.430040873354300857e-03 3.657852585092769004e-02
4.510911501711234450e-03 2.915903419852838852e-02
3.811680508079007268e-03 3.355211118832812645e-02
7.676873618038371205e-03 3.374221542981103994e-02
1.167550616082735360e-02 3.055390942972735502e-02
4.467149061383679509e-03 2.878157369923428632e-02
3.984810406109318137e-03 3.299826238435343839e-02
6.341439759125933051e-03 3.696333611515001394e-02
1.283950693323276937e-02 3.349383984823361970e-02
1.183807264897041023e-02 3.891070996542111970e-02
1.199384580831974745e-02 3.671227366794482805e-02
1.396572834346443415e-02 3.618436842589289881e-02
6.578342639841139317e-03 3.555856377715826966e-02
9.962203097529709339e-03 3.355100250701070763e-02
1.823017571587115526e-02 3.515540215084911324e-02
1.282585191074758768e-02 3.166234644959331490e-02
7.526017841883003712e-03 3.460266010733903386e-02
9.765838854946196079e-03 3.317485051593394019e-02
1.014773652423173189e-02 3.221412439961568452e-02
9.467902651522308588e-03 3.595991613474325277e-02
1.145484001608565450e-02 3.522677842192933895e-02
