-4.441916050940725863e-02 3.959318154658597599e-02
-5.481986328959465027e-03 8.665763773024082184e-03
-6.766375154256820679e-04 1.786510273814201355e-02
4.449497908353805542e-03 2.725095674395561218e-02
5.079291295260190964e-03 2.930660522542893887e-02
3.755288198590278625e-04 3.357298183254897594e-02
2.213472616858780384e-03 3.391998098231852055e-02
7.515107863582670689e-03 3.252328687813133001e-02
7.788147195242345333e-03 3.555651719216257334e-02
3.792167408391833305e-04 3.696329647209495306e-02
4.330702940933406353e-03 4.052380856592208147e-02
1.244692830368876457e-04 3.968780458671972156e-02
5.657747271470725536e-03 3.987389862595591694e-02
3.263317863456904888e-03 4.241086904949042946e-02
4.075508622918277979e-03 3.997603653988335282e-02
5.465957394335418940e-03 4.489596131315920502e-02
7.850723923183977604e-04 4.291774275770876557e-02
7.457470383087638766e-04 4.108997168077621609e-02
7.230141000036383048e-03 3.871482856629882008e-02
1.127881955835619010e-02 3.779808113176841289e-02
1.924311076436424628e-03 3.743190476961899549e-02
6.644647368375444785e-03 3.424830031872261316e-02
-8.153097223839722574e-05 3.099612794176209718e-02
6.443153401050949469e-03 3.851581872731912881e-02
4.365386241261148825e-03 3.626051494211424142e-02
4.946274017129326239e-03 3.637275883374968544e-02
1.418130970705533400e-03 4.067266398487845436e-02
-3.590338830690598115e-03 3.763721176801482216e-02
1.875368910987162963e-03 3.746198722365079448e-02
4.748391547764185816e-04 3.575092145911185071e-02
2.370443227846408263e-03 3.717697690444765612e-02
6.263142313400749117e-04 3.853703324421076104e-02
5.159538039151811972e-03 3.463473275041906163e-02
6.121254209574544802e-03 3.080146980209974572e-02
-3.028486240509664640e-03 3.197577420360175893e-02
-5.684696920070564374e-03 3.411642263381509110e-02
-1.733154840621864423e-03 3.365176510851597413e-02
5.474989451613510028e-03 3.434809398459037766e-02
1.221259739395463839e-03 3.293961236340692267e-02
2.367076729569816962e-03 3.112859263637801632e-02
-3.384859501238679513e-03 3.218464980454882607e-02
-5.755612128268694505e-03 3.043253855867078528e-02
-7.657380447199102491e-04 3.547243537468602881e-02
-3.951332033466314897e-03 3.211806897161295637e-02
-5.275577390420949087e-03 2.981986404483905062e-02
2.873568711947882548e-03 3.199423077603569254e-02
-6.626345202676020563e-05 2.936594021593919024e-02
-6.276969183090841398e-03 2.607722669927170500e-02
-5.215743058215593919e-03 3.039595993323018774e-02
-5.715681789297377691e-03 2.578644311142852530e-02
-6.825308631960069761e-03 3.329822789964964613e-02
