-7.530824770639998889e-02 1.579261225541590818e-02
-9.471279568970203400e-03 9.143835864961147308e-03
-1.941110007464885712e-02 1.141307991929352283e-02
-2.917410247027873993e-02 1.591076026670634747e-02
-3.912718780338764191e-02 2.001537452451884747e-02
-4.829221405088901520e-02 1.620751409791409969e-02
-5.817425716668367386e-02 1.140844007022678852e-02
-6.709226593375205994e-02 1.499623898416757584e-02
-7.495141588151454926e-02 1.580828189617022872e-02
-7.835083082318305969e-02 1.510514144320040941e-02
-7.733876421116292477e-02 1.243267080280929804e-02
-8.164701308123767376e-02 1.916162495035678148e-02
-7.653389056213200092e-02 2.232226601336151361e-02
-8.138987678103148937e-02 1.762109866831451654e-02
-8.647709176875650883e-02 1.602341711986809969e-02
-7.989216758869588375e-02 1.972268160898238420e-02
-8.221238572150468826e-02 2.063446334796026349e-02
-8.394461940042674541e-02 1.737097563454881310e-02
-8.171673957258462906e-02 1.984335487941280007e-02
-7.971754972822964191e-02 1.887452549999579787e-02
-8.014840548275969923e-02 2.240354235982522368e-02
-8.392626591376028955e-02 1.930756162619218230e-02
-8.080164631246589124e-02 1.554791297530755401e-02
-8.289089458412490785e-02 1.391594851156696677e-02
-8.353703815373592079e-02 1.560145342955365777e-02
-8.596192320692352951e-02 1.562119925620208960e-02
-8.214729765313677490e-02 1.946446251349698287e-02
-7.938365216250531375e-02 2.317658367792319041e-02
-8.304705724003724754e-02 2.034511997590016108e-02
-8.128651962033472955e-02 1.942806439001287799e-02
-7.702006338513456285e-02 2.391317793626512866e-02
-8.031133221811614931e-02 2.914495188269938808e-02
-7.824395954958163202e-02 2.465536146883096080e-02
-7.967346542864106596e-02 2.665716437149967533e-02
-8.001362971845082939e-02 2.924656522918667179e-02
-7.584594908985309303e-02 3.055184734512295108e-02
-7.350172704900614917e-02 2.587156630579556804e-02
-7.858578205923549831e-02 3.035130099851812702e-02
-8.392051883856765926e-02 3.098315313218336087e-02
-8.211792420479469001e-02 3.155215339029382449e-02
-7.660415835562162101e-02 2.394477299640129786e-02
-7.915357939782552421e-02 2.710636424126278143e-02
-8.681811645510606468e-02 2.096007064210425597e-02
-8.122752021881751716e-02 2.627851067336450797e-02
-8.209937877836637199e-02 3.000088500084530097e-02
-8.376383487484417856e-02 2.853747234439651947e-02
-9.006568169570527971e-02 2.746092491543095093e-02
-9.003963446593843400e-02 3.118858147172431927e-02
-8.568161012954078615e-02 3.120707798552757595e-02
-8.503966571879573166e-02 2.917726695341116283e-02
-7.728950752061791718e-02 3.638530554053431842e-02
