-6.165585046155849791e-02 2.873090945659105555e-02
-9.569035843014717102e-03 9.643683210015296936e-03
-1.951858587563037872e-02 1.951267942786216736e-02
-2.860688231885433197e-02 2.921250555664300919e-02
-3.733491152524948120e-02 3.549992525950074196e-02
-4.403886944055557251e-02 4.283760720863938332e-02
-4.532103682868182659e-02 4.291743570502148941e-02
-5.275583057664334774e-02 4.170821427396731451e-02
-4.647441930137574673e-02 4.746404296747641638e-02
-4.648216134864924243e-02 4.182928900263505057e-02
-5.124320621598599246e-02 3.645143571338849142e-02
-4.562003743831155589e-02 4.213050526595907286e-02
-5.413139165375469020e-02 4.556975985906319693e-02
-4.937695824537513545e-02 4.120829195744590834e-02
-5.624598051417706301e-02 3.839129961124854162e-02
-5.226004748601553729e-02 3.762238601484568790e-02
-5.505724340673623374e-02 3.788641669234493747e-02
-5.921326061707077315e-02 4.475386828562477604e-02
-6.335496991869149497e-02 3.728071429213741794e-02
-6.125671482641337207e-02 3.486720953515032306e-02
-5.645910949442622950e-02 2.908844935154775158e-02
-5.984236016865907004e-02 3.001047237921738997e-02
-6.501669246699748328e-02 3.670766097638988867e-02
-6.711924398314295104e-02 3.808873866364592686e-02
-6.166334493082104018e-02 3.693607424065703526e-02
-6.140809400585567346e-02 3.819881295930827036e-02
-6.404313898292457452e-02 3.958483783208066598e-02
-5.996441688967024675e-02 4.335987891681725159e-02
-6.813330423665320268e-02 4.416736568236956373e-02
-6.866853724113752833e-02 4.118019322777399793e-02
-7.167392846076836577e-02 3.973422028502682224e-02
-7.411137938379397383e-02 4.600938983639935032e-02
-6.968255031733860960e-02 3.816547911992529407e-02
-6.629090656406333437e-02 4.206271438306430355e-02
-6.208524240992119303e-02 4.353500871366122738e-02
-6.585632677069952479e-02 3.878888922190526500e-02
-6.282776843636384001e-02 4.260564634023467079e-02
-6.277046810919273412e-02 4.458776061801472679e-02
-5.687024390408623731e-02 4.875723311124602333e-02
-6.183542583221424138e-02 5.234974800987401977e-02
-6.558865627357590711e-02 4.932613429991761222e-02
-6.058926081368554151e-02 4.766564901365200058e-02
-5.851718287067342317e-02 4.330809732346097007e-02
-6.068398400293517625e-02 5.063887491269269958e-02
-6.136473039714473998e-02 5.089465273340465501e-02
-5.778254968663532054e-02 4.735404044185997918e-02
-5.412842500572878635e-02 4.399967822973849252e-02
-5.675756795881170547e-02 4.751061695424141362e-02
-5.295068844770867145e-02 4.588515009527327493e-02
-5.219175443835410988e-02 5.054833717440487817e-02
-5.352694260272983229e-02 4.804077349399449304e-02
