-4.398902789286087550e-02 3.980515255285249632e-02
-9.977508336305618286e-03 9.989387355744838715e-03
-1.985053811222314835e-02 1.872480567544698715e-02
-2.844554837793111801e-02 2.869196329265832901e-02
-3.753627836704254150e-02 3.674476034939289093e-02
-3.955342597328126431e-02 4.461960401386022568e-02
-3.465090808458626270e-02 4.212618083693087101e-02
-3.579919575713574886e-02 4.548522084951400757e-02
-3.085805405862629414e-02 4.527405173575971276e-02
-3.749593044631183147e-02 4.293655850051436573e-02
-3.666761785279959440e-02 4.089310755080077797e-02
-3.526091016829013824e-02 4.609254830575082451e-02
-4.004383226856589317e-02 4.427817698160652071e-02
-3.288201242685317993e-02 4.204705242591444403e-02
-3.678802214562892914e-02 4.282711034466046840e-02
-3.373076277785003185e-02 4.816847069014329463e-02
-3.612863249145448208e-02 4.265407759521622211e-02
-3.302359301596879959e-02 4.607860029500443488e-02
-3.486264182720333338e-02 4.068827380251605064e-02
-3.316216787789016962e-02 4.007186282251495868e-02
-3.484564623795449734e-02 3.916878394375089556e-02
-2.824405743740499020e-02 3.918972663086606190e-02
-3.263327642343938351e-02 3.719241014186991379e-02
-3.378585143946111202e-02 4.105936997075332329e-02
-3.523845295421779156e-02 4.527388541464461014e-02
-3.302390687167644501e-02 4.321640711714280769e-02
-3.513283422216773033e-02 4.122805041697574779e-02
-3.731029201298952103e-02 4.536043298867298290e-02
-3.193149017170071602e-02 4.571749819297110662e-02
-3.118182113394141197e-02 4.586267364356899634e-02
-3.209429967682808638e-02 4.659203181654447690e-02
-3.180083740153349936e-02 4.597808313701534644e-02
-3.422848615446127951e-02 4.867677167203510180e-02
-3.777935719699598849e-02 5.350470738630974665e-02
-3.397394870989955962e-02 4.707946684357011691e-02
-3.081655959249474108e-02 4.410752081457758322e-02
-3.558528554276563227e-02 4.787026425037765875e-02
-3.993088463903404772e-02 4.348311233479762450e-02
-3.577787606627680361e-02 5.045727533433819190e-02
-3.199096061871387064e-02 4.818711090047145262e-02
-3.719068123609758914e-02 4.506223378848517314e-02
-3.935604999423958361e-02 4.516903815965633839e-02
-3.334072083816863596e-02 4.239044377754908055e-02
-2.960056523443199694e-02 4.354570577561389655e-02
-3.287430261843837798e-02 4.065110399096738547e-02
-3.542783940793015063e-02 4.315677359409164637e-02
-3.841773295425809920e-02 4.491363353736232966e-02
-3.737751152948476374e-02 4.430642553779762238e-02
-4.233130664215423167e-02 3.860486175108235329e-02
-3.730344996438361704e-02 3.658805873419623822e-02
-3.867086514947004616e-02 3.817459130368661135e-02
