-4.433746736826824769e-02 3.963363758861819519e-02
-9.465633891522884369e-03 9.920244105160236359e-03
-1.882052142173051834e-02 1.972176320850849152e-02
-2.519535506144165993e-02 2.964464388787746429e-02
-1.863719802349805832e-02 3.862616140395402908e-02
-2.397108171135187149e-02 4.622988402843475342e-02
-2.723816782236099243e-02 4.784160794224590063e-02
-2.402161643840372562e-02 4.828226746758446097e-02
-2.571792644448578358e-02 4.816282750834943727e-02
-2.819368941709399223e-02 5.391560286079766229e-02
-2.257055044174194336e-02 5.270643626136006787e-02
-2.103383897338062525e-02 4.739699932542862371e-02
-2.315499063115566969e-02 5.037374702078523114e-02
-1.772281283047050238e-02 5.046813097578706220e-02
-1.892740116454660892e-02 4.925637099222512916e-02
-2.737821941263973713e-02 5.353480543271871284e-02
-2.488004928454756737e-02 5.240853399300249293e-02
-3.205198654904961586e-02 5.438150617555947974e-02
-2.780109317973256111e-02 5.197139422671170905e-02
-2.811721296166069806e-02 5.398170382977696136e-02
-2.769126865314319730e-02 5.038426316605182365e-02
-2.761720988200977445e-02 5.192716152669163421e-02
-2.815142902545630932e-02 5.296033295599045232e-02
-3.002219938207417727e-02 5.156171124690445140e-02
-2.691028022672981024e-02 4.871162947529228404e-02
-2.981317776720970869e-02 5.144062091858359054e-02
-2.346287982072681189e-02 5.269938277342589572e-02
-2.687638055067509413e-02 4.739129718655021861e-02
-2.475058322306722403e-02 4.742921646902686916e-02
-3.089901793282479048e-02 5.008382969754165970e-02
-2.291289425920695066e-02 5.001501673177699558e-02
-2.434052317403256893e-02 4.734777919293264858e-02
-2.779328078031539917e-02 5.122554771878640167e-02
-2.683579415315762162e-02 5.484057897047023289e-02
-3.197920048842206597e-02 5.497073643709882163e-02
-2.596348017686977983e-02 4.906107979695661925e-02
-2.875554218189790845e-02 5.338386242146953009e-02
-3.116089646937325597e-02 4.763839981387718581e-02
-2.434928744332864881e-02 5.035065189804299735e-02
-3.099610126810148358e-02 5.629842989947064780e-02
-2.900766051607206464e-02 5.172258783932193182e-02
-3.586967365117743611e-02 4.498705529476865195e-02
-3.109458956168964505e-02 5.002130876164301299e-02
-3.195065527688711882e-02 4.643848799969418906e-02
-3.108573466306552291e-02 5.267892015035613440e-02
-2.546827582409605384e-02 4.767172113861306570e-02
-2.445154573069885373e-02 4.825314535628422163e-02
-3.134009969653561711e-02 5.192545178215368651e-02
-3.016273392131552100e-02 5.366151331327273510e-02
-3.028056991752237082e-02 4.883218294344260357e-02
-2.681982412468641996e-02 5.570414632893516682e-02
