-4.397545730390532703e-02 3.981179852843612366e-02
-9.647277183830738068e-03 9.877223521471023560e-03
-1.938884239643812180e-02 1.985419727861881256e-02
-2.922930940985679626e-02 2.914697863161563873e-02
-3.866012115031480789e-02 3.701674193143844604e-02
-4.342471854761242867e-02 4.047465650364756584e-02
-4.386647956562228501e-02 4.349387716501951218e-02
-4.067633536760695279e-02 4.846095386892557144e-02
-4.136705005657859147e-02 4.355654213577508926e-02
-3.699666706961579621e-02 4.407826514216139913e-02
-3.947692716610617936e-02 4.133009590441361070e-02
-4.292545633506961167e-02 4.574870277428999543e-02
-4.166885456652380526e-02 4.888791480334475636e-02
-4.087527716183103621e-02 4.319962515728548169e-02
-4.492771500372327864e-02 4.828306689159944654e-02
-4.265444158227182925e-02 4.510943201603367925e-02
-4.325218618032522500e-02 4.343078698730096221e-02
-4.535910536651499569e-02 4.316708949045278132e-02
-4.565207113046199083e-02 4.723739056498743594e-02
-3.838681115303188562e-02 4.750943213002756238e-02
-4.086836229544132948e-02 4.832990193972364068e-02
-3.688535687979310751e-02 4.545542696723714471e-02
-3.861606353893876076e-02 3.949261136585846543e-02
-3.384424326941370964e-02 4.692403232911601663e-02
-3.198473819065839052e-02 5.053069378482177854e-02
-3.150902161723934114e-02 4.603985120775178075e-02
-3.576123001403175294e-02 4.706368729239329696e-02
-3.899575103423558176e-02 4.723030730383470654e-02
-3.931482840562239289e-02 4.795513197313994169e-02
-4.202438268112018704e-02 4.040842258837074041e-02
-3.404955036239698529e-02 3.824830206576734781e-02
-3.218773734988644719e-02 4.153361229691654444e-02
-3.288294683443382382e-02 4.229703097371384501e-02
-3.805589518742635846e-02 3.669106744928285480e-02
-4.262578190537169576e-02 4.411810886813327670e-02
-3.772856650175526738e-02 4.567689908435568213e-02
-3.688363969558849931e-02 4.417970968643203378e-02
-3.219214972341433167e-02 4.761397658148780465e-02
-3.549022373044863343e-02 4.597256478155031800e-02
-3.876350802602246404e-02 4.607232983835274354e-02
-3.179882449330762029e-02 3.942741823993856087e-02
-3.600609378190711141e-02 3.747214211762184277e-02
-3.219825826818123460e-02 3.899628771614516154e-02
-3.276871645357459784e-02 3.470604084577644244e-02
-3.661468334030359983e-02 3.878498785343253985e-02
-3.273009147960692644e-02 3.790710206521907821e-02
-3.747778630349785089e-02 3.826002236019121483e-02
-3.811545646749436855e-02 3.461566213081823662e-02
-3.646844788454473019e-02 3.661267268034862354e-02
-3.455071023199707270e-02 4.218641384068178013e-02
-3.299672063440084457e-02 4.474849435064243153e-02
