-6.783440748205828846e-03 4.976965937405811169e-02
-9.211695753037929535e-03 9.860381484031677246e-03
-1.133306557312607765e-02 1.932228263467550278e-02
-1.673374837264418602e-02 2.886992599815130234e-02
-1.373358094133436680e-02 3.842737991362810135e-02
-1.845684018917381763e-02 4.197866749018430710e-02
-1.497912150807678699e-02 4.600153164938092232e-02
-8.924860740080475807e-03 4.933454352430999279e-02
-1.614501536823809147e-02 5.371770565398037434e-02
-1.471749960910528898e-02 5.375434701272752136e-02
-1.369376119691878557e-02 4.864302706846501678e-02
-9.447006625123322010e-03 4.885597300017252564e-02
-1.137993927113711834e-02 4.915048074326477945e-02
-1.252224203199148178e-02 5.161624247557483613e-02
-1.695889933034777641e-02 4.885964453569613397e-02
-1.042935950681567192e-02 4.741121476399712265e-02
-9.514117089565843344e-03 5.174211665871553123e-02
-7.328580541070550680e-03 4.465594256180338562e-02
-1.167562411865219474e-02 5.045200159656815231e-02
-1.760755799477919936e-02 5.092750478070229292e-02
-1.176606438821181655e-02 4.798071074765175581e-02
-1.518828159896656871e-02 5.087262426968663931e-02
-1.277353888144716620e-02 5.731273198034614325e-02
-1.220008975360542536e-02 5.458269093651324511e-02
-1.285594172077253461e-02 5.200610740575939417e-02
-1.056069933110848069e-02 5.395797826349735260e-02
-9.310992609243839979e-03 5.931570241227746010e-02
-1.135580748086795211e-02 6.267345021478831768e-02
-8.057856408413499594e-03 5.414566281251609325e-02
-8.408127876464277506e-03 5.105618131347000599e-02
-1.283803541446104646e-02 5.127781283226795495e-02
-8.858345507178455591e-03 5.083413017564453185e-02
-1.189959613839164376e-02 5.142082108068279922e-02
-7.472132390830665827e-03 5.488383185002021492e-02
-1.184672402450814843e-02 5.395095361745916307e-02
-3.982081136200577021e-03 5.323197916732169688e-02
-7.348600833211094141e-03 4.895210490212775767e-02
-1.113090949365869164e-02 5.221300330595113337e-02
-6.377510784659534693e-03 4.915934652672149241e-02
-5.206886271480470896e-03 5.642041275859810412e-02
-5.530934664420783520e-03 5.218418678850866854e-02
-1.058306347113102674e-02 4.683053577900864184e-02
-1.344803941901773214e-02 5.440671500400640070e-02
-1.406666054390370846e-02 5.366565645090304315e-02
-1.009789272211492062e-02 5.344399572641123086e-02
-1.236023218370974064e-02 5.705634709738660604e-02
-9.967797202989459038e-03 5.812124007206875831e-02
-5.247655557468533516e-03 5.392783398565370589e-02
-7.990201702341437340e-03 5.328705902502406389e-02
-1.316096517257392406e-02 5.690274220251012594e-02
-9.368689963594079018e-03 5.155270332761574537e-02
