1.390594188377368770e-02 4.902840390678378513e-02
-1.609210972674190998e-03 9.361646138131618500e-03
1.322393422015011311e-03 1.886416971683502197e-02
1.810662739444524050e-03 2.855838835239410400e-02
4.775869718287140131e-03 3.514165943488478661e-02
2.890342439059168100e-03 4.404146736487746239e-02
4.985338367987424135e-03 4.840852785855531693e-02
6.760963064152747393e-03 5.159573117271065712e-02
1.024773466633632779e-02 5.056109116412699223e-02
5.749160249251872301e-03 5.034797654661815614e-02
6.819182832259684801e-03 5.430911031726282090e-02
7.994573272299021482e-03 5.546012606646399945e-02
6.506772188004106283e-03 5.045277524914126843e-02
4.069490067195147276e-03 5.320067323918920010e-02
8.099624596070498228e-03 4.824586205359082669e-02
1.820029399823397398e-03 5.488098778005223721e-02
8.095564029645174742e-03 5.546712908835615963e-02
5.923483695369213820e-03 6.119128489808645099e-02
5.855999916093423963e-03 5.363386250974144787e-02
7.889222848461940885e-03 5.907533025310840458e-02
7.616595976287499070e-03 5.368384240136947483e-02
6.309915595920756459e-03 5.071128845156636089e-02
3.428627067478373647e-03 5.611717548163142055e-02
2.773509186226874590e-04 5.087478259520139545e-02
4.604967572959139943e-03 5.472924314381089061e-02
5.152926169103011489e-03 5.461931310856016353e-02
9.180061373626813293e-03 5.565932708123000339e-02
1.902634132420644164e-03 5.999078450986417010e-02
7.860001496737822890e-03 5.580650678166421130e-02
7.829613459762185812e-04 5.850595574156614020e-02
5.542443454032763839e-03 5.275919952691765502e-02
1.900420844322070479e-03 5.005823414103360847e-02
5.863506521563977003e-04 5.767334497795673087e-02
6.915707272128202021e-04 6.028269802482100204e-02
5.424808630777988583e-03 5.568079709337325767e-02
8.046323564485646784e-04 5.250402878300519660e-02
3.486450215859804302e-03 5.783316784800263122e-02
-1.941913142218254507e-04 5.999250931927235797e-02
2.945979278592858464e-03 6.221117650420637801e-02
3.046063822694122791e-03 5.903836771176429465e-02
1.305110054090619087e-04 6.334319164307089522e-02
7.106596603989601135e-04 6.018572150060208514e-02
2.881540684029459953e-03 6.436873821803601459e-02
6.956746103242039680e-03 5.639350170531542972e-02
7.570536865387111902e-03 5.387946719565661624e-02
-1.895650639198720455e-04 5.723122473136754707e-02
-1.129411684814840555e-03 5.772231694572838023e-02
1.099721004720777273e-03 6.516289560386212543e-02
2.146551443729549646e-03 6.043221650907071307e-02
2.764291595667600632e-03 5.584884004929335788e-02
4.674218711443245411e-03 5.973887036816449836e-02
