5.189634507135866548e-02 3.547964300483751054e-02
4.190552048385143280e-03 9.938691742718219757e-03
1.177635882049798965e-02 1.826954446732997894e-02
8.805935736745595932e-03 2.600812260061502457e-02
5.394586827605962753e-03 3.024565754458308220e-02
6.107647903263568878e-03 3.844380425289273262e-02
3.432102035731077194e-03 3.252883069217205048e-02
-1.459944527596235275e-03 3.801069734618067741e-02
-2.297662780620157719e-03 3.576685185544192791e-02
2.657194854691624641e-04 3.474776807706803083e-02
-3.742120461538434029e-04 3.431803887360729277e-02
2.867870382033288479e-03 3.679146236390806735e-02
1.920061185956001282e-03 3.350138608948327601e-02
-5.357323214411735535e-03 3.830254488275386393e-02
-2.488723490387201309e-03 4.192347094067372382e-02
-3.413315862417221069e-04 4.083825930138118565e-02
5.413173697888851166e-03 3.639608438243158162e-02
-1.104393042623996735e-03 4.223705318872816861e-02
-6.033816374838352203e-03 4.010462018777616322e-02
-9.595230221748352051e-04 4.496866048430092633e-02
-2.700797631405293941e-03 4.197790918988175690e-02
-6.400077487342059612e-03 4.592635089647956192e-02
-2.060533850453794003e-03 4.632668429985642433e-02
-1.869287589215673506e-03 4.556675429921597242e-02
4.803251795237883925e-04 4.308654961641877890e-02
-5.236954209976829588e-03 3.810318547766655684e-02
-4.245945965521968901e-03 3.763509710552170873e-02
5.038075469201430678e-04 4.234042606549337506e-02
-4.212340587400831282e-03 4.118414310505613685e-02
-1.530945781269110739e-03 4.350071441149339080e-02
-2.101448029861785471e-03 4.454790725139901042e-02
2.023467663093470037e-03 4.136217030463740230e-02
-2.285392620251514018e-03 3.512730047805234790e-02
5.561546757235191762e-03 3.847003605915233493e-02
5.412007652921602130e-03 4.072672262554988265e-02
4.381460690638050437e-03 4.110098257660865784e-02
-2.109005959937348962e-03 3.433312755078077316e-02
-5.823919695103541017e-03 3.674542391672730446e-02
-3.835439274553209543e-04 3.718455039779655635e-02
-1.236260490259155631e-03 4.093971449765376747e-02
-2.155015972675755620e-03 3.823072576778940856e-02
3.919762762961909175e-03 3.764374760794453323e-02
-9.922513563651591539e-04 3.335536477970890701e-02
4.488049744395539165e-03 3.320889650785829872e-02
2.337423589779064059e-03 3.782376331218983978e-02
9.904254664434120059e-03 4.045644924917723984e-02
1.450361727620474994e-02 3.660209719964768738e-02
1.173289070720784366e-02 3.744442643073853105e-02
1.164583812351338565e-02 3.169918734056409448e-02
1.663334944169037044e-02 3.878182334301527590e-02
1.078501806478016078e-02 3.489081676525529474e-02
