3.393897753252533150e-02 4.406458315458981756e-02
7.346427068114280701e-03 9.710256941616535187e-03
1.504061417654156685e-02 1.922280248254537582e-02
1.860157446935772896e-02 2.858960349112749100e-02
2.327964035794138908e-02 3.599158581346273422e-02
2.586515154689550400e-02 3.471816959790885448e-02
2.610776986693963408e-02 3.616143402177840471e-02
1.800433866446837783e-02 4.397832055110484362e-02
9.388015081640332937e-03 3.939862654078751802e-02
1.253103715134784579e-02 3.764553659129887819e-02
1.987295335857197642e-02 3.739865595707669854e-02
2.388252568198367953e-02 4.434655007207766175e-02
1.526879862649366260e-02 3.910802124300971627e-02
9.312992158811539412e-03 3.273215476656332612e-02
8.582081296481192112e-03 3.020271478453651071e-02
1.571263943333178759e-02 3.518019622424617410e-02
1.283081027213484049e-02 3.348003810970112681e-02
1.210915303090587258e-02 4.000870994059368968e-02
8.360638574231415987e-03 3.589983395067974925e-02
1.053979742573574185e-02 4.005893383873626590e-02
1.840940053807571530e-02 3.923346975352615118e-02
9.827598289120942354e-03 3.329086105804890394e-02
1.074438804062083364e-02 3.557847894262522459e-02
9.508095972705632448e-03 3.733560838736593723e-02
1.101200579432770610e-02 3.326057526282966137e-02
1.529686542926356196e-02 3.758854721672832966e-02
1.750501472270116210e-02 3.715873454348184168e-02
1.833713368978351355e-02 3.822423543897457421e-02
1.932298729661852121e-02 4.050331309554167092e-02
2.112074196338653564e-02 4.143657282111234963e-02
1.576268440112471581e-02 3.827115151216275990e-02
2.005972247570753098e-02 4.255589100648649037e-02
1.844677072949707508e-02 4.022611121763475239e-02
2.077637054026126862e-02 4.163366419379599392e-02
2.855251729488372803e-02 3.501620193128474057e-02
2.716303651686757803e-02 3.375850644079037011e-02
2.554902504198253155e-02 3.297808553907088935e-02
2.720675175078213215e-02 3.791189819457940757e-02
2.292817900888621807e-02 4.208404218661598861e-02
2.343415090581402183e-02 3.656577851506881416e-02
2.592692075995728374e-02 4.308875111746601760e-02
2.156675065634772182e-02 3.828918302315287292e-02
2.912852371810004115e-02 3.800905193202197552e-02
2.950040780706331134e-02 3.749147022608667612e-02
2.816544316010549664e-02 4.160202958155423403e-02
2.419883321272209287e-02 3.670380834955722094e-02
2.327591611538082361e-02 3.473834402393549681e-02
1.991347281727939844e-02 3.741175413597375154e-02
2.423517557326704264e-02 3.254317038226872683e-02
2.705816121306270361e-02 3.578918089624494314e-02
2.517323475331068039e-02 2.819411398377269506e-02
