1.375222037661213981e-02 4.904986842350217424e-02
3.706574352690950036e-05 9.191079065203666687e-03
-6.451374349126126617e-03 1.904250122606754303e-02
-1.245745034975698218e-02 2.778357453644275665e-02
-1.136999701702734455e-02 3.223580168560147285e-02
-6.937743477465119213e-03 3.056836896575987339e-02
-4.431212168128695339e-03 3.303765458986163139e-02
-6.625289410294499248e-03 3.670952469110488892e-02
-5.536199278139974922e-03 3.681939154921565205e-02
-1.338718059560051188e-02 3.555294546822551638e-02
-8.565372518205549568e-03 4.330352322722319514e-02
-2.873008801543619484e-03 3.627942177990917116e-02
-1.260910612472798675e-03 4.056748004222754389e-02
-3.235794800275471061e-03 4.041279168450273573e-02
-4.212652296700980514e-03 4.073278637952171266e-02
-5.155062499397899956e-03 3.986034487024880946e-02
-3.344571414345409721e-03 3.618249032297171652e-02
-1.020387244352605194e-03 4.013858656981028616e-02
-1.414093210769351572e-03 4.487749669351615012e-02
-3.347495010530110449e-03 3.705394375720061362e-02
-3.497263598546851426e-03 3.092172849574126303e-02
-8.417911078140605241e-03 3.912106729694642127e-02
-7.729336575721390545e-04 3.377725664176978171e-02
2.724753743677865714e-03 4.137132191681303084e-02
-4.194668443233240396e-03 4.207840582239441574e-02
-3.168635252222884446e-03 4.814378052833490074e-02
-7.059143572405446321e-03 4.160966325434856117e-02
-4.531670543656218797e-03 3.857899011927656829e-02
-1.043026307161198929e-02 4.320565165835432708e-02
-4.083451996848452836e-03 4.720768166589550674e-02
-7.123202965885866433e-03 4.980851474101655185e-02
-1.218719356984365731e-03 4.768362172762863338e-02
1.558172800287138671e-03 4.861663826159201562e-02
-1.393407532304991037e-03 4.998516323394142091e-02
-5.116006075695622712e-03 4.597167423344217241e-02
-1.014097658480750397e-02 4.127827132469974458e-02
-4.643815751478541642e-03 3.834919896326027811e-02
-5.396933534939307719e-03 3.409411277971230447e-02
-8.397683508519548923e-03 3.574953516363166273e-02
-7.298896161955781281e-04 3.547869704198092222e-02
3.777698606427293271e-03 3.913235326763242483e-02
-2.656782518897671252e-03 3.697776829358190298e-02
-9.511812895652838051e-04 3.420519514475017786e-02
-3.456345883023459464e-03 3.660472074989229441e-02
-1.234344125987263396e-02 4.238979017827659845e-02
-1.466541237459750846e-02 3.691434592474251986e-02
-9.493817698967177421e-03 3.455252212006598711e-02
-1.056615764537127689e-02 3.845267801079899073e-02
-1.244312455673934892e-02 4.079520714003592730e-02
-1.294364856585161760e-02 3.903569898102432489e-02
-1.501743944390909746e-02 3.811069868970662355e-02
