-2.471906637438047935e-02 4.689668599894927792e-02
7.767265662550926208e-03 8.031214587390422821e-03
1.496779639273881912e-02 1.772329118102788925e-02
1.615304069127887487e-02 2.296007750555872917e-02
1.285063836257904768e-02 3.289945190772414207e-02
1.601024239789694548e-02 3.051154268905520439e-02
7.417973945848643780e-03 3.376623871736228466e-02
1.649027771782130003e-02 3.720629937015473843e-02
1.572644483530893922e-02 4.314341885037720203e-02
2.425245434278622270e-02 3.479462792165577412e-02
1.824003091314807534e-02 3.849260974675416946e-02
1.312699873233214021e-02 4.491923982277512550e-02
1.131875294959172606e-02 3.909927746281027794e-02
1.662078866502270103e-02 4.419112345203757286e-02
1.300157810328528285e-02 4.759923345409333706e-02
1.051534333964809775e-02 4.476379998959600925e-02
1.314475800609216094e-02 4.116358654573559761e-02
1.011570001719519496e-02 4.049259441671893001e-02
7.351662206929177046e-03 3.959861776093021035e-02
8.738116302993148565e-03 4.230493569048121572e-02
1.605584373464807868e-02 4.312842391664162278e-02
1.447426673257723451e-02 3.668833390111103654e-02
8.973544521722942591e-03 3.875504859024658799e-02
8.895533370377961546e-03 4.067036398919299245e-02
9.765398783201817423e-03 4.421918751904740930e-02
1.119419476162875071e-02 3.641833883011713624e-02
1.812893021997297183e-02 4.303379362681880593e-02
1.135354638245189562e-02 3.939333028392866254e-02
7.252835297549609095e-03 4.402644681977108121e-02
4.637327605450991541e-03 4.257593682268634439e-02
5.572921400016639382e-03 4.282979419804178178e-02
9.793547716981265694e-03 4.598834793432615697e-02
1.530734429979929700e-02 4.316738885245285928e-02
1.241450574161717668e-02 4.263760134926997125e-02
1.425369169010082260e-02 4.674526010057888925e-02
1.837119126139441505e-02 4.225337490788660944e-02
1.172301258338848129e-02 3.646956602460704744e-02
1.190515602502273396e-02 3.683512963471002877e-02
4.651703820854891092e-03 3.605588772916235030e-02
1.141329989332007244e-02 3.719701620866544545e-02
5.633647968352306634e-03 3.687180849374271929e-02
1.157248992967652157e-02 4.588590367347933352e-02
7.560088248283136636e-03 4.874144043424166739e-02
6.086988090828526765e-03 4.339820254244841635e-02
7.178401523560751230e-03 5.104803634458221495e-02
6.785586076148319989e-03 4.493894954794086516e-02
1.486966160155134276e-02 4.666297338553704321e-02
7.188657364167738706e-03 4.166733348392881453e-02
3.402593145438004285e-03 4.494356238865293562e-02
9.359936761029530317e-03 5.026968070887960494e-02
8.966267174400854856e-03 5.043027707142755389e-02
