-2.548007209046116578e-02 4.669935845839362498e-02
3.306972794234752655e-04 9.608166292309761047e-03
4.632007912732660770e-04 1.887199003249406815e-02
-4.722532758023589849e-03 2.844256348907947540e-02
1.284376776311546564e-03 3.674529492855072021e-02
5.065123143140226603e-03 4.572924971580505371e-02
1.175727980444207788e-02 4.204390896484255791e-02
7.450705918017774820e-03 4.568920866586267948e-02
4.327057220507413149e-03 4.509054677328094840e-02
6.630812364164739847e-03 4.367429093690589070e-02
2.585263049695640802e-03 4.143593023763969541e-02
7.221829670015722513e-03 4.610992484958842397e-02
8.627667149994522333e-03 4.384424450108781457e-02
4.541351518128067255e-03 4.139387846225872636e-02
2.249113109428435564e-03 4.669000353896990418e-02
6.973839655984193087e-03 4.676146592828445137e-02
1.427983940811827779e-02 4.733849965850822628e-02
6.752174173016101122e-03 4.151205110247246921e-02
5.215403100010007620e-03 4.827659900183789432e-02
-2.153427922166883945e-04 4.149043091456405818e-02
6.344255467411130667e-03 4.446637161890976131e-02
2.137182222213596106e-03 4.766843441757373512e-02
9.317772870417684317e-03 4.416386617231182754e-02
9.481826302362605929e-03 4.872469764086417854e-02
3.294276510132476687e-03 5.024244645028375089e-02
1.460533676436170936e-03 4.566874084412120283e-02
-3.811520437011495233e-03 4.939385232864879072e-02
2.062129875412210822e-03 5.094578079297207296e-02
7.681382441660389304e-03 5.506850415258668363e-02
3.776329423999413848e-03 5.135127608082257211e-02
4.638617887394502759e-03 5.433020772761665285e-02
1.327391044469550252e-03 4.804253889597021043e-02
4.587647068547084928e-03 4.802313639265776146e-02
-3.230692323995754123e-03 4.690256429785222281e-02
3.854821465210989118e-03 4.306281398930877913e-02
3.027583501534536481e-03 5.137870129146904219e-02
1.971192570636048913e-03 4.971370700695842970e-02
1.184782624477520585e-03 4.827847489104897249e-02
2.044357854174450040e-03 4.531907447562844027e-02
-1.519422221463173628e-04 4.983829864249855746e-02
5.459262785734608769e-03 4.367238254235417116e-02
1.012679169070906937e-02 4.605771618844300974e-02
6.481958116637542844e-03 4.335983301461965311e-02
3.454547637375071645e-03 4.325702096866734792e-02
7.083069795044139028e-03 4.460175891472317744e-02
7.103615515006822534e-03 4.482879300667264033e-02
6.488967062978190370e-03 3.636212085439183284e-02
2.717664539886754937e-03 4.559075084580399562e-02
5.047681583164376207e-03 4.351617905376770068e-02
2.944975440186681226e-04 3.748707703380205203e-02
-9.289479767176089808e-04 4.444096979750611354e-02
