-2.745897159440276181e-02 4.615614842004531204e-02
6.670740898698568344e-03 9.376804344356060028e-03
1.327728852629661560e-03 1.772007532417774200e-02
4.621058236807584763e-03 2.546285185962915421e-02
4.255409381585195661e-03 2.770316856913268566e-02
5.730483593652024865e-03 3.142533916980028152e-02
7.115826621884480119e-03 3.466948866844177246e-02
7.729301432846114039e-03 3.494172453065402806e-02
5.838463868713006377e-03 3.992561207269318402e-02
6.401429738616570830e-03 3.450840016012080014e-02
4.390887072077021003e-03 3.519362109364010394e-02
4.020338703412562609e-03 2.863130709738470614e-02
8.498665702063590288e-03 3.610849371762014925e-02
8.363625427591614425e-03 3.355447101057507098e-02
7.367311787675134838e-03 3.494926614803262055e-02
9.482728361035697162e-03 3.581282656523399055e-02
9.355211383081041276e-03 3.793996127205900848e-02
6.162643650895915926e-03 3.146428448962979019e-02
1.237042456341441721e-02 3.485453219036571681e-02
7.580311721540056169e-03 3.353087275172583759e-02
1.159400375036057085e-02 3.123270251671783626e-02
1.182634741417132318e-02 3.527841294999234378e-02
7.802888605510815978e-03 3.056373118306510150e-02
8.192383480491116643e-03 2.885706312372349203e-02
6.130661146016791463e-03 2.722394358715973794e-02
5.339857161743566394e-03 3.133236881694756448e-02
8.247514691902324557e-03 3.402047496638260782e-02
9.650745050748810172e-03 3.630354496999643743e-02
1.273375222808681428e-02 3.336513726389966905e-02
9.735755476867780089e-03 3.164457119419239461e-02
9.536405952530913055e-03 3.409634981653653085e-02
1.664280818658880889e-03 3.384721075417473912e-02
5.556018251809291542e-03 2.817030932055786252e-02
9.897553100017830729e-04 3.153394354740157723e-02
3.650284765171818435e-03 3.608545201132073998e-02
-1.603060940396972001e-03 3.470392728922888637e-02
4.309090247261337936e-03 3.731542959576472640e-02
7.581480473163537681e-03 3.436559828696772456e-02
2.968405999126844108e-03 3.216232586419209838e-02
6.713819893775507808e-04 3.760778339346870780e-02
6.431830042856745422e-03 3.343694511568173766e-02
6.418877357646124437e-03 3.345161143442965113e-02
4.467292532353894785e-03 3.395100895068026148e-02
5.650594906910555437e-03 3.312903883852413855e-02
3.727535677171545103e-03 3.559724575825384818e-02
5.206541467487113550e-03 3.224001530543318950e-02
7.475481677829520777e-03 2.870952974990359508e-02
3.629825852840440348e-03 3.263738270834437571e-02
6.169080112158553675e-03 3.487795343608013354e-02
2.722479246585862711e-03 3.632072670370689593e-02
6.166050519823329523e-03 3.159901950493804179e-02
