-7.542087272691357092e-02 1.566347506118379029e-02
-9.967729449272155762e-03 -6.745520513504743576e-03
-1.993345096707344055e-02 -1.371340965852141380e-02
-2.987434808164834976e-02 -1.316134905209764838e-02
-3.958772681653499603e-02 -1.009214384248480201e-02
-4.933644365519285202e-02 -8.877005486283451319e-03
-5.870307236909866333e-02 -1.283475157106295228e-02
-6.735731754451990128e-02 -7.613241730723530054e-03
-7.511916430667042732e-02 -5.823967570904642344e-03
-8.070243429392576218e-02 -3.273194015491753817e-03
-8.907528966665267944e-02 -6.936696008779108524e-04
-8.805017801932990551e-02 -1.488039735704660416e-03
-8.551987027749419212e-02 -7.279814686626195908e-03
-8.140658820047974586e-02 -9.997582063078880310e-03
-8.300538978073745966e-02 -4.236595239490270615e-03
-9.109953197184950113e-02 -3.694071376230567694e-03
-8.472474629525095224e-02 1.361407921649515629e-04
-8.915715164039283991e-02 -1.456664584111422300e-03
-9.030774177517741919e-02 -1.809426903491839767e-03
-8.284868334885686636e-02 7.388467493001371622e-04
-8.192659472115337849e-02 3.713977639563381672e-05
-8.913001208566129208e-02 6.248759134905412793e-03
-8.960394945461302996e-02 1.417128660250455141e-04
-9.052298095775768161e-02 -1.698967389529570937e-03
-8.930035860976204276e-02 1.097267639124765992e-03
-8.932002516121428926e-02 6.115594558650627732e-03
-8.359186280176800210e-02 5.803933803690597415e-03
-8.359342027108596085e-02 -2.274012687848880887e-03
-8.713747659351156472e-02 -6.309594318736344576e-04
-8.124507968898342369e-02 -4.484710778342559934e-03
-8.306929532557205675e-02 -1.504430809291079640e-03
-8.627313904582933901e-02 -4.363633255707100034e-03
-8.479369099370615004e-02 -7.712485064985230565e-03
-8.811308786391691683e-02 -7.786818605381995440e-04
-8.847848817242720543e-02 -1.969560544239357114e-03
-9.150475009812453209e-02 -2.045995752268936485e-03
-8.360354441686013161e-02 -5.907980812480673194e-05
-8.569206718823352276e-02 -5.719655157008673996e-03
-8.977942543572225986e-02 -7.241710984089877456e-03
-8.982787685965831770e-02 -2.143186946341302246e-03
-8.884523352173800959e-02 -9.428840930922888219e-04
-9.356536911366220011e-02 2.294796649948693812e-04
-8.628187477154369844e-02 -1.008949904644396156e-03
-7.918420861972208513e-02 -7.478550738596823066e-03
-8.480195104641552462e-02 -1.067469661211362109e-02
-8.878250894633765711e-02 -4.552424616122152656e-03
-9.385151192111607088e-02 -9.220355852448847145e-03
-9.093609018748338713e-02 -4.158316842222120613e-03
-8.344322382038171781e-02 -5.419344255642499775e-03
-8.711791792450185312e-02 -9.208465773554053158e-03
-8.497079889787073625e-02 -5.424598544777836651e-03
