-8.788970655503544616e-02 -2.298852407203448578e-03
-9.931150823831558228e-03 -6.841237191110849380e-03
-1.989872660487890244e-02 -9.053262183442711830e-03
-2.974413055926561356e-02 -6.225801538676023483e-03
-3.972158860415220261e-02 -1.405683951452374458e-02
-4.937646817415952682e-02 -1.562955451663583517e-02
-5.927456077188253403e-02 -1.651910971850156784e-02
-6.894277222454547882e-02 -1.802951225545257330e-02
-7.785977609455585480e-02 -2.052109304349869490e-02
-8.611890207976102829e-02 -1.447700464632362127e-02
-8.685145387426018715e-02 -1.274662581272423267e-02
-9.476091759279370308e-02 -1.502834586426615715e-02
-8.762398036196827888e-02 -1.452385814627632499e-02
-9.094590391032397747e-02 -1.517089101253077388e-02
-8.460102765820920467e-02 -1.658026670338585973e-02
-8.793067303486168385e-02 -1.404279220150783658e-02
-8.650771353859454393e-02 -1.673891657264903188e-02
-9.253835363779217005e-02 -1.089331769617274404e-02
-8.736468956340104342e-02 -1.383152679773047566e-02
-8.689336941461078823e-02 -1.324828225187957287e-02
-8.892906593973748386e-02 -1.949464320205152035e-02
-9.279320269706659019e-02 -1.671243552118539810e-02
-8.633310135337524116e-02 -1.943089254200458527e-02
-9.283836578833870590e-02 -1.282604457810521126e-02
-9.631447351421229541e-02 -1.836184831336140633e-02
-9.493097706581465900e-02 -1.388189196586608887e-02
-9.038664630497805774e-02 -1.253062253817915916e-02
-8.825007497216574848e-02 -1.868992205709218979e-02
-8.963601823779754341e-02 -1.355412136763334274e-02
-9.246542790788225830e-02 -1.221791876014322042e-02
-8.547263519722037017e-02 -1.804996735882014036e-02
-8.686695943470112979e-02 -1.664078130852431059e-02
-8.993763380567543209e-02 -1.461176539305597544e-02
-9.309286272036843002e-02 -2.218053687829524279e-02
-9.529054557788185775e-02 -1.359441608656197786e-02
-8.995305813732556999e-02 -1.822873775381594896e-02
-8.972620524582453072e-02 -1.704596111085265875e-02
-9.417606124770827591e-02 -1.729113468900322914e-02
-8.779474048060365021e-02 -1.283079059794545174e-02
-8.993527668644674122e-02 -9.885585634037852287e-03
-9.764443387393839657e-02 -1.510608219541609287e-02
-9.565773236681707203e-02 -9.725249139592051506e-03
-9.121322727878578007e-02 -1.068722159834578633e-02
-8.746259080362506211e-02 -7.545139000285416842e-03
-9.291333824512548745e-02 -1.577166683273389935e-02
-8.572926212218590081e-02 -1.249357830965891480e-02
-8.746927781612612307e-02 -5.103466624859720469e-03
-8.656413006247021258e-02 -1.119070692220702767e-02
-9.069999484927393496e-02 -1.275015034480020404e-02
-8.720764904865063727e-02 -9.757895895745605230e-03
-9.173972639837302268e-02 -5.938559013884514570e-03
