-7.599370393043521077e-02 1.499966894479815016e-02
-9.896003641188144684e-03 5.753113888204097748e-03
-1.978871226310729980e-02 3.466326277703046799e-03
-2.957155369222164154e-02 4.016874125227332115e-03
-3.883388359099626541e-02 6.576236803084611893e-03
-4.821388702839612961e-02 3.583954880014061928e-03
-5.763141252100467682e-02 9.973375126719474792e-04
-5.787893093656748533e-02 6.296765059232711792e-03
-6.385899742599576712e-02 6.956804252695292234e-03
-6.829467497300356627e-02 9.978132729884237051e-03
-6.132501817774027586e-02 1.408107060706242919e-02
-6.126405931718181819e-02 1.287505048094317317e-02
-5.888691525615286082e-02 5.876838869880884886e-03
-5.997717722493689507e-02 6.618425541091710329e-03
-5.865164629358332604e-02 1.413842412875965238e-02
-5.774377576017286628e-02 1.292218425078317523e-02
-6.319800960773136467e-02 1.217154960613697767e-02
-6.507778864761348814e-02 1.276417711051180959e-02
-6.129075399076100439e-02 1.759568165289238095e-02
-5.722055675869341940e-02 1.123137009562924504e-02
-6.224422807281371206e-02 9.773640136700123549e-03
-6.443612439034041017e-02 1.072981185279786587e-02
-6.536726512422319502e-02 1.198503316845744848e-02
-6.736204306071158499e-02 1.666762388776987791e-02
-6.319505719875451177e-02 1.942903071176260710e-02
-5.483919473772402853e-02 1.660838758107274771e-02
-5.805596544814761728e-02 1.332795422058552504e-02
-6.403556767327245325e-02 1.637070684228092432e-02
-6.618467693624552339e-02 1.556579739553853869e-02
-6.902353161422070116e-02 1.477272959891706705e-02
-6.475508560833986849e-02 2.076288650278002024e-02
-5.964654799026902765e-02 1.827058277558535337e-02
-6.105394473706837744e-02 1.246515603270381689e-02
-6.244463972689118236e-02 1.673658553045243025e-02
-6.223820739251095802e-02 2.020482241641730070e-02
-5.662362401199061424e-02 2.192906674463301897e-02
-6.575199805956799537e-02 1.305891771335154772e-02
-6.130462636065203696e-02 9.687711833976209164e-03
-6.039956917811650783e-02 9.233774180756881833e-03
-6.176354871422518045e-02 1.408973013167269528e-02
-6.482165069610346109e-02 1.341681633493863046e-02
-6.696605887555051595e-02 4.978697601472958922e-03
-7.137709316157270223e-02 7.744804810499772429e-03
-6.812648005143273622e-02 2.773758344119414687e-03
-7.207294921681750566e-02 8.667108922963961959e-03
-6.551086432591546327e-02 7.889926928328350186e-03
-6.623525744362268597e-02 1.222459136624820530e-02
-6.805295172671321779e-02 9.003160550491884351e-03
-6.182842935959342867e-02 1.395970259909518063e-02
-6.481886353867594153e-02 7.513153861509636045e-03
-6.687011850590351969e-02 4.716327675851061940e-03
