-9.958395192024147025e-02 -5.911243765120154092e-02
-9.902583435177803040e-03 -7.883385755121707916e-03
-1.976592373102903366e-02 -1.320267841219902039e-02
-2.972503751516342163e-02 -1.926269102841615677e-02
-3.938397858291864395e-02 -2.560881013050675392e-02
-4.924177657812833786e-02 -2.539648527454119176e-02
-5.909323412925004959e-02 -2.654059340420644730e-02
-6.813816167414188385e-02 -2.837315310898702592e-02
-7.746407203376293182e-02 -2.297028775501530617e-02
-8.707173168659210205e-02 -2.770823209721129388e-02
-9.595839679241180420e-02 -2.584510417364072055e-02
-9.490873164031654596e-02 -1.951479520357679576e-02
-9.558589226799085736e-02 -2.552458718128036708e-02
-9.085448022233322263e-02 -2.203547679528128356e-02
-9.519594843732193112e-02 -2.522669736936222762e-02
-9.656250412808731198e-02 -1.784786074131261557e-02
-9.902039641747251153e-02 -2.502324576198589057e-02
-9.234914329135790467e-02 -2.273490796505939215e-02
-9.093471913365647197e-02 -1.921328091702889651e-02
-8.922867925139144063e-02 -2.676077773503493518e-02
-9.604386362479999661e-02 -3.209228375635575503e-02
-9.102895419346168637e-02 -2.807299727282952517e-02
-8.852465549716725945e-02 -3.460314664698671550e-02
-8.872339763911440969e-02 -2.853672885976266116e-02
-9.256256005028262734e-02 -2.799791480356361717e-02
-9.831003152066841722e-02 -2.480071211175527424e-02
-9.441261977190151811e-02 -3.041229244263377041e-02
-9.708910906920209527e-02 -2.621120946423616260e-02
-9.083494875812903047e-02 -2.454329036117997020e-02
-9.561607806244865060e-02 -2.246319326513912529e-02
-9.360727394232526422e-02 -2.626935379521455616e-02
-8.664572710404172540e-02 -2.282039319106843323e-02
-9.340671502286568284e-02 -2.389283150841947645e-02
-9.954412287333980203e-02 -2.241421431244816631e-02
-9.411645826185122132e-02 -2.959125988127198070e-02
-9.149869630346074700e-02 -2.414854276867117733e-02
-9.315301902825012803e-02 -2.231050723639782518e-02
-9.502754634013399482e-02 -2.712035294098313898e-02
-9.118124906672164798e-02 -2.729731316503603011e-02
-9.494112193351611495e-02 -2.271043446671683341e-02
-9.359555906848981977e-02 -2.339314071286935359e-02
-9.014864644268527627e-02 -2.185689059842843562e-02
-9.760332579025998712e-02 -1.562537073914427310e-02
-9.105003863805904984e-02 -2.096906358201522380e-02
-8.630043180892243981e-02 -2.080762559489812702e-02
-9.314980596536770463e-02 -2.236128503864165395e-02
-9.199852921301499009e-02 -2.428721600153949112e-02
-9.315040026558563113e-02 -2.259735761617776006e-02
-9.282871399773284793e-02 -1.617516016995068640e-02
-9.481383411912247539e-02 -2.309643103217240423e-02
-9.152104466920718551e-02 -2.588942226429935545e-02
