-9.522747260232598820e-02 -8.052422745579740360e-02
-9.952160529792308807e-03 -9.879025630652904510e-03
-1.962157711386680603e-02 -1.832140795886516571e-02
-2.957912627607584000e-02 -2.242133300751447678e-02
-3.914089314639568329e-02 -2.938859444111585617e-02
-4.902486409991979599e-02 -2.455679653212428093e-02
-5.565868644043803215e-02 -2.741620363667607307e-02
-6.512714782729744911e-02 -2.442349493503570557e-02
-7.318688230589032173e-02 -2.102992474101483822e-02
-8.130442304536700249e-02 -2.135075567639432847e-02
-9.008706221356987953e-02 -2.655177455744706094e-02
-9.499333379790186882e-02 -2.367687094374559820e-02
-8.730347873643040657e-02 -2.260059709078632295e-02
-8.974569011479616165e-02 -1.813918477273546159e-02
-9.202478104270994663e-02 -2.059552431455813348e-02
-9.132593806134536862e-02 -2.533732992014847696e-02
-8.759385539451614022e-02 -2.151462188339792192e-02
-8.693604188738390803e-02 -2.503673601313494146e-02
-9.368437126977369189e-02 -2.806454346864484251e-02
-9.662566304905340075e-02 -2.179345543845556676e-02
-1.009362611803226173e-01 -1.518058971851132810e-02
-9.706506127258762717e-02 -2.245001922710798681e-02
-9.808019927004352212e-02 -2.831617891206406057e-02
-9.487395832547917962e-02 -2.295321048586629331e-02
-9.524236628203652799e-02 -2.027767137042246759e-02
-9.507685729477088898e-02 -1.645272210589610040e-02
-1.005517995654372498e-01 -2.215432780212722719e-02
-9.584489247936289757e-02 -1.737495683482848108e-02
-9.465882559015881270e-02 -1.904069140437059104e-02
-9.282501605048310012e-02 -2.138391925836913288e-02
-9.605914125859271735e-02 -2.749425216461531818e-02
-9.211882394447457045e-02 -2.639208242180757225e-02
-9.188748401356860995e-02 -2.076669383677653968e-02
-9.234129468677565455e-02 -2.720188928651623428e-02
-9.189731877995654941e-02 -2.424721323768608272e-02
-9.223597747040912509e-02 -2.600315769086591899e-02
-8.706135366810485721e-02 -2.046246032114140689e-02
-9.352128038881346583e-02 -2.007900338503532112e-02
-9.690050239441916347e-02 -1.999937277287244797e-02
-9.213185933185741305e-02 -2.146633004304021597e-02
-9.308208432048559189e-02 -1.967013929970562458e-02
-9.635387384332716465e-02 -2.478965721093118191e-02
-9.849051502533257008e-02 -2.049050549976527691e-02
-9.857017722970340401e-02 -2.866709954105317593e-02
-9.652363033092115074e-02 -2.753745566587895155e-02
-9.517172306368593127e-02 -2.559540409129112959e-02
-9.720018460939172655e-02 -2.196816832292824984e-02
-9.421457607822958380e-02 -2.432876185048371553e-02
-9.364581185218412429e-02 -2.492672757944092155e-02
-9.457428172754589468e-02 -2.177663164911791682e-02
-9.289276915660593659e-02 -2.197443501790985465e-02
