-7.705509214995973077e-02 -1.137378441254582734e-01
-9.874917566776275635e-03 -9.887582622468471527e-03
-1.948179490864276886e-02 -1.961413398385047913e-02
-2.944441698491573334e-02 -2.955687511712312698e-02
-3.938975930213928223e-02 -3.947340697050094604e-02
-4.927244223654270172e-02 -4.931508656591176987e-02
-5.879797507077455521e-02 -5.844744946807622910e-02
-6.646396266296505928e-02 -6.810214091092348099e-02
-7.465419033542275429e-02 -7.742253411561250687e-02
-7.033156044781208038e-02 -8.524790126830339432e-02
-6.385949021205306053e-02 -9.482399374246597290e-02
-6.945870490744709969e-02 -1.013726093806326389e-01
-6.727641075849533081e-02 -1.020725687849335372e-01
-6.809927255380898714e-02 -9.570729098049923778e-02
-6.838772862101905048e-02 -1.020794647629372776e-01
-6.704646683647297323e-02 -1.023161631455877796e-01
-6.116771334200166166e-02 -1.056025306606898084e-01
-6.774374478845857084e-02 -1.103003219614038244e-01
-6.734566326485946774e-02 -1.124057533597806469e-01
-6.408418301725760102e-02 -1.147405452938983217e-01
-6.297612312482669950e-02 -1.083187078038463369e-01
-6.452543736668303609e-02 -1.007649254897842184e-01
-6.568161904579028487e-02 -1.048148855479666963e-01
-6.427462288411334157e-02 -1.109244966792175546e-01
-6.762368610361590981e-02 -1.132927256549010053e-01
-6.550810748012736440e-02 -1.119778114516520873e-01
-6.037221133010461926e-02 -1.109826475294539705e-01
-6.031836926194955595e-02 -1.124024999007815495e-01
-6.075415730083477683e-02 -1.090385436691576615e-01
-6.586231028268230148e-02 -1.100160514615708962e-01
-6.615191373930429108e-02 -1.072562802728498355e-01
-7.129002317742560990e-02 -1.064596892247209325e-01
-6.797742123671923764e-02 -1.050567377969855443e-01
-6.689836377699975856e-02 -1.088275790825719014e-01
-6.367460023102466948e-02 -1.111191057279938832e-01
-6.563443541017477401e-02 -1.106520437315339223e-01
-7.300349734214250930e-02 -1.141594385408097878e-01
-8.001438006249372847e-02 -1.122997736238176003e-01
-7.233835933220689185e-02 -1.138112311164150015e-01
-6.997739909638767131e-02 -1.070276791142532602e-01
-6.943146467165206559e-02 -1.060366351302945986e-01
-7.136986732439254411e-02 -1.045553477160865441e-01
-6.580356603444670327e-02 -1.064356024289736524e-01
-7.163162298456882127e-02 -1.078560955502325669e-01
-7.044015593783115037e-02 -1.060017915588105097e-01
-6.693887549408827908e-02 -1.087408026360208169e-01
-7.069133340337430127e-02 -1.097993900912115350e-01
-6.771847421259735711e-02 -1.149205704132327810e-01
-6.460280951068853028e-02 -1.153939165087649599e-01
-7.184800321192597039e-02 -1.157632524991640821e-01
-7.179964238821412437e-02 -1.166490233881631866e-01
