-6.166030231628921027e-02 -1.287274229113580248e-01
-9.733619168400764465e-03 -9.979802183806896210e-03
-1.954441145062446594e-02 -1.979821268469095230e-02
-2.947473060339689255e-02 -2.952208276838064194e-02
-3.930061031132936478e-02 -3.875360079109668732e-02
-4.916292522102594376e-02 -4.868492018431425095e-02
-5.865429155528545380e-02 -5.836834944784641266e-02
-6.827043648809194565e-02 -6.797820143401622772e-02
-7.668705377727746964e-02 -7.789957989007234573e-02
-8.065669797360897064e-02 -8.786965534090995789e-02
-8.770865993574261665e-02 -9.730730298906564713e-02
-8.898177335504442453e-02 -1.070829136297106743e-01
-8.075628487858921289e-02 -1.166498577222228050e-01
-7.280201150570064783e-02 -1.243973174132406712e-01
-6.893289776053279638e-02 -1.298308852128684521e-01
-6.715138652361929417e-02 -1.304655018029734492e-01
-7.067302544601261616e-02 -1.305128064304881264e-01
-6.778826075606048107e-02 -1.377618264705233742e-01
-6.564171030186116695e-02 -1.371304916865483392e-01
-7.009306619875133038e-02 -1.403771911463991273e-01
-7.611847040243446827e-02 -1.357635150379792321e-01
-6.802105833776295185e-02 -1.282995881228998769e-01
-6.895052362233400345e-02 -1.253613010230765212e-01
-7.090433523990213871e-02 -1.299950960274145473e-01
-6.931886717211455107e-02 -1.259864475759968627e-01
-6.364920909982174635e-02 -1.300629591751203407e-01
-7.254968013148754835e-02 -1.241982570099935401e-01
-7.556475547607988119e-02 -1.285975612881884445e-01
-6.984863092657178640e-02 -1.303635061667591799e-01
-7.189050002489238977e-02 -1.269590485790104140e-01
-7.259418530156835914e-02 -1.300513911010057200e-01
-7.373299280880019069e-02 -1.326228956640989054e-01
-6.689109717262908816e-02 -1.348167940923303831e-01
-7.232418720377609134e-02 -1.311583671667904127e-01
-6.739872664911672473e-02 -1.334632524703920353e-01
-6.983138405485078692e-02 -1.320755395754531492e-01
-7.125029520830139518e-02 -1.303829846619919408e-01
-6.946868024533614516e-02 -1.281032678853080142e-01
-7.007527432870119810e-02 -1.267581222527951468e-01
-6.865971535444259644e-02 -1.269851324941555504e-01
-6.990520562976598740e-02 -1.349233265827933792e-01
-7.422224013134837151e-02 -1.336405476649815682e-01
-6.945276958867907524e-02 -1.361773201824689750e-01
-7.522783568128943443e-02 -1.335340069235826377e-01
-6.841532653197646141e-02 -1.372695908976311330e-01
-7.552833855152130127e-02 -1.304395114166254643e-01
-6.816221540793776512e-02 -1.267507147604192141e-01
-7.072945660911500454e-02 -1.283245121921936516e-01
-6.344067887403070927e-02 -1.354550191063026432e-01
-7.043416681699454784e-02 -1.321188947513292078e-01
-7.119488599710166454e-02 -1.288606892667303327e-01
