-7.592438643235874252e-02 -1.150806234210295514e-01
-9.756900370121002197e-03 -8.324929513037204742e-03
-1.940250396728515625e-02 -1.810653414577245712e-02
-2.879511006176471710e-02 -2.784779947251081467e-02
-3.805546369403600693e-02 -3.777510300278663635e-02
-4.787841904908418655e-02 -4.773540049791336060e-02
-5.701849516481161118e-02 -5.751402117311954498e-02
-6.612506601959466934e-02 -6.750060897320508957e-02
-7.448602933436632156e-02 -7.738430146127939224e-02
-7.522516924655064940e-02 -8.726929780095815659e-02
-7.568249123869463801e-02 -9.154321067035198212e-02
-7.674490945646539330e-02 -9.961995203047990799e-02
-7.285254733869805932e-02 -9.795525996014475822e-02
-7.302145914582069963e-02 -1.068160585127770901e-01
-6.980672314239200205e-02 -9.786556800827383995e-02
-7.067496432864572853e-02 -9.446706390008330345e-02
-7.397583486454095691e-02 -9.800831996835768223e-02
-7.487982096790801734e-02 -1.021757025737315416e-01
-7.248687329411040992e-02 -1.050143188331276178e-01
-7.202592674002517015e-02 -1.013336796313524246e-01
-7.114529436512384564e-02 -9.602276049554347992e-02
-7.495788800588343292e-02 -1.024197232909500599e-01
-6.899543515464756638e-02 -9.894632338546216488e-02
-6.590043906180653721e-02 -9.680757042951881886e-02
-7.322727296559605747e-02 -1.028544090222567320e-01
-6.897717913670931011e-02 -9.630400431342422962e-02
-7.206505969224963337e-02 -9.577801480190828443e-02
-7.550425607769284397e-02 -1.010564666357822716e-01
-8.171769989712629467e-02 -9.725465235533192754e-02
-7.894732024578843266e-02 -9.464944788487628102e-02
-7.219523483945522457e-02 -9.824017231585457921e-02
-7.011194284132216126e-02 -1.021261166897602379e-01
-7.391067025309894234e-02 -1.001855850336141884e-01
-7.768133388890419155e-02 -1.055036073666997254e-01
-7.316324966086540371e-02 -1.021377451834268868e-01
-6.728722820116672665e-02 -9.688060852931812406e-02
-7.377435931994114071e-02 -9.819034306565299630e-02
-7.613194583973381668e-02 -1.041474128724075854e-01
-7.611581324636063073e-02 -9.819175867596641183e-02
-6.846155193670711014e-02 -9.693440346745774150e-02
-6.364261792077741120e-02 -9.814830921823158860e-02
-6.813437365963181946e-02 -1.070090500288642943e-01
-7.307510045393428300e-02 -9.969836153322830796e-02
-7.232948330965882633e-02 -1.038036356330849230e-01
-7.741935675767308567e-02 -1.056226536747999489e-01
-6.988610964071995113e-02 -9.843465295853093266e-02
-7.479436354515200946e-02 -9.083571081282570958e-02
-7.457617359796131495e-02 -9.805571363540366292e-02
-7.178593488970363978e-02 -9.674151468789204955e-02
-7.537960742229188327e-02 -9.590090921847149730e-02
-7.138301587292517070e-02 -9.799670515349134803e-02
