-6.191954693009688038e-02 -1.285236888331892646e-01
-9.745925664901733398e-03 -9.681080467998981476e-03
-1.969389431178569794e-02 -1.952181383967399597e-02
-2.958511188626289368e-02 -2.948852535337209702e-02
-3.943746723234653473e-02 -3.939555771648883820e-02
-4.917761590331792831e-02 -4.933214839547872543e-02
-5.656111007556319237e-02 -5.922246351838111877e-02
-6.599018303677439690e-02 -6.878500711172819138e-02
-7.485423749312758446e-02 -7.847325503826141357e-02
-8.159838430583477020e-02 -8.844852447509765625e-02
-7.552652107551693916e-02 -9.805273544043302536e-02
-7.232213253155350685e-02 -1.077456800267100334e-01
-6.791306147351861000e-02 -1.120558241382241249e-01
-6.448728707619011402e-02 -1.208695322275161743e-01
-6.698509887792170048e-02 -1.232121931388974190e-01
-6.294733355753123760e-02 -1.254642591811716557e-01
-6.957862363196909428e-02 -1.178464852273464203e-01
-7.022159558255225420e-02 -1.210070964880287647e-01
-6.640638213139027357e-02 -1.232284191064536572e-01
-6.860012456309050322e-02 -1.166506879962980747e-01
-6.413620186503976583e-02 -1.194400952663272619e-01
-6.482829106971621513e-02 -1.243310414720326662e-01
-6.388966337544843554e-02 -1.244606905092950910e-01
-6.805826415074989200e-02 -1.216549925447907299e-01
-6.919019151246175170e-02 -1.228705028479453176e-01
-6.435723503818735480e-02 -1.210842505970504135e-01
-6.342081149341538548e-02 -1.270406600960996002e-01
-5.813930957810953259e-02 -1.315295357198920101e-01
-6.204746320145204663e-02 -1.261054585629608482e-01
-6.231771066086366773e-02 -1.221425427065696567e-01
-6.190382794011384249e-02 -1.173890438803937286e-01
-6.595242221374064684e-02 -1.239222004951443523e-01
-7.032411510590463877e-02 -1.326345387788023800e-01
-6.738760170992463827e-02 -1.363540425372775644e-01
-7.087450905237346888e-02 -1.279004116950090975e-01
-6.499351898673921824e-02 -1.302403105364646763e-01
-6.695502565708011389e-02 -1.243928471521940082e-01
-7.073082064744085073e-02 -1.297061211371328682e-01
-6.799169036094099283e-02 -1.271608097886200994e-01
-6.300800677854567766e-02 -1.237370796443428844e-01
-6.079050654079765081e-02 -1.278591282607521862e-01
-6.715542392339557409e-02 -1.315872418635990471e-01
-6.890844297595322132e-02 -1.306666099990252405e-01
-6.380443670786917210e-02 -1.306527030437791836e-01
-6.374539950047619641e-02 -1.231294345825517667e-01
-6.934356319834478199e-02 -1.267821168776208651e-01
-6.521397459437139332e-02 -1.237427877977097523e-01
-6.876828291569836438e-02 -1.307629064440334332e-01
-7.159025644068606198e-02 -1.292941503243127954e-01
-7.036092496127821505e-02 -1.310739825030395878e-01
-7.392899008118547499e-02 -1.267680880164334667e-01
