-7.614125411082352246e-02 -1.148267647074184966e-01
-9.521074593067169189e-03 -9.963684715330600739e-03
-1.949754077941179276e-02 -1.990377251058816910e-02
-2.924191486090421677e-02 -2.988407667726278305e-02
-3.917661961168050766e-02 -3.984986338764429092e-02
-4.883507918566465378e-02 -4.982661269605159760e-02
-5.862821172922849655e-02 -5.923856887966394424e-02
-6.780380290001630783e-02 -6.910047866404056549e-02
-7.559317303821444511e-02 -7.752089016139507294e-02
-8.251436427235603333e-02 -8.732808660715818405e-02
-8.622756018303334713e-02 -9.586980473250150681e-02
-8.240933087654411793e-02 -9.942112932913005352e-02
-8.369040279649198055e-02 -1.045373661909252405e-01
-7.459403830580413342e-02 -1.068578381091356277e-01
-7.157482579350471497e-02 -1.001157076098024845e-01
-7.965049706399440765e-02 -1.069923792965710163e-01
-7.932100258767604828e-02 -1.113106324337422848e-01
-7.940199814765946940e-02 -1.066866065375506878e-01
-7.517599577113287523e-02 -1.037572994828224182e-01
-8.256455633818404749e-02 -1.102129975333809853e-01
-7.697692403598921373e-02 -1.062613334506750107e-01
-8.306800557329552248e-02 -1.046646871836856008e-01
-8.222130733338417485e-02 -1.087385929422453046e-01
-8.577852557209553197e-02 -1.093183846096508205e-01
-7.867891621572198346e-02 -1.103190201683901250e-01
-7.371397922543110326e-02 -1.147457425831817091e-01
-7.315646002098219469e-02 -1.106975571601651609e-01
-7.805959304823772982e-02 -1.045704050338827074e-01
-8.183608490071492270e-02 -1.058129448792897165e-01
-8.042509639199124649e-02 -1.084381515975110233e-01
-8.307017869810806587e-02 -1.081925602047704160e-01
-7.615427830751286820e-02 -1.053489252808503807e-01
-7.985490951250540093e-02 -1.063359585241414607e-01
-8.662681765417801216e-02 -9.871727746212854981e-02
-8.615147180535132065e-02 -1.036459389724768698e-01
-7.925591429375344887e-02 -1.070262594730593264e-01
-8.328614661149913445e-02 -1.103370721102692187e-01
-7.931126931362086907e-02 -1.061878163018263876e-01
-8.070820905413711444e-02 -1.073034334112890065e-01
-7.495252378430450335e-02 -1.083139413385652006e-01
-7.290124320570612326e-02 -1.059086077730171382e-01
-7.854603356827283278e-02 -1.072747283033095300e-01
-8.203007988777244464e-02 -1.113472547731362283e-01
-7.729489412304246798e-02 -1.032883016741834581e-01
-7.946953140344703570e-02 -1.111323641962371767e-01
-7.540731979679549113e-02 -1.092456876649521291e-01
-7.132593831192934886e-02 -1.065715695149265230e-01
-7.709027137752855197e-02 -1.032489111530594528e-01
-7.520191287767374888e-02 -1.048033376573584974e-01
-7.262008041288936511e-02 -1.071390446159057319e-01
-7.621179181296611205e-02 -1.057543310453183949e-01
