-6.346751872358227797e-02 -1.272779015441784234e-01
-9.880919009447097778e-03 -9.989950805902481079e-03
-1.973075512796640396e-02 -1.996643003076314926e-02
-2.939635887742042542e-02 -2.983638644218444824e-02
-3.887901082634925842e-02 -3.970304410904645920e-02
-4.857825115323066711e-02 -4.967470094561576843e-02
-5.814232118427753448e-02 -5.949515849351882935e-02
-6.754462793469429016e-02 -6.948554702103137970e-02
-6.701914384029805660e-02 -7.946500740945339203e-02
-6.462515681050717831e-02 -8.943630941212177277e-02
-6.119014229625463486e-02 -9.899653773754835129e-02
-5.700359540060162544e-02 -1.089391214773058891e-01
-5.854731693398207426e-02 -1.184613527730107307e-01
-5.911930993897840381e-02 -1.266184756532311440e-01
-5.611365282675251365e-02 -1.353136301040649414e-01
-5.549932445865124464e-02 -1.366760772652924061e-01
-5.719940864946693182e-02 -1.306896489113569260e-01
-6.138032011222094297e-02 -1.339439288713037968e-01
-6.060765794245526195e-02 -1.412366875447332859e-01
-6.384776876075193286e-02 -1.352629740722477436e-01
-6.045327353058382869e-02 -1.364853180712088943e-01
-5.775124480715021491e-02 -1.429701418383046985e-01
-5.882272770395502448e-02 -1.368459890363737941e-01
-5.682035273639485240e-02 -1.424070893554016948e-01
-5.902592366328462958e-02 -1.415587054798379540e-01
-5.859572594636119902e-02 -1.365920506650581956e-01
-6.184533183113671839e-02 -1.394299039384350181e-01
-5.751502132625319064e-02 -1.400407740729860961e-01
-5.910144004155881703e-02 -1.404008469253312796e-01
-5.760374703095294535e-02 -1.367984995886217803e-01
-6.009499882929958403e-02 -1.324920654005836695e-01
-5.467722532921470702e-02 -1.380002228252124041e-01
-6.035185899236239493e-02 -1.323565593629609793e-01
-6.061972881434485316e-02 -1.330026939685922116e-01
-5.813620000844821334e-02 -1.336043677001725882e-01
-5.628789582988247275e-02 -1.281832134991418570e-01
-5.878773605218157172e-02 -1.300604581774678081e-01
-5.537122295936569571e-02 -1.328262715542223305e-01
-6.229951832210645080e-02 -1.394465254561509937e-01
-5.654814367881044745e-02 -1.332042562717106193e-01
-5.813988443696871400e-02 -1.288920031802263111e-01
-6.207192415604367852e-02 -1.316425482218619436e-01
-5.638158094370737672e-02 -1.315937427461904008e-01
-5.620037806511390954e-02 -1.350742574904870708e-01
-6.427926984906662256e-02 -1.324126931031059939e-01
-5.892070518166292459e-02 -1.414598791052412707e-01
-5.865409957186784595e-02 -1.366377753329288680e-01
-5.642831196018960327e-02 -1.424876992714416701e-01
-6.138635949173476547e-02 -1.358929463785898406e-01
-6.291395016887690872e-02 -1.422596579541277606e-01
-6.139771056768950075e-02 -1.402339070227753837e-01
