-7.654505106386663704e-02 -1.143494767471348594e-01
-9.758932515978813171e-03 -9.845537133514881134e-03
-1.965805422514677048e-02 -1.933665294200181961e-02
-2.957011945545673370e-02 -2.918819803744554520e-02
-3.860924672335386276e-02 -3.904694318771362305e-02
-4.831821098923683167e-02 -4.900910519063472748e-02
-5.828265286982059479e-02 -5.891606770455837250e-02
-6.787524651736021042e-02 -6.878552213311195374e-02
-7.607813924551010132e-02 -7.856248505413532257e-02
-7.825482753105461597e-02 -8.852308243513107300e-02
-7.089940016157925129e-02 -9.840811602771282196e-02
-6.704947305843234062e-02 -1.083119604736566544e-01
-6.816880777478218079e-02 -1.173528367653489113e-01
-7.185767241753637791e-02 -1.204359149560332298e-01
-7.594325742684304714e-02 -1.153415204025804996e-01
-7.203044486232101917e-02 -1.157937831594608724e-01
-6.877473788335919380e-02 -1.194831223110668361e-01
-6.809417204931378365e-02 -1.183604044490493834e-01
-6.513109407387673855e-02 -1.138067646534182131e-01
-6.980390450917184353e-02 -1.161071665701456368e-01
-7.450163993053138256e-02 -1.225175380823202431e-01
-7.322805316653102636e-02 -1.285644153249450028e-01
-7.463310868479311466e-02 -1.195554545265622437e-01
-7.464346976030356018e-02 -1.159773662802763283e-01
-7.425233456433488755e-02 -1.187875928007997572e-01
-7.025482659355475334e-02 -1.210493071121163666e-01
-6.845070843246503500e-02 -1.199509163270704448e-01
-7.378447337669058470e-02 -1.205550105660222471e-01
-7.874723479744716315e-02 -1.201508505619131029e-01
-7.115599934604688315e-02 -1.209793222951702774e-01
-7.068776315554714529e-02 -1.155289352755062282e-01
-7.395913963682687609e-02 -1.138299585436470807e-01
-7.382623082503414480e-02 -1.186177156050689518e-01
-7.714216596923506586e-02 -1.209142462466843426e-01
-7.900801428604609100e-02 -1.255050770123489201e-01
-7.944767185381351737e-02 -1.226814773981459439e-01
-7.827936237572430400e-02 -1.179393272032029927e-01
-7.531041450693010120e-02 -1.139795405906625092e-01
-7.296327183848916320e-02 -1.181968253222294152e-01
-7.315891573216504185e-02 -1.218343142536468804e-01
-7.845817703764623730e-02 -1.177978211198933423e-01
-7.307006616156286327e-02 -1.218084840220399201e-01
-7.102213159214443294e-02 -1.216247574775479734e-01
-7.383775908510870067e-02 -1.221044848498422652e-01
-7.879882875840849010e-02 -1.199298845895100385e-01
-7.443108979623502819e-02 -1.264427332498598844e-01
-7.649149663757270901e-02 -1.286247889802325517e-01
-6.958144681539124576e-02 -1.238642568059731275e-01
-7.104311475541180698e-02 -1.287251860194373876e-01
-7.710469013090914814e-02 -1.336604184762109071e-01
-7.736419981938524870e-02 -1.261069127649534494e-01
