-7.750741266319564893e-02 -1.131870317569760587e-01
-9.932198561728000641e-03 -9.919302538037300110e-03
-1.948785502463579178e-02 -1.984079182147979736e-02
-2.947614341974258423e-02 -2.940322179347276688e-02
-3.922876343131065369e-02 -3.925269562751054764e-02
-4.715610202401876450e-02 -4.853248316794633865e-02
-5.570983700454235077e-02 -5.823738127946853638e-02
-6.539822369813919067e-02 -6.755664385855197906e-02
-7.503088749945163727e-02 -7.745589781552553177e-02
-8.463272452354431152e-02 -8.683494478464126587e-02
-8.211016538552939892e-02 -9.640437271445989609e-02
-8.686145045794546604e-02 -9.827562654390931129e-02
-8.619624830316752195e-02 -1.010035511571913958e-01
-9.138164285104721785e-02 -9.537571412511169910e-02
-8.323425322305411100e-02 -1.007068299222737551e-01
-8.202797442208975554e-02 -1.010236977308522910e-01
-8.576087851542979479e-02 -9.767683499376289546e-02
-9.045797598082572222e-02 -1.011404727760236710e-01
-9.162195934914052486e-02 -1.076152787718456239e-01
-8.573301811702549458e-02 -1.012598431843798608e-01
-8.868022938258945942e-02 -1.012735236417938722e-01
-8.591868309304118156e-02 -1.082874755356897367e-01
-8.339659846387803555e-02 -9.942822297853126656e-02
-9.078764705918729305e-02 -1.041241055336286081e-01
-8.495206874795258045e-02 -1.067146926634450210e-01
-8.411331818206235766e-02 -1.065959780953562586e-01
-8.921818778617307544e-02 -1.103264418907201616e-01
-8.478583878604695201e-02 -1.034988229639566271e-01
-9.318555070785805583e-02 -1.024334245139471022e-01
-9.547096089227125049e-02 -1.046418301539233653e-01
-8.631459128810092807e-02 -1.097939834708085982e-01
-8.472098369384184480e-02 -1.081712041759601561e-01
-8.522712305421009660e-02 -1.080979536473023472e-01
-8.073613006854429841e-02 -1.047238432056474267e-01
-8.082924265181645751e-02 -1.099930074251460610e-01
-8.831830456620082259e-02 -1.057415510713326512e-01
-8.538523147581145167e-02 -1.089168776943552075e-01
-8.755818422650918365e-02 -1.040494469179975567e-01
-9.194537665462121367e-02 -1.091085015050339280e-01
-9.325054375221952796e-02 -1.084351788576896070e-01
-8.583428844576701522e-02 -1.049862778581882594e-01
-8.780038513941690326e-02 -1.094827446922863601e-01
-8.203508442966267467e-02 -1.107895276345516322e-01
-8.269564813235774636e-02 -1.098782823373767314e-01
-8.882591413566842675e-02 -1.051621006754430709e-01
-9.314848954090848565e-02 -1.045521818286943017e-01
-9.704961889656260610e-02 -1.005880869179236470e-01
-9.234752674819901586e-02 -1.056147063336538849e-01
-8.589456957997754216e-02 -1.024164822138118325e-01
-8.970444957958534360e-02 -1.110610947198438225e-01
-9.476846299367025495e-02 -1.078306279796379386e-01
