-8.884299112607743631e-02 -9.590123013353485382e-02
-9.958411566913127899e-03 -9.907877072691917419e-03
-1.989174541085958481e-02 -1.978874951601028442e-02
-2.984783053398132324e-02 -2.919142413884401321e-02
-3.974537365138530731e-02 -3.900410886853933334e-02
-4.970810003578662872e-02 -4.882915038615465164e-02
-5.959155410528182983e-02 -5.875406414270401001e-02
-6.926165986806154251e-02 -6.864745914936065674e-02
-7.913125026971101761e-02 -7.839109189808368683e-02
-8.698480203747749329e-02 -8.666890207678079605e-02
-8.988750819116830826e-02 -8.936405112035572529e-02
-8.193097170442342758e-02 -9.221295407041907310e-02
-8.605599915608763695e-02 -8.532920666038990021e-02
-9.049616428092122078e-02 -9.027242474257946014e-02
-8.614624943584203720e-02 -9.002547318232245743e-02
-9.296605736017227173e-02 -8.238481011358089745e-02
-8.483381476253271103e-02 -8.597240413655526936e-02
-8.944564638659358025e-02 -8.407920811441726983e-02
-8.552631922066211700e-02 -8.314188339863903821e-02
-8.676695893518626690e-02 -8.509749316726811230e-02
-8.616129588335752487e-02 -8.639901541755534708e-02
-8.374665817245841026e-02 -8.298817896866239607e-02
-9.105212893337011337e-02 -8.526549246744252741e-02
-8.402807684615254402e-02 -8.581078078714199364e-02
-8.150136098265647888e-02 -8.707104940549470484e-02
-8.388877380639314651e-02 -8.782121972762979567e-02
-8.205723878927528858e-02 -9.152905890368856490e-02
-8.485708828084170818e-02 -8.231225205236114562e-02
-8.138030185364186764e-02 -8.585805413895286620e-02
-7.855220697820186615e-02 -8.332773685106076300e-02
-8.138378756120800972e-02 -8.087672587134875357e-02
-8.102062481339089572e-02 -8.892888497211970389e-02
-7.706498910556547344e-02 -8.277299828478135169e-02
-8.463891127030365169e-02 -8.223058292060159147e-02
-8.427053192281164229e-02 -8.618639511405490339e-02
-8.668725882307626307e-02 -8.109930818318389356e-02
-8.109458620310761034e-02 -8.488384666270576417e-02
-7.681864910409785807e-02 -8.445260944426991045e-02
-8.309193831519223750e-02 -8.568117980030365288e-02
-8.820503661991097033e-02 -8.704484466579742730e-02
-8.332318617613054812e-02 -8.307323956978507340e-02
-8.462777387467212975e-02 -8.463880201452411711e-02
-8.811309820157475770e-02 -8.393072386388666928e-02
-9.069443473708815873e-02 -8.683035269496031106e-02
-8.722266324912197888e-02 -8.823230818961746991e-02
-8.496048816596157849e-02 -8.209424934466369450e-02
-8.106947669875808060e-02 -8.459708516602404416e-02
-7.761061450582928956e-02 -8.741186329280026257e-02
-7.836262721684761345e-02 -8.379939038422890007e-02
-8.266650911536999047e-02 -8.385762650505057536e-02
-8.579973693122155964e-02 -8.681508604422560893e-02
