-7.663750258824564288e-02 -1.142393430619946804e-01
-9.864375926554203033e-03 -9.974562563002109528e-03
-1.980884466320276260e-02 -1.983836106956005096e-02
-2.966038510203361511e-02 -2.979825623333454132e-02
-3.913767635822296143e-02 -3.974139783531427383e-02
-4.883185587823390961e-02 -4.922334011644124985e-02
-5.805668141692876816e-02 -5.919433664530515671e-02
-6.709941290318965912e-02 -6.916057597845792770e-02
-7.651440612971782684e-02 -7.890017051249742508e-02
-8.000733726657927036e-02 -8.874910324811935425e-02
-7.867934100795537233e-02 -8.807315799640491605e-02
-8.157955866772681475e-02 -9.749147045658901334e-02
-8.432710508350282907e-02 -1.067111411248333752e-01
-7.582418678794056177e-02 -1.105572558590210974e-01
-8.144052478019148111e-02 -1.046927860588766634e-01
-8.346489339601248503e-02 -1.070777930435724556e-01
-7.912928133737295866e-02 -1.096279414487071335e-01
-7.531230256427079439e-02 -1.062444886774756014e-01
-7.395754032768309116e-02 -1.004171786480583251e-01
-7.566310698166489601e-02 -1.062048092135228217e-01
-8.142350055277347565e-02 -1.085217709769494832e-01
-8.136909105087397620e-02 -1.049783023190684617e-01
-7.686385860870359465e-02 -1.071217235294170678e-01
-8.045411458442686126e-02 -1.125020592589862645e-01
-7.333611859212396666e-02 -1.047240372863598168e-01
-7.720132054964778945e-02 -1.050343313254415989e-01
-8.071520388330100104e-02 -1.022882475517690182e-01
-8.329798327031312510e-02 -1.095140869729220867e-01
-8.110452163236914203e-02 -1.090536959527526051e-01
-8.175240147829754278e-02 -1.095968986919615418e-01
-8.386569184222025797e-02 -1.102787406707648188e-01
-8.110040000610752031e-02 -1.073062367795500904e-01
-7.766471447393996641e-02 -1.085972680302802473e-01
-8.247922610462410375e-02 -1.072889580682385713e-01
-8.022890047141117975e-02 -1.117706108198035508e-01
-8.088337198569206521e-02 -1.122218334639910609e-01
-8.380552299058763310e-02 -1.068402767705265433e-01
-8.274366507976083085e-02 -1.048915458668489009e-01
-7.669243250711588189e-02 -1.120641499583143741e-01
-8.302305766119388863e-02 -1.107012385327834636e-01
-8.613564783445326611e-02 -1.155013053503353149e-01
-8.407556229940382764e-02 -1.132395321328658611e-01
-8.391670638957293704e-02 -1.177738600235898048e-01
-7.834353752696188167e-02 -1.119502859946805984e-01
-7.627701003366382793e-02 -1.195923064660746604e-01
-7.842566807084949687e-02 -1.187899743381422013e-01
-7.781540236464934424e-02 -1.147013439040165395e-01
-8.103522734745638445e-02 -1.197180847811978310e-01
-7.626309601619141176e-02 -1.210737488872837275e-01
-7.962936355761485174e-02 -1.209709284958080389e-01
-7.657123177341418341e-02 -1.144230472054914571e-01
