-9.545095391873446855e-02 -7.981803809782983539e-02
-9.921702556312084198e-03 -9.692964144051074982e-03
-1.991830859333276749e-02 -1.953244768083095551e-02
-2.984303701668977737e-02 -2.949622552841901779e-02
-3.976576682180166245e-02 -3.938475251197814941e-02
-4.970451630651950836e-02 -4.855393245816230774e-02
-5.892770551145076752e-02 -5.738647468388080597e-02
-6.841251067817211151e-02 -6.650375388562679291e-02
-7.692467514425516129e-02 -7.388828229159116745e-02
-8.506016433238983154e-02 -7.864858675748109818e-02
-8.737104223109781742e-02 -7.313744118437170982e-02
-8.416452212259173393e-02 -7.508889003656804562e-02
-9.132989868521690369e-02 -7.562857790617272258e-02
-9.560561506077647209e-02 -7.708520750747993588e-02
-8.838292118161916733e-02 -7.536346541019156575e-02
-9.128547669388353825e-02 -7.558897958369925618e-02
-9.117485524620860815e-02 -7.639775023562833667e-02
-9.048777702264487743e-02 -7.545043696882203221e-02
-9.074694872833788395e-02 -8.202616666676476598e-02
-9.110823631635867059e-02 -7.521619537146762013e-02
-9.708495144150219858e-02 -7.604506588540971279e-02
-9.294643517932854593e-02 -7.648018037434667349e-02
-8.623960879049263895e-02 -7.974493468645960093e-02
-8.841128306812606752e-02 -7.237694843206554651e-02
-9.004467804334126413e-02 -7.083639246411621571e-02
-9.282586406334303319e-02 -7.511674962006509304e-02
-8.945374083123169839e-02 -7.515556118232780136e-02
-9.475453742197714746e-02 -7.874767724206321873e-02
-9.198856246075592935e-02 -7.277006571894162335e-02
-9.010747444699518383e-02 -7.003618203816586174e-02
-8.915841471753083169e-02 -7.368191433852189220e-02
-9.157578586018644273e-02 -7.186736420044326223e-02
-8.812099820352159441e-02 -7.463986354196094908e-02
-9.178019230603240430e-02 -7.896964738392853178e-02
-9.395135458908043802e-02 -7.126662714654230513e-02
-9.194735120399855077e-02 -7.488067119629704393e-02
-9.604912027134560049e-02 -7.512953429613844492e-02
-9.098806846304796636e-02 -7.828343537767068483e-02
-9.581537693156860769e-02 -7.352347550113336183e-02
-1.016704608628060669e-01 -7.036079460885957815e-02
-9.440713431104086339e-02 -7.536611421164707281e-02
-8.848582310019992292e-02 -7.944881072398857214e-02
-9.131558876833878458e-02 -8.137164340951130725e-02
-8.874462111270986497e-02 -8.195752249230281450e-02
-9.379569752491079271e-02 -8.172279106292990036e-02
-9.867620686418376863e-02 -8.153182016758364625e-02
-9.306952715269289911e-02 -8.032914989234996028e-02
-8.799084913334809244e-02 -8.339367194639635272e-02
-9.454542756429873407e-02 -7.701064872162532993e-02
-9.722847639932297170e-02 -8.098072784559917636e-02
-9.499817792675457895e-02 -7.594625365527463146e-02
