-9.619198001335634018e-02 -7.733318461339723504e-02
-9.837685152888298035e-03 -9.937047027051448822e-03
-1.977406255900859833e-02 -1.992322970181703568e-02
-2.971537690609693527e-02 -2.977225184440612793e-02
-3.956663701683282852e-02 -3.969493974000215530e-02
-4.952310118824243546e-02 -4.956376552581787109e-02
-5.919532105326652527e-02 -5.875069368630647659e-02
-6.902993004769086838e-02 -6.786475703120231628e-02
-7.821755204349756241e-02 -7.352971704676747322e-02
-8.790353406220674515e-02 -7.653748057782649994e-02
-9.696083795279264450e-02 -7.987056509591639042e-02
-1.019373764283955097e-01 -8.178314100950956345e-02
-1.064455593004822731e-01 -7.739799050614237785e-02
-1.037121929693967104e-01 -8.145972248166799545e-02
-1.024852576665580273e-01 -7.683425908908247948e-02
-1.054656675551086664e-01 -8.086100593209266663e-02
-1.021071318536996841e-01 -7.713053259067237377e-02
-1.023977420409210026e-01 -7.481504231691360474e-02
-1.024236295288574183e-01 -7.030938891693949699e-02
-1.034649142911803210e-01 -7.530265813693404198e-02
-1.013913462320488179e-01 -7.286432990804314613e-02
-9.697868213152105454e-02 -7.235366234090179205e-02
-1.048339112112444127e-01 -7.571436057332903147e-02
-1.047384949069964932e-01 -7.267346035223454237e-02
-1.025031062908965396e-01 -6.926403904799371958e-02
-9.837949864049733151e-02 -7.318007259164005518e-02
-1.020678245131421136e-01 -7.744868018198758364e-02
-1.052098856907832669e-01 -7.125837088096886873e-02
-1.034578906273964094e-01 -7.076853397302329540e-02
-1.027923105884838151e-01 -7.241298083681613207e-02
-1.062168263033527182e-01 -7.355178357101976871e-02
-1.068192587717931019e-01 -6.997546320781111717e-02
-1.055434190220694290e-01 -7.003725236427271739e-02
-1.002381418384175049e-01 -7.112934775796020404e-02
-1.076012153662304627e-01 -6.970238997746491805e-02
-1.040779778286378132e-01 -6.915012675017351285e-02
-1.070508910361240851e-01 -6.864561161637539044e-02
-1.009538508969853865e-01 -6.872915646818000823e-02
-9.989925637091801036e-02 -6.940418500744272023e-02
-1.026246543060551630e-01 -6.607421180524397641e-02
-9.554931847560510505e-02 -6.970381499559152871e-02
-1.010971576924930559e-01 -6.466023712710011750e-02
-1.027872550785104977e-01 -6.728130132250953466e-02
-9.539766214038536418e-02 -6.411318942264188081e-02
-9.633190056956664193e-02 -6.663542189926374704e-02
-1.007323336107219802e-01 -6.638827839924488217e-02
-9.532845637477294076e-02 -6.488983194867614657e-02
-9.734611946805671323e-02 -6.428246539144311100e-02
-9.855416196114674676e-02 -6.710772904625628144e-02
-1.028380669904436218e-01 -6.380010642169509083e-02
-1.056691528083320009e-01 -6.890618208853993565e-02
