-9.952938259448755598e-02 -5.969030445136366825e-02
-9.716589003801345825e-03 -8.483660407364368439e-03
-1.963023189455270767e-02 -1.832330133765935898e-02
-2.949943114072084427e-02 -2.792833186686038971e-02
-3.945254907011985779e-02 -3.751831315457820892e-02
-4.873012565076351166e-02 -4.643103014677762985e-02
-5.865931417793035507e-02 -4.648814272150048055e-02
-6.815191358327865601e-02 -5.326157916351803578e-02
-7.793982047587633133e-02 -5.306758034930680878e-02
-8.625251054763793945e-02 -4.633925065354560502e-02
-9.429293405264616013e-02 -4.748004537032102235e-02
-1.007468937896192074e-01 -4.691795092730899341e-02
-1.059912536293268204e-01 -4.823539832796086557e-02
-1.092422732617706060e-01 -4.371768709461321123e-02
-1.075405558804050088e-01 -4.822050927396048792e-02
-1.015420603798702359e-01 -5.215475855584372766e-02
-1.034267556387931108e-01 -5.203201948097557761e-02
-1.032875919045181945e-01 -4.595504468670696951e-02
-1.040671384107554331e-01 -4.761014168980182149e-02
-1.033529162086779252e-01 -4.970427940497756936e-02
-1.039668666926445439e-01 -5.369945208440185525e-02
-1.021042275970103219e-01 -5.713918607580126263e-02
-1.025386977562448010e-01 -5.146773986416519620e-02
-9.999961974972393364e-02 -4.992023168961168267e-02
-1.019332045543706045e-01 -4.395555437440634705e-02
-1.031990754272555932e-01 -4.575441591805429198e-02
-1.032872426148969680e-01 -4.676578869475633837e-02
-1.025909661839250475e-01 -4.325669166064471938e-02
-1.009281408332753927e-01 -4.741105623907060362e-02
-1.018828051455784589e-01 -4.702389188241795637e-02
-1.021284185990225524e-01 -4.886839219034300186e-02
-1.012626265583094209e-01 -4.842384407311328687e-02
-9.799943686812184751e-02 -5.068206848591216840e-02
-9.405253184377215803e-02 -4.522290561362751760e-02
-1.003101543465163559e-01 -4.216561411521979608e-02
-1.004846201249165460e-01 -4.273232669584103860e-02
-1.012504206009907648e-01 -4.203637331738718785e-02
-1.018820033496012911e-01 -4.661960542216547765e-02
-9.877688517735805362e-02 -4.206436328604468144e-02
-1.016114716039737687e-01 -4.868200715645798482e-02
-1.023985073989024386e-01 -4.984230749323614873e-02
-9.645062788331415504e-02 -4.638509397409507073e-02
-1.042523673822870478e-01 -4.476223004530766048e-02
-9.542535162472631782e-02 -4.364128123052068986e-02
-1.017207071272423491e-01 -4.639005722492584027e-02
-1.014572772401152179e-01 -4.748612226467230357e-02
-1.024163594556739554e-01 -4.046573120649554767e-02
-1.083139563997974619e-01 -4.607902936186292209e-02
-1.062045266007771716e-01 -4.378728571828105487e-02
-1.021984662947943434e-01 -3.909929239671328105e-02
-1.030393793334951624e-01 -3.989952881602221169e-02
