-9.960234582538179948e-02 -5.890913610183661636e-02
-9.841931983828544617e-03 -8.445396088063716888e-03
-1.980413123965263367e-02 -1.523623708635568619e-02
-2.934923116117715836e-02 -2.308766823261976242e-02
-3.925761580467224121e-02 -3.071958757936954498e-02
-4.886139836162328720e-02 -2.292684884741902351e-02
-5.874279234558343887e-02 -3.217289736494421959e-02
-6.639260845258831978e-02 -3.154725005151703954e-02
-7.585590193048119545e-02 -3.115284492378123105e-02
-8.443384105339646339e-02 -2.428533605416305363e-02
-8.593897090759128332e-02 -2.645653652143664658e-02
-9.403536317404359579e-02 -2.679153130156919360e-02
-9.288740041665732861e-02 -3.208987292600795627e-02
-9.113003499805927277e-02 -3.235735293128527701e-02
-9.327792236581444740e-02 -2.888346803956665099e-02
-9.058451489545404911e-02 -2.665849114418961108e-02
-9.299357538111507893e-02 -3.024178408668376505e-02
-9.143918158952146769e-02 -3.066152476822026074e-02
-9.218424203572794795e-02 -3.230241141864098608e-02
-9.503899462288245559e-02 -2.526997416862286627e-02
-9.054600115632638335e-02 -2.869773950078524649e-02
-9.446662518894299865e-02 -3.281447026529349387e-02
-9.769756224704906344e-02 -3.132711982470937073e-02
-9.129135421244427562e-02 -2.803193780709989369e-02
-9.294349414994940162e-02 -3.127311196294613183e-02
-9.816686244448646903e-02 -3.249393243459053338e-02
-9.463633148698136210e-02 -2.532604735461063683e-02
-8.955542527837678790e-02 -2.535777252342086285e-02
-9.612307482166215777e-02 -2.309568917553406209e-02
-1.034238335560075939e-01 -2.893641909759026021e-02
-9.709238744108006358e-02 -2.276568526576738805e-02
-9.151267743436619639e-02 -2.648835295985918492e-02
-9.769052843330428004e-02 -2.625695342430844903e-02
-9.206657501636072993e-02 -2.737609617179259658e-02
-8.598668937338516116e-02 -2.436707745073363185e-02
-9.212134469999000430e-02 -2.789703122107312083e-02
-9.874033805681392550e-02 -2.678081864723935723e-02
-9.514508367283269763e-02 -2.514357684412971139e-02
-9.353884222218766809e-02 -3.201000677654519677e-02
-9.380033615161664784e-02 -3.186250674480106682e-02
-9.175743235391564667e-02 -2.599110138544347137e-02
-9.550039356690831482e-02 -2.268337259010877460e-02
-9.706788722542114556e-02 -2.310184128873515874e-02
-8.999845365178771317e-02 -2.598991287231910974e-02
-8.856085644220001996e-02 -2.716797003813553602e-02
-9.244610046152956784e-02 -2.836850234598387033e-02
-8.981491302256472409e-02 -2.727905225765425712e-02
-9.713184743304736912e-02 -3.085607716639060527e-02
-9.526976736378856003e-02 -2.820037801575381309e-02
-8.976648727548308671e-02 -2.536231729027349502e-02
-9.278282200102694333e-02 -2.634160006709862500e-02
