-9.567975060871641846e-02 -7.907551071699053802e-02
-9.767561219632625580e-03 -9.894677437841892242e-03
-1.878416258841753006e-02 -1.949104014784097672e-02
-2.864480111747980118e-02 -2.814114373177289963e-02
-3.818408120423555374e-02 -3.759879712015390396e-02
-4.800383374094963074e-02 -4.675852041691541672e-02
-5.749649833887815475e-02 -4.817484354134649038e-02
-6.686597317457199097e-02 -4.503224242944270372e-02
-7.540644984692335129e-02 -5.102716351393610239e-02
-8.081785636022686958e-02 -5.459516833070665598e-02
-8.994802692905068398e-02 -4.741728131193667650e-02
-9.120620531029999256e-02 -4.319893533829599619e-02
-9.453310770913958549e-02 -4.227294737938791513e-02
-9.880294464528560638e-02 -4.579939658287912607e-02
-9.584324737079441547e-02 -4.962551628705114126e-02
-9.773123811464756727e-02 -4.409654659684747458e-02
-1.003920460352674127e-01 -4.811854742001742125e-02
-9.833867673296481371e-02 -4.795981191273313016e-02
-9.643796924501657486e-02 -4.408065338793676347e-02
-9.970196359790861607e-02 -3.949658914643805474e-02
-1.042765865568071604e-01 -4.544391173112671822e-02
-1.000084623228758574e-01 -4.270241169433575124e-02
-9.257114049978554249e-02 -3.912350574682932347e-02
-1.000318264123052359e-01 -4.308981813665013760e-02
-1.042740561533719301e-01 -4.773140272300224751e-02
-9.870725660584867001e-02 -4.365964040334802121e-02
-9.425908024422824383e-02 -4.948416996921878308e-02
-9.482399874832481146e-02 -4.614532754931133240e-02
-9.836277167778462172e-02 -4.510980534541886300e-02
-9.345825144555419683e-02 -5.058072243991773576e-02
-9.747482126113027334e-02 -4.994573984004091471e-02
-9.376295411493629217e-02 -4.794345777190756053e-02
-8.718657342251390219e-02 -4.010377619124483317e-02
-9.345600043889135122e-02 -4.163947310007642955e-02
-9.413627540925517678e-02 -4.139714922348503023e-02
-9.892962971935048699e-02 -4.447271909157279879e-02
-9.742331184679642320e-02 -4.378714169433806092e-02
-9.770619549090042710e-02 -4.482474167889449745e-02
-9.756743945763446391e-02 -4.439327081490773708e-02
-9.620753212948329747e-02 -4.138321250502485782e-02
-9.539247679640538990e-02 -4.460241745982784778e-02
-8.892728763748891652e-02 -4.980700423766393214e-02
-8.567436903831548989e-02 -4.504739686672110111e-02
-8.980525916558690369e-02 -4.674646300554741174e-02
-9.559096049633808434e-02 -5.004645134613383561e-02
-8.820287536946125329e-02 -4.699360272206831723e-02
-9.650637049344368279e-02 -4.432767066464293748e-02
-9.670313376409467310e-02 -4.771864083886612207e-02
-9.507991814462002367e-02 -4.366959720209706575e-02
-9.824560418201144785e-02 -4.865454319224227220e-02
-9.058204687607940286e-02 -4.485947494686115533e-02
