-6.327318072940246729e-02 -1.274371009296214052e-01
-9.901530109345912933e-03 -9.937776252627372742e-03
-1.967156399041414261e-02 -1.992048602551221848e-02
-2.925177942961454391e-02 -2.971087023615837097e-02
-3.851978760212659836e-02 -3.968492336571216583e-02
-4.781175777316093445e-02 -4.962759744375944138e-02
-5.710501596331596375e-02 -5.913625005632638931e-02
-6.633123103529214859e-02 -6.899286434054374695e-02
-7.222674181684851646e-02 -7.853602338582277298e-02
-7.525352644734084606e-02 -8.846765849739313126e-02
-6.759610143490135670e-02 -9.831733722239732742e-02
-6.717078058863990009e-02 -1.082191234454512596e-01
-6.231194824795238674e-02 -1.170691512525081635e-01
-5.863042452256195247e-02 -1.221763207577168941e-01
-5.908402599743567407e-02 -1.291577499359846115e-01
-5.883625306887552142e-02 -1.283926563919521868e-01
-6.289855082286521792e-02 -1.266612822073511779e-01
-6.091570336138829589e-02 -1.292315322789363563e-01
-6.675638857996091247e-02 -1.267320091719739139e-01
-6.148664088686928153e-02 -1.326243734802119434e-01
-6.343207630561664701e-02 -1.338648355449549854e-01
-6.787814880954101682e-02 -1.359696466824971139e-01
-7.272055867360904813e-02 -1.326456935494206846e-01
-6.877093558432534337e-02 -1.261676032445393503e-01
-6.189029460074380040e-02 -1.257824642525520176e-01
-5.927630426594987512e-02 -1.281532299180980772e-01
-5.825136188650503755e-02 -1.335838440281804651e-01
-6.342477124417200685e-02 -1.284243183617945760e-01
-7.126136828446760774e-02 -1.300100128573831171e-01
-6.597357807913795114e-02 -1.320025721506681293e-01
-6.477658572839573026e-02 -1.305168036778923124e-01
-6.789075006963685155e-02 -1.358142503013368696e-01
-7.106516585918143392e-02 -1.346612032211851329e-01
-6.485790741862729192e-02 -1.360036196128930897e-01
-6.818353413837030530e-02 -1.393517440592404455e-01
-6.167101050959900022e-02 -1.380593187350314111e-01
-6.877742038341239095e-02 -1.347253855492454022e-01
-6.457123981090262532e-02 -1.298007045115809888e-01
-6.720544566633179784e-02 -1.283842990815173835e-01
-6.401980511145666242e-02 -1.265332672919612378e-01
-6.247688998701050878e-02 -1.255810676084365696e-01
-6.490307842614129186e-02 -1.245710430375766009e-01
-7.259268948109820485e-02 -1.283922651491593570e-01
-7.591297040926292539e-02 -1.352769019722472876e-01
-7.446465740213170648e-02 -1.271355249627958983e-01
-7.357829343527555466e-02 -1.217037848837208003e-01
-7.258300436660647392e-02 -1.297840568877290934e-01
-7.058638823218643665e-02 -1.321420047606807202e-01
-7.376578939147293568e-02 -1.257730528886895627e-01
-6.830058130435645580e-02 -1.333690613682847470e-01
-6.980786414351314306e-02 -1.310583180456887931e-01
