-8.731251536333602126e-02 -9.874961190540097744e-02
-9.675864130258560181e-03 -9.626939892768859863e-03
-1.929769292473793030e-02 -1.959383022040128708e-02
-2.904810383915901184e-02 -2.942639961838722229e-02
-3.887434210628271103e-02 -3.937952127307653427e-02
-4.843497183173894882e-02 -4.931384045630693436e-02
-5.837042070925235748e-02 -5.914942082017660141e-02
-6.815543398261070251e-02 -6.898801028728485107e-02
-7.724612485617399216e-02 -7.862330973148345947e-02
-8.460170961916446686e-02 -8.735646586865186691e-02
-9.044693550094962120e-02 -9.315392654389142990e-02
-8.576829778030514717e-02 -8.847086830064654350e-02
-8.340449561364948750e-02 -8.723162580281496048e-02
-8.768611843697726727e-02 -9.184054331853985786e-02
-8.738532956340350211e-02 -8.878406719304621220e-02
-8.877205548924393952e-02 -8.699352468829602003e-02
-8.457566917059011757e-02 -8.377348270732909441e-02
-8.914801690843887627e-02 -8.383781697921222076e-02
-8.971945973462425172e-02 -8.238811874616658315e-02
-8.583018518402241170e-02 -8.518820712197339162e-02
-8.296171281835995615e-02 -9.010943341854726896e-02
-8.887197528383694589e-02 -8.666270659159636125e-02
-9.166726664989255369e-02 -9.259617249335860834e-02
-8.838508682674728334e-02 -8.585829906951403245e-02
-8.507447814918123186e-02 -8.594235115015180781e-02
-8.507343029953062796e-02 -8.196941891947062686e-02
-8.236481060623646044e-02 -8.878645802178652957e-02
-8.949142179801583552e-02 -8.572772763000102714e-02
-9.128644245095074439e-02 -8.010584407747955993e-02
-9.424013618729532027e-02 -8.374411275872262195e-02
-9.288146507344663405e-02 -8.243640117143513635e-02
-8.895512970514118933e-02 -8.018459007871570066e-02
-8.823415314429894352e-02 -8.711740654689492658e-02
-8.761632003472641372e-02 -8.537369536497863010e-02
-8.935150006902858877e-02 -8.034438675531418994e-02
-8.646932701697096491e-02 -8.396088833251269534e-02
-8.293982726638660097e-02 -8.304564475110964850e-02
-8.590283609112248087e-02 -8.648252121201949194e-02
-7.946547019412264490e-02 -8.560436958941863850e-02
-8.358611903270229959e-02 -7.954187872383045033e-02
-8.467143614427641296e-02 -8.541832533228443936e-02
-8.758421664708748722e-02 -8.523665395478019491e-02
-8.895067454898253345e-02 -8.054709042335161939e-02
-8.381556024426117801e-02 -8.720555555919418111e-02
-8.978834658512369060e-02 -8.561324017500737682e-02
-8.466277740546956920e-02 -8.237445975100854412e-02
-8.451300167246245110e-02 -7.962602042971411720e-02
-8.909778908594034874e-02 -8.088631233113119379e-02
-8.537194325356267655e-02 -8.380507192487129942e-02
-9.064218221931241715e-02 -8.697328231210121885e-02
-8.823124232469581329e-02 -8.248982326040277258e-02
