-7.675512441067068592e-02 -1.140987587766133515e-01
-9.952581487596035004e-03 -9.993539191782474518e-03
-1.986171584576368332e-02 -1.995432749390602112e-02
-2.970151510089635849e-02 -2.990965265780687332e-02
-3.842045087367296219e-02 -3.986165020614862442e-02
-4.827460926026105881e-02 -4.961838480085134506e-02
-5.552248796448111534e-02 -5.961511842906475067e-02
-6.496057705953717232e-02 -6.944583542644977570e-02
-7.444571657106280327e-02 -7.924585789442062378e-02
-7.527444045990705490e-02 -8.888596575707197189e-02
-6.671317666769027710e-02 -9.835084527730941772e-02
-7.298161834478378296e-02 -1.076373215764760971e-01
-7.767148921266198158e-02 -1.169691486284136772e-01
-7.172506069764494896e-02 -1.223767618648707867e-01
-7.068202469963580370e-02 -1.207322578411549330e-01
-7.762685429770499468e-02 -1.257269743364304304e-01
-7.389699958730489016e-02 -1.266874781576916575e-01
-7.156153826508671045e-02 -1.303466238314285874e-01
-6.643979961518198252e-02 -1.275839534355327487e-01
-7.170847395900636911e-02 -1.269890394760295749e-01
-6.530492764431983232e-02 -1.290095938602462411e-01
-6.446592195425182581e-02 -1.220043028006330132e-01
-6.596847693435847759e-02 -1.225183713831938803e-01
-5.861034314148128033e-02 -1.285532354959286749e-01
-6.716369627974927425e-02 -1.262727571302093565e-01
-6.456619268283247948e-02 -1.196181192644871771e-01
-6.788327265530824661e-02 -1.207711186143569648e-01
-6.261205021291971207e-02 -1.186246182187460363e-01
-5.786980222910642624e-02 -1.220332467346452177e-01
-6.119972164742648602e-02 -1.204399788402952254e-01
-6.416757521219551563e-02 -1.275398242869414389e-01
-6.938863568939268589e-02 -1.241766417515464127e-01
-6.550912209786474705e-02 -1.226641322136856616e-01
-6.124510127119719982e-02 -1.216984273050911725e-01
-6.482113362289965153e-02 -1.178838469204492867e-01
-6.439343097736127675e-02 -1.270323393982835114e-01
-6.524590551271103323e-02 -1.285910144797526300e-01
-7.211286955862306058e-02 -1.218773177242837846e-01
-6.945709403953514993e-02 -1.293195038451813161e-01
-6.482438402599655092e-02 -1.266061288188211620e-01
-6.682628820999525487e-02 -1.290024082991294563e-01
-6.530770493554882705e-02 -1.276203112793155015e-01
-6.789745457354001701e-02 -1.262951951357536018e-01
-6.867123729898594320e-02 -1.207626719842664897e-01
-6.829689152073115110e-02 -1.210007031331770122e-01
-7.105757237877696753e-02 -1.156057605403475463e-01
-7.619960454758256674e-02 -1.211703356239013374e-01
-6.909279373940080404e-02 -1.255558707634918392e-01
-6.067841069307178259e-02 -1.217522981460206211e-01
-6.313094578217715025e-02 -1.287577503244392574e-01
-6.428325676824897528e-02 -1.314351944602094591e-01
