-8.726932112031370037e-02 -9.882689413836978631e-02
-9.990681894123554230e-03 -9.947503916919231415e-03
-1.990227401256561279e-02 -1.988521590828895569e-02
-2.981120906770229340e-02 -2.976079843938350677e-02
-3.975423891097307205e-02 -3.969419933855533600e-02
-4.973010625690221786e-02 -4.941397719085216522e-02
-5.969234742224216461e-02 -5.899059772491455078e-02
-6.937716528773307800e-02 -6.889518443495035172e-02
-7.920760475099086761e-02 -7.854983769357204437e-02
-8.791372273117303848e-02 -8.783702086657285690e-02
-8.872726891422644258e-02 -9.424810810014605522e-02
-9.052069397876039147e-02 -9.596188762225210667e-02
-8.984987350413575768e-02 -9.628915705252438784e-02
-9.035768598550930619e-02 -1.005349085899069905e-01
-8.605145203182473779e-02 -9.951441385783255100e-02
-9.188172832364216447e-02 -9.996137180132791400e-02
-8.827440283494070172e-02 -1.042352599906735122e-01
-9.019622934283688664e-02 -1.066915238625369966e-01
-9.144694689894095063e-02 -1.014556898153387010e-01
-9.368387755239382386e-02 -1.083931493922136724e-01
-9.764431655639782548e-02 -1.011552190757356584e-01
-8.972218498820438981e-02 -9.617959376191720366e-02
-8.678154466906562448e-02 -9.419723501196131110e-02
-8.468515035929158330e-02 -1.004448709427379072e-01
-8.541298203635960817e-02 -9.558127488708123565e-02
-9.211115830112248659e-02 -9.576570238277781755e-02
-9.036163566634058952e-02 -1.009720265428768471e-01
-9.158467524684965611e-02 -9.651704547286499292e-02
-9.627508581615984440e-02 -1.011529475945280865e-01
-9.098942833952605724e-02 -9.376984690607059747e-02
-8.823460666462779045e-02 -9.151821229897905141e-02
-8.614681824110448360e-02 -9.958891496353317052e-02
-9.292327309958636761e-02 -9.832325445313472301e-02
-9.298347557705710642e-02 -9.015100503165740520e-02
-9.445299468279699795e-02 -8.947224049188662320e-02
-9.288589683637837879e-02 -8.863417060638312250e-02
-9.299994018874713220e-02 -8.474614775332156569e-02
-8.763976479895063676e-02 -8.794411575945559889e-02
-8.534952547415741719e-02 -9.541847954096738249e-02
-8.018197227283963002e-02 -9.843340750376228243e-02
-8.494113493725308217e-02 -9.405759211222175509e-02
-8.691067496329196729e-02 -8.858984849939588457e-02
-9.275571364923962392e-02 -9.500073223898652941e-02
-9.679017324015148915e-02 -9.073275375703815371e-02
-8.959027068704017438e-02 -9.308304708974901587e-02
-9.249562505647190847e-02 -8.943452058883849531e-02
-9.278343205005512573e-02 -8.429679718392435461e-02
-8.777740743607864715e-02 -9.271356069075409323e-02
-9.397631610409007408e-02 -9.797971068473998457e-02
-9.076109860689030029e-02 -8.959606966527644545e-02
-8.772500144914374687e-02 -9.672660358774010092e-02
