-7.787171507813261950e-02 -1.127375166131887596e-01
-9.755385108292102814e-03 -9.894909337162971497e-03
-1.972782332450151443e-02 -1.917553413659334183e-02
-2.965238597244024277e-02 -2.912108041346073151e-02
-3.943345416337251663e-02 -3.881163522601127625e-02
-4.938351735472679138e-02 -4.878135956823825836e-02
-5.854152143001556396e-02 -5.861906707286834717e-02
-6.807163264602422714e-02 -6.857599690556526184e-02
-7.792239170521497726e-02 -7.851881254464387894e-02
-8.751737512648105621e-02 -8.816448692232370377e-02
-8.649818459525704384e-02 -9.750295616686344147e-02
-8.966507459990680218e-02 -1.072228699922561646e-01
-9.204596350900828838e-02 -1.086885392433032393e-01
-8.612237521447241306e-02 -1.134302256396040320e-01
-8.915167511440813541e-02 -1.157477746019139886e-01
-9.473438304848968983e-02 -1.189679858507588506e-01
-8.931156224571168423e-02 -1.161159562179818749e-01
-9.488532948307693005e-02 -1.170508562354370952e-01
-8.822667528875172138e-02 -1.102913654176518321e-01
-8.196199615485966206e-02 -1.164751582546159625e-01
-8.991574705578386784e-02 -1.134652810869738460e-01
-8.547708322294056416e-02 -1.107114917831495404e-01
-8.610065985703840852e-02 -1.146295807557180524e-01
-8.786985924234613776e-02 -1.177065678639337420e-01
-8.757840446196496487e-02 -1.107344602933153510e-01
-8.892391610424965620e-02 -1.045297206146642566e-01
-8.620726398658007383e-02 -1.095655838726088405e-01
-9.234620386268943548e-02 -1.169624062022194266e-01
-9.183400566689670086e-02 -1.222503561293706298e-01
-8.760868129320442677e-02 -1.133510380750522017e-01
-9.278231370262801647e-02 -1.181702831527218223e-01
-9.093872178345918655e-02 -1.137029280653223395e-01
-9.434200986288487911e-02 -1.118409446207806468e-01
-8.817107300274074078e-02 -1.070045166416093707e-01
-9.068330260924994946e-02 -1.152371846837922931e-01
-9.213602985255420208e-02 -1.215920777758583426e-01
-8.923002216033637524e-02 -1.154151720693334937e-01
-8.802205661777406931e-02 -1.147626478341408074e-01
-8.298253885004669428e-02 -1.180404334445483983e-01
-8.981414942536503077e-02 -1.205987756256945431e-01
-9.043678367743268609e-02 -1.207369409821694717e-01
-8.480379224056378007e-02 -1.175295580032980070e-01
-9.219280543038621545e-02 -1.232235645729815587e-01
-9.207749189954483882e-02 -1.199647260218625888e-01
-8.626856897171819583e-02 -1.206768304546130821e-01
-9.200589507963741198e-02 -1.154142613959265873e-01
-9.269767787918681279e-02 -1.235003672045422718e-01
-9.143650564510608092e-02 -1.252078781108139083e-01
-8.912472995143616572e-02 -1.216759382950840518e-01
-8.884578379365848377e-02 -1.194317698682425544e-01
-8.721928514569299296e-02 -1.170079756266204640e-01
