-7.748351894414373664e-02 -1.132163293147626509e-01
-9.952280670404434204e-03 -9.912352077662944794e-03
-1.828024722635746002e-02 -1.979855261743068695e-02
-2.798829786479473114e-02 -2.978290710598230362e-02
-3.790784161537885666e-02 -3.942666109651327133e-02
-4.747848678380250931e-02 -4.937511030584573746e-02
-5.523402057588100433e-02 -5.888694524765014648e-02
-6.451826822012662888e-02 -6.768877431750297546e-02
-7.067464571446180344e-02 -7.760827615857124329e-02
-7.760004978626966476e-02 -8.683323953300714493e-02
-7.282108068466186523e-02 -9.555854368954896927e-02
-6.904658325947821140e-02 -1.041112337261438370e-01
-6.520718708634376526e-02 -1.108713308349251747e-01
-6.807423708960413933e-02 -1.103859618888236582e-01
-6.460998533293604851e-02 -1.138594493386335671e-01
-6.460406301539478591e-02 -1.081691396539099514e-01
-6.012885827567515662e-02 -1.082452172340708785e-01
-6.485969616096554091e-02 -1.129079526217537932e-01
-6.060688799243507674e-02 -1.090494817981380038e-01
-6.527866885062394431e-02 -1.096997804052080028e-01
-6.731580240648327162e-02 -1.165837271182681434e-01
-6.596050128337083152e-02 -1.094201885207439773e-01
-7.115992061790166190e-02 -1.102761719885165803e-01
-6.655361173670826247e-02 -1.157939979384536855e-01
-6.596748230276716640e-02 -1.211061873982544057e-01
-6.949406026160431793e-02 -1.123982999051804654e-01
-7.180233464805496624e-02 -1.155800447377259843e-01
-7.037452691929502180e-02 -1.126320516268606298e-01
-6.785387047330004862e-02 -1.079897629606421106e-01
-6.259691123614175012e-02 -1.076046120651881211e-01
-6.544996858337981394e-02 -1.151192616016487591e-01
-6.950948959911329439e-02 -1.139914845625753514e-01
-7.011405892899347236e-02 -1.105815554547007196e-01
-6.480274770638061455e-02 -1.094820023790816776e-01
-6.692395361369563034e-02 -1.141993104756693356e-01
-6.378893882265401771e-02 -1.119491552744875662e-01
-6.949674619590950897e-02 -1.060965277065406553e-01
-6.627072954779578140e-02 -1.100256989520858042e-01
-6.559134626058948925e-02 -1.105589822909678333e-01
-6.965324494285596302e-02 -1.062229720919276588e-01
-6.771811577254993608e-02 -1.133544443218852393e-01
-6.182717685351235559e-02 -1.130278394775814377e-01
-6.872132573971612146e-02 -1.119836078942171298e-01
-6.676459465870721033e-02 -1.120286451623542234e-01
-6.450154692629439523e-02 -1.115950869425432757e-01
-6.394217997785744956e-02 -1.137504933431046084e-01
-6.600745880041358760e-02 -1.136045799794374034e-01
-6.606633567116659833e-02 -1.074290335382102057e-01
-7.181992919049662305e-02 -1.064959407522110268e-01
-7.458248037710291101e-02 -1.083790933917043731e-01
-6.939468767359358026e-02 -1.087255048478255048e-01
