-4.755101931664665327e-02 -1.379710211487163440e-01
-9.948602877557277679e-03 -9.655913338065147400e-03
-1.965662185102701187e-02 -1.952487509697675705e-02
-2.940374147146940231e-02 -2.932908479124307632e-02
-3.794403094798326492e-02 -3.904710337519645691e-02
-4.669732600450515747e-02 -4.899350274354219437e-02
-5.477447062730789185e-02 -5.877982359379529953e-02
-5.915551399812102318e-02 -6.827262789011001587e-02
-5.816804384812712669e-02 -7.768028974533081055e-02
-5.526643618941307068e-02 -8.475378062576055527e-02
-5.143009894527494907e-02 -9.009375516325235367e-02
-5.623075808398425579e-02 -9.880979079753160477e-02
-4.780280566774308681e-02 -1.015121950767934322e-01
-4.136310680769383907e-02 -1.068725502118468285e-01
-4.487552377395331860e-02 -1.085251348558813334e-01
-4.949840926565229893e-02 -1.124978999141603708e-01
-4.601216455921530724e-02 -1.120663491892628372e-01
-4.735838784836232662e-02 -1.135877755586989224e-01
-4.454625397920608521e-02 -1.208931676228530705e-01
-4.833816317841410637e-02 -1.235161163494922221e-01
-4.491791524924337864e-02 -1.170311659225262702e-01
-4.566439543850719929e-02 -1.173918765271082520e-01
-4.715054784901440144e-02 -1.133148545632138848e-01
-4.894490155857056379e-02 -1.140559971681796014e-01
-4.878440174798015505e-02 -1.095682181767188013e-01
-4.164648336882237345e-02 -1.084478594711981714e-01
-4.000642105529550463e-02 -1.109881474985741079e-01
-4.439741421083454043e-02 -1.144743586773984134e-01
-3.760223930294159800e-02 -1.203592151287011802e-01
-4.222639558429364115e-02 -1.190894800820387900e-01
-4.696383701229933649e-02 -1.182976943673565984e-01
-4.346868024731520563e-02 -1.243685960071161389e-01
-3.890628927911166102e-02 -1.193160485709086061e-01
-4.095460941607598215e-02 -1.126724887872114778e-01
-4.407402199285570532e-02 -1.205084134126082063e-01
-4.599388515634927899e-02 -1.270162534201517701e-01
-4.521097576071042567e-02 -1.208376871654763818e-01
-4.083398038346786052e-02 -1.181911755120381713e-01
-3.744764027942437679e-02 -1.183069831604370847e-01
-3.183542664919514209e-02 -1.178828078991500661e-01
-3.437658825714606792e-02 -1.132142075075535104e-01
-4.064923206169623882e-02 -1.071435615158407018e-01
-4.599459802557248622e-02 -1.079985430551460013e-01
-4.875808495853561908e-02 -1.115264798136195168e-01
-4.882341581833316013e-02 -1.092224767053266987e-01
-4.769473749183816835e-02 -1.121802081906935200e-01
-4.801612751180073246e-02 -1.142558766150614247e-01
-4.771832960977917537e-02 -1.152517741866176948e-01
-4.456429278798168525e-02 -1.194892243802314624e-01
-4.233935873344307765e-02 -1.150981706887250766e-01
-4.293192785553401336e-02 -1.133201808988815174e-01
