-6.412194750639323149e-02 -1.267357533877614961e-01
-9.726910851895809174e-03 -9.984260424971580505e-03
-1.942927576601505280e-02 -1.989415194839239120e-02
-2.865269128233194351e-02 -2.973581477999687195e-02
-3.831887058913707733e-02 -3.966759797185659409e-02
-4.730298556387424469e-02 -4.943068604916334152e-02
-5.712790228426456451e-02 -5.928792525082826614e-02
-6.700727995485067368e-02 -6.912525091320276260e-02
-7.290947297587990761e-02 -7.849084772169589996e-02
-7.890301803126931190e-02 -8.832403644919395447e-02
-7.602541311644017696e-02 -9.733918588608503342e-02
-7.834278629161417484e-02 -1.070239609107375145e-01
-7.204591832123696804e-02 -1.099398881196975708e-01
-7.611209270544350147e-02 -1.130417357198894024e-01
-8.258003625087440014e-02 -1.097647713031619787e-01
-7.379493652842938900e-02 -1.065135693643242121e-01
-6.934143253602087498e-02 -1.061562252289149910e-01
-7.567779929377138615e-02 -1.038178253511432558e-01
-7.173330825753509998e-02 -1.106220033543650061e-01
-6.802801415324211121e-02 -1.063939027080778033e-01
-6.488169473595917225e-02 -1.115035066904965788e-01
-7.022608234547078609e-02 -1.159551699238363653e-01
-6.789489230141043663e-02 -1.088995725440327078e-01
-6.804231723072007298e-02 -1.067018014437053353e-01
-7.022367190802469850e-02 -1.060568613174837083e-01
-6.941100792028009892e-02 -1.022512942727189511e-01
-6.701147765852510929e-02 -1.044707400433253497e-01
-6.541367270983755589e-02 -1.116347512870561332e-01
-6.792279565706849098e-02 -1.054519116587471217e-01
-6.970644975081086159e-02 -1.030622827529441565e-01
-7.040342350956052542e-02 -1.081652068241965026e-01
-7.069750982918776572e-02 -1.006895233585964888e-01
-6.856366959982551634e-02 -1.020659602654632181e-01
-7.198190889903344214e-02 -1.023264295654371381e-01
-7.238497934304177761e-02 -1.058326946804299951e-01
-6.657336349599063396e-02 -1.074215971166267991e-01
-6.528267741668969393e-02 -1.041495214449241757e-01
-6.927850667852908373e-02 -1.089675329858437181e-01
-6.678850005846470594e-02 -1.024880717741325498e-01
-6.090712861623615026e-02 -1.014571462292224169e-01
-6.857839680742472410e-02 -1.009869681147392839e-01
-6.905952130910009146e-02 -1.006944249384105206e-01
-7.400000176858156919e-02 -1.092206421308219433e-01
-6.813394173514097929e-02 -1.071306969970464706e-01
-6.974894867744296789e-02 -1.134780040010809898e-01
-6.604880688246339560e-02 -1.077888836152851582e-01
-7.148896006401628256e-02 -1.042050984688103199e-01
-6.535098969470709562e-02 -1.080378200858831406e-01
-7.080186938401311636e-02 -1.097730948822572827e-01
-6.823795067612081766e-02 -1.022662475006654859e-01
-7.240710465703159571e-02 -1.022830124984466238e-01
