-4.428443357473256514e-02 -1.396598513436482225e-01
-8.643039502203464508e-03 -9.982102550566196442e-03
-1.647163182497024536e-02 -1.988132204860448837e-02
-2.539328020066022873e-02 -2.976911701261997223e-02
-3.440963197499513626e-02 -3.975999169051647186e-02
-4.275239817798137665e-02 -4.974301718175411224e-02
-4.912243783473968506e-02 -5.973463319242000580e-02
-5.225864332169294357e-02 -6.966830138117074966e-02
-4.903148114681243896e-02 -7.953929807990789413e-02
-4.079947154968976974e-02 -8.949907217174768448e-02
-4.758086102083325386e-02 -9.934677463024854660e-02
-4.114613449200987816e-02 -1.092705568298697472e-01
-3.562831692397594452e-02 -1.191330114379525185e-01
-4.282037168741226196e-02 -1.288104811683297157e-01
-4.175881540868431330e-02 -1.386914150789380074e-01
-4.475636396091431379e-02 -1.482888842001557350e-01
-4.062778863590210676e-02 -1.499999999999999944e-01
-4.768888920079916716e-02 -1.499999999999999944e-01
-4.953843262046575546e-02 -1.499999999999999944e-01
-5.170203465968370438e-02 -1.499999999999999944e-01
-4.685880336910486221e-02 -1.499999999999999944e-01
-5.364891607314348221e-02 -1.499999999999999944e-01
-5.612136796116828918e-02 -1.499999999999999944e-01
-6.108196312561631203e-02 -1.499999999999999944e-01
-5.239405715838074684e-02 -1.499999999999999944e-01
-4.847777821123600006e-02 -1.499999999999999944e-01
-5.186451226472854614e-02 -1.499999999999999944e-01
-4.819096135906875134e-02 -1.499999999999999944e-01
-4.314880049787461758e-02 -1.499999999999999944e-01
-3.965225745923817158e-02 -1.499999999999999944e-01
-4.664017516188323498e-02 -1.499999999999999944e-01
-4.965896857902407646e-02 -1.499999999999999944e-01
-4.694612277671694756e-02 -1.499999999999999944e-01
-4.578723083250224590e-02 -1.499999999999999944e-01
-4.297309298999607563e-02 -1.499999999999999944e-01
-4.591199057176709175e-02 -1.499999999999999944e-01
-4.789574048481881618e-02 -1.499999999999999944e-01
-4.577063955366611481e-02 -1.499999999999999944e-01
-4.454668087419122458e-02 -1.499999999999999944e-01
-5.078983341809362173e-02 -1.499999999999999944e-01
-4.579025309067219496e-02 -1.499999999999999944e-01
-4.871975758578628302e-02 -1.499999999999999944e-01
-5.002707045059651136e-02 -1.499999999999999944e-01
-4.653245618101209402e-02 -1.499999999999999944e-01
-5.145898961927741766e-02 -1.499999999999999944e-01
-4.804355290252715349e-02 -1.499999999999999944e-01
-4.682119516655802727e-02 -1.499999999999999944e-01
-4.808998911175876856e-02 -1.499999999999999944e-01
-5.559596617240458727e-02 -1.499999999999999944e-01
-5.099580495152622461e-02 -1.499999999999999944e-01
-4.759346705395728350e-02 -1.499999999999999944e-01
