-6.415459286998474731e-02 -1.267084624646231950e-01
-9.820703417062759399e-03 -9.959440678358078003e-03
-1.968129072338342667e-02 -1.981615554541349411e-02
-2.960705384612083435e-02 -2.941226027905941010e-02
-3.919234313070774078e-02 -3.934866935014724731e-02
-4.901705496013164520e-02 -4.922130238264799118e-02
-5.826292280107736588e-02 -5.908693280071020126e-02
-6.446210434660315514e-02 -6.895721051841974258e-02
-6.675297673791646957e-02 -7.856998033821582794e-02
-6.657405551231931895e-02 -8.839363697916269302e-02
-6.859127459756564349e-02 -9.805382322520017624e-02
-6.131400521553587168e-02 -1.071077790111303329e-01
-5.496007371402811259e-02 -1.169400382786989212e-01
-5.117108281410764903e-02 -1.246805507689714432e-01
-5.820054681680630893e-02 -1.249427450529765338e-01
-5.299610765359830111e-02 -1.276340086187701672e-01
-5.500442771881353110e-02 -1.275170392764266580e-01
-5.011993697553407401e-02 -1.334427095425780863e-01
-5.785483172803651541e-02 -1.282834176381584257e-01
-5.562599706172477454e-02 -1.337062971142586321e-01
-6.214315448596607894e-02 -1.267157800903078169e-01
-5.806963941722642630e-02 -1.307416896743234247e-01
-5.245632077276241034e-02 -1.336008576618041843e-01
-5.896566952287685126e-02 -1.247153036238159984e-01
-5.915369356807786971e-02 -1.300408626848366112e-01
-5.685042224649805576e-02 -1.272347416670527309e-01
-5.480777712364215404e-02 -1.316203396709170192e-01
-5.846803991880733520e-02 -1.262973803968634456e-01
-5.785974593891296536e-02 -1.295034378708805889e-01
-5.192771427391562611e-02 -1.351746056170668453e-01
-5.262440374644938856e-02 -1.356739363691303879e-01
-5.554760132508818060e-02 -1.336122189240995795e-01
-6.178376615571323782e-02 -1.342675374180544168e-01
-5.725691259431187063e-02 -1.383276479609776288e-01
-5.478965702059213072e-02 -1.324123125814367086e-01
-5.718674069794360548e-02 -1.309769958315882832e-01
-5.242855918186251074e-02 -1.337510805169586092e-01
-5.947036926227156073e-02 -1.322142486751545221e-01
-5.749796332383994013e-02 -1.277225250669289380e-01
-5.450902182201389223e-02 -1.371629806526470929e-01
-6.200986496696714312e-02 -1.340598340902943164e-01
-6.525559771398548037e-02 -1.377136179071385413e-01
-6.435840002086479217e-02 -1.349100943480152637e-01
-5.764254911628086120e-02 -1.325745447829831392e-01
-6.597378554579336196e-02 -1.360040142026264220e-01
-6.822115888644475490e-02 -1.350956203823443502e-01
-6.644721022166777402e-02 -1.304524031875189394e-01
-7.244867245026398450e-02 -1.303578916777041741e-01
-6.698804553889203817e-02 -1.378654338259366341e-01
-7.080450812645722181e-02 -1.354960574608412571e-01
-7.105323114956263453e-02 -1.370438172089052387e-01
