-7.787633441389867073e-02 -1.127317825209408764e-01
-9.772868826985359192e-03 -9.756946936249732971e-03
-1.957136765122413635e-02 -1.913033798336982727e-02
-2.833799924701452255e-02 -2.901018969714641571e-02
-3.810600563883781433e-02 -3.855484444648027420e-02
-4.756214469671249390e-02 -4.848677013069391251e-02
-5.613530147820711136e-02 -5.846448801457881927e-02
-6.549386493861675262e-02 -6.779249291867017746e-02
-7.231514202430844307e-02 -7.743554748594760895e-02
-7.416542747523635626e-02 -8.678201027214527130e-02
-7.282958494033664465e-02 -9.620141331106424332e-02
-6.894070387352257967e-02 -1.046454086899757385e-01
-6.284715433139353991e-02 -1.132524898275732994e-01
-7.017907185945659876e-02 -1.164027692284435034e-01
-7.041314167145173997e-02 -1.222015924286097288e-01
-6.960806173447053879e-02 -1.165869806427508593e-01
-6.984131735225673765e-02 -1.171119097853079438e-01
-6.987162035329674836e-02 -1.187323043122887611e-01
-7.033964912079682108e-02 -1.166877481155097485e-01
-6.655365638107468840e-02 -1.159998640650883317e-01
-7.124475380078365561e-02 -1.135882745729759336e-01
-6.936697745368292090e-02 -1.149999890476465225e-01
-6.787929080564936157e-02 -1.179094002582132816e-01
-7.336296329413016792e-02 -1.130157778970897198e-01
-7.413668041954224464e-02 -1.087959134019911289e-01
-7.542396367898618337e-02 -1.161979567259550095e-01
-6.886671607753669377e-02 -1.127358996309340000e-01
-6.267238206601177808e-02 -1.132934760535135865e-01
-6.866725984400545713e-02 -1.176182768540456891e-01
-6.186204527875815984e-02 -1.112226747209206223e-01
-6.580056700295244809e-02 -1.166913431370630860e-01
-6.547291788410802837e-02 -1.138240379514172673e-01
-7.157171729159017559e-02 -1.156316191190853715e-01
-6.490162971567770001e-02 -1.198175615863874555e-01
-6.566880168065836187e-02 -1.114752144785597920e-01
-6.381104178399255034e-02 -1.144031333969905972e-01
-6.558827883236517664e-02 -1.105887676822021604e-01
-6.838852879263868090e-02 -1.114713151473551989e-01
-7.031540330171992537e-02 -1.164141746703535318e-01
-6.540468418643285986e-02 -1.209290761034935713e-01
-6.771532087259402033e-02 -1.175960546825081110e-01
-6.195622370250930544e-02 -1.159982973476871848e-01
-5.947574311539938208e-02 -1.105977779952809215e-01
-6.679288148552586790e-02 -1.130154960555955768e-01
-6.473900670789589640e-02 -1.097239773953333497e-01
-6.780370990418305155e-02 -1.047673384891822934e-01
-6.236899890609493013e-02 -1.100723432609811425e-01
-6.131897135310282465e-02 -1.115740882232785225e-01
-6.725365356214751955e-02 -1.145194980781525373e-01
-6.951937977828492876e-02 -1.079891014378517866e-01
-6.582088432878663298e-02 -1.115465532056987286e-01
