-8.761545749779131587e-02 -9.820302487866010288e-02
-9.848636575043201447e-03 -9.972316212952136993e-03
-1.981239765882492065e-02 -1.988811232149600983e-02
-2.942158188670873642e-02 -2.985897473990917206e-02
-3.930146899074316025e-02 -3.975980076938867569e-02
-4.920318350195884705e-02 -4.962845332920551300e-02
-5.912422947585582733e-02 -5.939864180982112885e-02
-6.771546602249145508e-02 -6.890292838215827942e-02
-7.692539226263761520e-02 -7.871769554913043976e-02
-7.302870880812406540e-02 -8.760576043277978897e-02
-8.185426145792007446e-02 -8.952461217995733023e-02
-8.285700704436749220e-02 -9.532786288764327765e-02
-7.631281751673668623e-02 -9.595109918154776096e-02
-8.187145122792571783e-02 -9.659703529905527830e-02
-8.898741460870951414e-02 -9.304352558683604002e-02
-8.352849713992327452e-02 -9.960422560106962919e-02
-8.049149403814226389e-02 -9.285498072858899832e-02
-8.679422654677182436e-02 -9.708331979345530272e-02
-8.577005669940263033e-02 -1.025990614434704185e-01
-9.101125888992100954e-02 -1.089873550226911902e-01
-8.658887783531099558e-02 -1.004406599095091224e-01
-8.309167192783206701e-02 -9.477703168522566557e-02
-8.078784996178001165e-02 -9.500413431669585407e-02
-8.349395671393722296e-02 -9.320828699856065214e-02
-8.104481513146311045e-02 -1.010893574857618660e-01
-8.566987386438995600e-02 -1.002144733502063900e-01
-9.186131937894970179e-02 -1.005696383363101631e-01
-8.470174542162567377e-02 -1.021108469285536557e-01
-8.603005402255803347e-02 -1.015023443324025720e-01
-8.436160685960203409e-02 -9.609666312462650239e-02
-8.441787304764147848e-02 -9.389155366807244718e-02
-8.083892425929661840e-02 -9.760983669548295438e-02
-8.492774654587265104e-02 -9.719497765763662755e-02
-8.228261278418358415e-02 -9.660519569297321141e-02
-8.624322222021874040e-02 -9.386084767174907029e-02
-8.434557133296038955e-02 -9.249396299128420651e-02
-8.618458498676773161e-02 -9.731267395545728505e-02
-9.113926858117338270e-02 -9.400746881146915257e-02
-8.910817115975078195e-02 -9.355425418470986187e-02
-8.559925410372670740e-02 -9.283436360419727862e-02
-8.584832401538733393e-02 -9.167555641033686697e-02
-8.276566003041807562e-02 -8.877813900471664965e-02
-8.240063405537512153e-02 -8.550351244048215449e-02
-7.947103968763258308e-02 -9.099961529136635363e-02
-8.203266734199132770e-02 -9.204034102731384337e-02
-8.291001016914378852e-02 -9.284601520630531013e-02
-8.266444738546852022e-02 -9.084680859814397991e-02
-8.550231206754688174e-02 -8.670124594937078655e-02
-8.512624491413589567e-02 -9.379836029256694019e-02
-8.482362974609714001e-02 -9.720180320437066257e-02
-7.850904103543143719e-02 -9.159520917455665767e-02
