-4.430002643906853776e-02 -1.396521480919326874e-01
-9.545400738716125488e-03 -9.922059252858161926e-03
-1.921701524406671524e-02 -1.982601173222064972e-02
-2.816034853458404541e-02 -2.975136786699295044e-02
-3.358171042054891586e-02 -3.941468801349401474e-02
-4.308613482862710953e-02 -4.925621394068002701e-02
-5.269853305071592331e-02 -5.891139991581439972e-02
-6.114286556839942932e-02 -6.880148313939571381e-02
-6.086268083890900016e-02 -7.848120294511318207e-02
-6.375728262355551124e-02 -8.793153986334800720e-02
-6.053437123773619533e-02 -9.752951655536890030e-02
-6.290330173214897513e-02 -1.068623792380094528e-01
-6.171976093901321292e-02 -1.162260705605149269e-01
-5.679379700450226665e-02 -1.239107344299554825e-01
-5.179933662293478847e-02 -1.295434851199388504e-01
-5.086365813622251153e-02 -1.295615661892952630e-01
-5.059741492732428014e-02 -1.356632424522103975e-01
-5.300157665624283254e-02 -1.399764226753177354e-01
-4.522686134441755712e-02 -1.403978316757275024e-01
-4.590412086690776050e-02 -1.426804015591187635e-01
-4.418139645713381469e-02 -1.456038876149250427e-01
-4.741740642930381000e-02 -1.469343670123635093e-01
-5.170977624948136508e-02 -1.440099449773697415e-01
-4.674947771127335727e-02 -1.450348825837863842e-01
-5.323128166492097080e-02 -1.499999999999999944e-01
-5.468049165210686624e-02 -1.429188108071684782e-01
-5.007063256925903261e-02 -1.409742545569315497e-01
-5.320899709477089345e-02 -1.362975241849198882e-01
-5.536470920196734369e-02 -1.426987235667183940e-01
-6.120447753346525133e-02 -1.444003026466816608e-01
-5.221057063317857683e-02 -1.411106270737945978e-01
-5.097811468294821680e-02 -1.423038702690973822e-01
-5.423549292027018964e-02 -1.425090431643184219e-01
-5.394721505581401289e-02 -1.411823093134444151e-01
-4.911764393909834325e-02 -1.419139902631286476e-01
-4.728179713129065931e-02 -1.410281520278658662e-01
-5.227546588866971433e-02 -1.462524823786225114e-01
-5.146842022077180445e-02 -1.482211469614412580e-01
-4.723690068931318820e-02 -1.497371618810575400e-01
-4.751308597042225301e-02 -1.499999999999999944e-01
-5.011193788959644735e-02 -1.456347085535526220e-01
-4.529155659838579595e-02 -1.419327702373266165e-01
-5.023598819389007986e-02 -1.417098202568013166e-01
-5.073180820909328759e-02 -1.351068917487282250e-01
-5.122315968037582934e-02 -1.361444643756840323e-01
-5.571506582782603800e-02 -1.432779808586928938e-01
-5.750885329325683415e-02 -1.453221645264420603e-01
-5.211337891523726285e-02 -1.469021847064141129e-01
-5.331563731306232512e-02 -1.499999999999999944e-01
-5.227973012370057404e-02 -1.499999999999999944e-01
-4.960643805679865181e-02 -1.487616980215534512e-01
