-6.126715866465196059e-02 -1.290337603126686661e-01
-9.927929379045963287e-03 -9.942702017724514008e-03
-1.989430096000432968e-02 -1.979138422757387161e-02
-2.952464669942855835e-02 -2.977906353771686554e-02
-3.874310292303562164e-02 -3.975540306419134140e-02
-4.824297223240137100e-02 -4.974422324448823929e-02
-5.680970009416341782e-02 -5.952753406018018723e-02
-6.477051135152578354e-02 -6.950176600366830826e-02
-7.351962011307477951e-02 -7.936265971511602402e-02
-6.665538251399993896e-02 -8.932733163237571716e-02
-7.093786634504795074e-02 -9.928140323609113693e-02
-6.630135467275977135e-02 -1.090327044948935509e-01
-7.290952373296022415e-02 -1.184938242658972740e-01
-6.754246912896633148e-02 -1.278823614120483398e-01
-7.040191139094531536e-02 -1.369827091693878174e-01
-6.526058423332870007e-02 -1.380502247484400868e-01
-5.879824305884540081e-02 -1.464765901910141110e-01
-6.198204169049859047e-02 -1.457561131101101637e-01
-6.471935682930052280e-02 -1.426088793668895960e-01
-6.676279543898999691e-02 -1.408262141048908234e-01
-6.803967477753758430e-02 -1.439959020353853703e-01
-6.897579669021070004e-02 -1.436175484559498727e-01
-7.036694826092571020e-02 -1.474718779209069908e-01
-7.425715739373117685e-02 -1.429824178921990097e-01
-7.111617398913949728e-02 -1.455268889549188316e-01
-6.670322024729102850e-02 -1.421580546884797513e-01
-7.192885538097470999e-02 -1.396535091917030513e-01
-6.500953843351453543e-02 -1.469758145394735038e-01
-7.004107988905161619e-02 -1.395128552685491741e-01
-6.893980305176228285e-02 -1.413906316156499088e-01
-6.837604922475293279e-02 -1.387800115044228733e-01
-7.453217200236395001e-02 -1.438005596282891929e-01
-6.895181705476716161e-02 -1.421605259529314935e-01
-7.329345337348058820e-02 -1.472025187104009092e-01
-7.022248260909691453e-02 -1.461037047556601465e-01
-6.687950604828074574e-02 -1.442182894679717720e-01
-6.504451268119737506e-02 -1.381047379109077156e-01
-7.183598325354978442e-02 -1.337816917221061885e-01
-7.496544107561931014e-02 -1.368892101454548538e-01
-6.818825978552922606e-02 -1.439713278668932617e-01
-6.994873838266357780e-02 -1.452150192926637828e-01
-7.445561367785558105e-02 -1.446078780572861433e-01
-6.882102828240022063e-02 -1.409766629803925753e-01
-6.382117880275472999e-02 -1.422512009739875793e-01
-6.885679805418476462e-02 -1.426372155547142029e-01
-6.375527469208464026e-02 -1.349802766926586628e-01
-6.846276944270357490e-02 -1.388548461254686117e-01
-6.983975466573610902e-02 -1.389968875737395138e-01
-6.500363914528861642e-02 -1.371231213852297515e-01
-6.665831763530150056e-02 -1.437637814960908145e-01
-6.705228047212585807e-02 -1.466901697858702391e-01
