-7.609689179244770452e-02 -1.148788336788548192e-01
-9.782447479665279388e-03 -9.916443377733230591e-03
-1.632149657234549522e-02 -1.989277452230453491e-02
-2.566909370943903923e-02 -2.961036749184131622e-02
-3.472956502810120583e-02 -3.950057830661535263e-02
-4.445008980110287666e-02 -4.926327336579561234e-02
-5.434541637077927589e-02 -5.918649304658174515e-02
-6.410059565678238869e-02 -6.912934128195047379e-02
-6.804497214034199715e-02 -7.910759560763835907e-02
-7.297995546832680702e-02 -8.904419466853141785e-02
-6.979737151414155960e-02 -9.852662310004234314e-02
-6.877652043476700783e-02 -1.071013277396559715e-01
-6.694640510249882936e-02 -1.159025151282548904e-01
-6.101698533166199923e-02 -1.220652395859360695e-01
-6.485399615485221148e-02 -1.275749108754098415e-01
-6.281232263427227736e-02 -1.234365520067512989e-01
-5.904884019400924444e-02 -1.319878664799034595e-01
-6.714079936500638723e-02 -1.252506799064576626e-01
-6.659234128892421722e-02 -1.267181080766022205e-01
-7.061272813007235527e-02 -1.214778991416096687e-01
-6.978054001228883862e-02 -1.230126572772860527e-01
-7.434227672638371587e-02 -1.268891077488660812e-01
-6.972905836300924420e-02 -1.213647741824388504e-01
-7.350133132422342896e-02 -1.203167648054659367e-01
-7.328142476035282016e-02 -1.234162931796163321e-01
-7.715068169636651874e-02 -1.260231344494968653e-01
-7.749493309529498219e-02 -1.243194573326036334e-01
-7.361911499174311757e-02 -1.240033274225424975e-01
-7.372090303397271782e-02 -1.231468384794425219e-01
-7.642710291838739067e-02 -1.262180981866549700e-01
-8.189116128778550774e-02 -1.204677126079332083e-01
-7.720628975948784500e-02 -1.218815478205215186e-01
-7.492092963366303593e-02 -1.287718899257015437e-01
-8.155626583902630955e-02 -1.275680644612293690e-01
-8.078220773313660175e-02 -1.229371593508403748e-01
-7.917754696973133832e-02 -1.261829994327854365e-01
-7.485930500843096524e-02 -1.194932819053065032e-01
-7.128293109417427331e-02 -1.171703077561687678e-01
-7.825924079224932939e-02 -1.171921510704123648e-01
-8.401924833015073091e-02 -1.261459198303782614e-01
-9.186611320183146745e-02 -1.271913692344242008e-01
-8.404339473054278642e-02 -1.275770077063498320e-01
-8.115968383208382875e-02 -1.263953278121334733e-01
-7.894843626127112657e-02 -1.291432067100686254e-01
-8.378141089633572847e-02 -1.229107448180002393e-01
-7.758967946574557573e-02 -1.254282131139916601e-01
-8.366626915812958032e-02 -1.262833895325456979e-01
-7.929043141484726220e-02 -1.289091422386263730e-01
-7.431835863098967820e-02 -1.313724697265570285e-01
-7.715858794108498842e-02 -1.296184146940504434e-01
-7.123594400763977319e-02 -1.265599169000779511e-01
