-9.938630940187276330e-02 -6.106171340594293562e-02
-9.866398759186267853e-03 -9.552173316478729248e-03
-1.982255000621080399e-02 -1.952744089066982269e-02
-2.882373984903097153e-02 -2.919985819607973099e-02
-3.875905647873878479e-02 -3.894690517336130142e-02
-4.872671328485012054e-02 -4.835859965533018112e-02
-5.855969805270433426e-02 -5.700528621673583984e-02
-6.792880315333604813e-02 -6.317563541233539581e-02
-7.286596298217773438e-02 -5.556039838120341301e-02
-8.278601430356502533e-02 -6.259406590834259987e-02
-9.230046533048152924e-02 -6.468746322207152843e-02
-1.009240206331014633e-01 -6.320732738822698593e-02
-1.024471212876960635e-01 -6.198128254618495703e-02
-1.056524122832342982e-01 -5.941082525532692671e-02
-1.023952617542818189e-01 -5.241964512970298529e-02
-1.082878183806315064e-01 -5.322359851561486721e-02
-1.039444460766389966e-01 -5.798606085591018200e-02
-1.073527421103790402e-01 -5.483314092271029949e-02
-1.096334465546533465e-01 -5.667469487525522709e-02
-1.022984598530456424e-01 -5.910784052684903145e-02
-1.031495628994889557e-01 -6.060060719028115273e-02
-1.025602613226510584e-01 -5.539927585050463676e-02
-1.081073959940113127e-01 -5.338428355753421783e-02
-1.028776798048056662e-01 -6.002051057294011116e-02
-1.023398623219691217e-01 -5.636673397384583950e-02
-1.041763309040106833e-01 -5.385211063548922539e-02
-1.030152408056892455e-01 -5.234881711658090353e-02
-1.074069641181267798e-01 -5.448507901746779680e-02
-1.059156726696528494e-01 -5.642996006645262241e-02
-1.072274755570106208e-01 -6.096451706252992153e-02
-9.991938591701909900e-02 -5.727480119094252586e-02
-9.935569047229364514e-02 -5.764260236173868179e-02
-1.079940174822695553e-01 -5.699567979900166392e-02
-1.075340973329730332e-01 -6.051653804024681449e-02
-1.023862336878664792e-01 -6.145524320891126990e-02
-1.095571069163270295e-01 -5.553807824617251754e-02
-1.117968783364631236e-01 -5.191210837801918387e-02
-1.131701084668748081e-01 -5.383255326887592673e-02
-1.118018981651403010e-01 -5.816106678685173392e-02
-1.071076226071454585e-01 -6.528533383971080184e-02
-1.082263897988013923e-01 -6.024871388217434287e-02
-1.118171165580861270e-01 -5.940540711162611842e-02
-1.111474822391755879e-01 -5.801023409003391862e-02
-1.162678592954762280e-01 -6.428879877785220742e-02
-1.079119204659946263e-01 -5.653217114740982652e-02
-1.071215283009223640e-01 -5.838853685418143868e-02
-1.149986518430523574e-01 -6.344184424960985780e-02
-1.091299286927096546e-01 -6.009394914144650102e-02
-1.075831774505786598e-01 -6.190650485223159194e-02
-1.027767282794229686e-01 -6.043790007242932916e-02
-1.109806100721471012e-01 -6.257597525836899877e-02
