-9.549009372612292379e-02 -2.030754304244490951e-02
-9.930921718478202820e-03 -5.848734173923730850e-03
-1.992484275251626968e-02 -1.528235012665390968e-02
-2.991984970867633820e-02 -2.434261748567223549e-02
-3.975865617394447327e-02 -2.499168942449614406e-02
-4.962627962231636047e-02 -2.534086236846633255e-02
-5.929550062865018845e-02 -2.274761561420746148e-02
-6.916567869484424591e-02 -2.870136572164483368e-02
-7.886493299156427383e-02 -2.542477802489884198e-02
-8.832972310483455658e-02 -2.807346641202457249e-02
-9.772074408829212189e-02 -2.352676590089686215e-02
-1.045350856147706509e-01 -2.734559614327736199e-02
-1.111243795603513718e-01 -3.037786672939546406e-02
-1.153137991204857826e-01 -2.214986181934364140e-02
-1.104144807904958725e-01 -2.126628256519325078e-02
-1.139639194589108229e-01 -2.919346376438625157e-02
-1.125339790014550090e-01 -2.289704515715129673e-02
-1.180181008530780673e-01 -2.810614372720010579e-02
-1.090849078027531505e-01 -2.713399796630255878e-02
-1.107026678510010242e-01 -2.389551789383403957e-02
-1.164362109266221523e-01 -3.233432114939205348e-02
-1.151674616849049926e-01 -3.440643238718621433e-02
-1.115912330569699407e-01 -3.002020993153564632e-02
-1.068903199629858136e-01 -2.520363262738101184e-02
-1.157412288011983037e-01 -2.765857867780141532e-02
-1.149643943062983453e-01 -2.429989280062727630e-02
-1.073673404171131551e-01 -1.802309948834590614e-02
-1.099746091640554368e-01 -1.901335138245485723e-02
-1.098868174813105725e-01 -2.083814513753168285e-02
-1.108061046907096170e-01 -2.502620682935230434e-02
-1.068746135206311010e-01 -2.599586828728206456e-02
-1.051796612664475106e-01 -2.180206638877280056e-02
-1.059697988894185983e-01 -2.823605996672995389e-02
-1.102141380761167966e-01 -2.344259715755470097e-02
-1.142870985422632657e-01 -2.769394128699786961e-02
-1.131774306049919687e-01 -2.185959790949709713e-02
-1.159339391379035078e-01 -2.539289908600039780e-02
-1.090947210541344248e-01 -2.320981470984406769e-02
-1.133373773409402929e-01 -2.468636122648604214e-02
-1.107801748657948337e-01 -2.825984431547112763e-02
-1.131298060281551443e-01 -2.868428837973624468e-02
-1.155073845511651598e-01 -2.607360493857413530e-02
-1.141589844119152986e-01 -2.505061158444732428e-02
-1.077238383222720586e-01 -1.975409302394837141e-02
-1.127610426847240888e-01 -2.480433497112244368e-02
-1.158926283460459672e-01 -2.819218311924487352e-02
-1.138680732328793965e-01 -2.075941499788314104e-02
-1.088322686482570134e-01 -2.330030023586004972e-02
-1.124582075499347411e-01 -2.631899889092892408e-02
-1.129555069710477255e-01 -2.291057293768972158e-02
-1.098183000794961117e-01 -2.151735732331871986e-02
