-8.796402223008417676e-02 -2.436034720544405507e-03
-9.954937733709812164e-03 9.232195094227790833e-03
-1.995221152901649475e-02 1.434846315532922745e-02
-2.991852536797523499e-02 9.724327828735113144e-03
-3.974116221070289612e-02 1.073870470281690359e-02
-4.968636482954025269e-02 1.214013388380408287e-02
-5.953353922814130783e-02 1.234676410967949778e-02
-6.902442499995231628e-02 1.179556602437514812e-02
-7.813347876071929932e-02 4.831961894524283707e-03
-8.376931305974721909e-02 5.140008215676061809e-03
-8.873762283474206924e-02 6.149720444227568805e-03
-8.692090550903230906e-02 1.065750284760724753e-02
-9.425582096446305513e-02 1.212019838567357510e-02
-8.810022065881639719e-02 9.922996090608648956e-03
-8.665453270077705383e-02 1.323398521344643086e-02
-8.975017862394452095e-02 8.246753757703118026e-03
-8.574157068505883217e-02 4.819365145522169769e-03
-9.002755582332611084e-02 1.103713775228243321e-02
-9.355668001808226109e-02 1.081947947386652231e-02
-8.743158145807683468e-02 9.943635144736617804e-03
-8.626487536821514368e-02 1.102157199056819081e-02
-8.547070308122783899e-02 5.724758200813084841e-03
-8.248715440277010202e-02 1.047018432291224599e-02
-8.508056250866502523e-02 1.226982375374063849e-02
-7.927330338861793280e-02 7.082223834004253149e-03
-8.141219348181039095e-02 1.081507554044947028e-02
-8.831392892170697451e-02 1.467529282672330737e-02
-8.855557568313088268e-02 8.115931123029440641e-03
-8.304964551643934101e-02 1.346984895644709468e-02
-8.508360559062566608e-02 1.151812466559931636e-02
-8.979358650685753673e-02 1.611453684745356441e-02
-9.038059685553889722e-02 8.852429396938532591e-03
-8.253104046161752194e-02 1.192000735318288207e-02
-7.535658350388985127e-02 1.000415795715525746e-02
-8.199835142295341939e-02 1.228589523816481233e-02
-8.138344610051717609e-02 1.009981386596336961e-02
-8.146612727432511747e-02 8.827275538351386786e-03
-8.486410448676906526e-02 1.624653855105862021e-02
-8.315103963832370937e-02 1.014481106540188193e-02
-7.799792147125117481e-02 4.775113833602517843e-03
-8.419871839578263462e-02 1.216644508531317115e-02
-8.208444036426953971e-02 1.788140734424814582e-02
-8.840039113420061767e-02 1.102173834806308150e-02
-8.129049159470014274e-02 8.709405956324189901e-03
-8.259349557920359075e-02 1.654509681975468993e-02
-8.693634494557045400e-02 7.195619342382997274e-03
-7.905584535910747945e-02 6.112552888225764036e-03
-8.511380208074115217e-02 9.257859026547521353e-03
-8.431078211287967861e-02 1.600222935667261481e-02
-9.231190566788427532e-02 8.371359144803136587e-03
-9.078742630663327873e-02 6.200321891810745001e-03
