-2.762358256203129026e-02 4.610898858295535419e-02
-9.790813550353050232e-03 9.877013973891735077e-03
-1.831215061247348785e-02 1.976329740136861801e-02
-2.708587981760501862e-02 2.609655773267149925e-02
-3.398515377193689346e-02 3.523785015568137169e-02
-4.134895233437418938e-02 3.485058984369970858e-02
-4.459629324264824390e-02 3.300413457327522337e-02
-4.393557814182713628e-02 3.735395395779050887e-02
-4.100097931222990155e-02 3.444708851748146117e-02
-3.447708190651610494e-02 3.279160594684071839e-02
-3.981978102819994092e-02 3.263551807322073728e-02
-3.530575690092518926e-02 3.957441421516705304e-02
-3.726207074942067266e-02 3.526712414168287069e-02
-3.373060893500223756e-02 3.785028560378123075e-02
-3.418377111665904522e-02 3.415601253800559789e-02
-3.807313391007483006e-02 3.520808690518606454e-02
-3.275477723218500614e-02 3.196009989187587053e-02
-3.764303610660135746e-02 3.877660720900166780e-02
-3.676930593792349100e-02 3.416967247903812677e-02
-3.539924195501953363e-02 3.633420677215326577e-02
-3.612829378107562661e-02 3.210053402290213853e-02
-3.802839439595118165e-02 3.395589308638591319e-02
-3.519714885624125600e-02 3.752841900859493762e-02
-4.224374919431284070e-02 3.761574696545721963e-02
-3.751183795975521207e-02 3.390923329425277188e-02
-3.528220119187608361e-02 3.454683611198561266e-02
-4.214876896003261209e-02 4.080642277403967455e-02
-4.154471762012690306e-02 3.977086063969181851e-02
-4.275137791410088539e-02 3.496042494225548580e-02
-3.569745225831866264e-02 3.747984645451651886e-02
-4.272232670336961746e-02 4.020554171438561752e-02
-4.050828726030886173e-02 3.628542292426573113e-02
-3.462059306912124157e-02 3.506304260372417048e-02
-3.830660972744226456e-02 3.287799290410475805e-02
-3.979639615863561630e-02 3.916246823064284399e-02
-4.313680855557322502e-02 4.027019307977752760e-02
-4.244040459161624312e-02 3.713401855929987505e-02
-3.994677279843017459e-02 4.108533432736294344e-02
-3.729439963353797793e-02 3.900438297569053248e-02
-4.058348637772724032e-02 4.180753214313881472e-02
-3.763329138746485114e-02 4.080179025913821533e-02
-3.228748211404308677e-02 4.254204798053251579e-02
-2.761668240418657660e-02 4.158193042530911043e-02
-3.093898080987855792e-02 3.931778070545988157e-02
-2.930499223293736577e-02 4.657929536915617064e-02
-3.425119054736569524e-02 4.123653757415013388e-02
-3.954752330901101232e-02 3.963675554405199364e-02
-3.945651297544827685e-02 4.589243670488940552e-02
-3.457402504136553034e-02 4.533922632253961638e-02
-3.508351780328666791e-02 4.041373363725142553e-02
-3.496932722919154912e-02 3.973169677919941023e-02
