-4.373908365906099133e-02 3.992715140971420107e-02
-9.635627269744873047e-03 9.994187392294406891e-03
-1.937131676822900772e-02 1.987545937299728394e-02
-2.723679412156343460e-02 2.973102498799562454e-02
-3.627711348235607147e-02 3.565893555060029030e-02
-3.658527007792145014e-02 3.556563580787042156e-02
-4.442315979395061731e-02 3.589612208452308550e-02
-3.701573063153773546e-02 3.572003744920948520e-02
-3.686935236328281462e-02 4.042720111465314403e-02
-4.053903618478216231e-02 3.431445887690642849e-02
-4.267787552089430392e-02 3.926913408940890804e-02
-4.074922428117133677e-02 4.048381237225839868e-02
-3.500986463041044772e-02 4.429090632038423792e-02
-3.738510972470976412e-02 4.309240895236143842e-02
-3.102108874008990824e-02 3.667487789789447561e-02
-3.768274319008924067e-02 4.116610697383293882e-02
-4.139069016673602164e-02 3.850322476500878111e-02
-4.543591258698143065e-02 3.567866565572330728e-02
-4.657359470729716122e-02 3.996308570640394464e-02
-4.424146658857353032e-02 3.363036041992017999e-02
-4.155713462387211621e-02 3.789036165835568681e-02
-4.374068815377540886e-02 4.140444033691892400e-02
-4.423749641864560544e-02 4.005712262733140960e-02
-4.286825502640567720e-02 3.507079502014676109e-02
-4.664726564078591764e-02 2.974448019085684791e-02
-4.179975725128315389e-02 3.709325838281074539e-02
-4.549847086309455335e-02 3.538730790751287714e-02
-4.330678060068748891e-02 3.008481630968162790e-02
-4.516112871351651847e-02 3.439407240512082353e-02
-3.817080680164508522e-02 3.107885251665720716e-02
-4.187707250821404159e-02 3.618566625664243475e-02
-3.823436817037872970e-02 3.545644877158338204e-02
-4.714483043062500656e-02 3.978498790092999116e-02
-4.392015255871228874e-02 4.141290390543872491e-02
-4.465166424051858485e-02 3.935076852940255776e-02
-4.431082701194100082e-02 3.441262382693821564e-02
-5.290760865318588912e-02 3.530859607417369261e-02
-4.558763021486811340e-02 3.824535021703923121e-02
-4.225348957697860897e-02 3.586750463728094473e-02
-4.483645499567501247e-02 3.312901090976083651e-02
-4.844545290688984096e-02 3.750309543829644099e-02
-4.654002838651649654e-02 3.791474059835309163e-02
-4.947559276479296386e-02 3.237220433220500126e-02
-5.233147784019820392e-02 3.768655073508853093e-02
-4.860121427918784320e-02 3.749396812781924382e-02
-4.800150930532254279e-02 3.684779178729513660e-02
-4.117549039074219763e-02 3.130552513903239742e-02
-4.181638275622390211e-02 3.199016911821672693e-02
-4.618285092874430120e-02 3.746950816275784746e-02
-5.207709371461533010e-02 3.540576602244982496e-02
-4.693460519774816930e-02 3.657516735984245315e-02
