-7.555059036190227284e-02 1.551418392965023263e-02
-9.882798418402671814e-03 6.556317675858736038e-03
-1.965669076889753342e-02 1.290769688785076141e-02
-2.928474079817533493e-02 2.125523518770933151e-02
-3.898064885288476944e-02 2.487912843935191631e-02
-4.804083425551652908e-02 2.346934506203979254e-02
-5.738139059394598007e-02 3.045939363073557615e-02
-6.484236847609281540e-02 3.030549324466846883e-02
-7.287901267409324646e-02 3.480767048313282430e-02
-8.005180256441235542e-02 3.393541552941314876e-02
-7.708188565447926521e-02 3.188834173488430679e-02
-7.764888019300997257e-02 3.228686552029103041e-02
-7.902234408538788557e-02 2.985257504042237997e-02
-8.308635686989873648e-02 3.428276756312698126e-02
-7.972729776520282030e-02 3.522235015407204628e-02
-8.008801375399343669e-02 2.995820203796029091e-02
-7.336762963677756488e-02 3.313298127613961697e-02
-7.565468896063975990e-02 3.495053900405764580e-02
-7.015025263535790145e-02 3.914715070277452469e-02
-7.599209874751977623e-02 3.548116819001734257e-02
-7.371753195184282959e-02 3.104582685045897961e-02
-7.635997023317031562e-02 3.267252701334655285e-02
-6.963495464879088104e-02 3.622624767012894154e-02
-7.711840953561477363e-02 3.070587967522442341e-02
-7.557529417681507766e-02 2.312403987161815166e-02
-7.498388379462994635e-02 2.262889873236417770e-02
-7.231095168390311301e-02 3.085080347955226898e-02
-7.278536172816529870e-02 3.493136493489146233e-02
-7.715184526750817895e-02 2.758742356672883034e-02
-7.380323490360751748e-02 2.642060362268239260e-02
-7.571931794518604875e-02 2.834145270753651857e-02
-7.851617765845730901e-02 3.024334274232387543e-02
-8.148204517783597112e-02 2.568979607895016670e-02
-8.646033826516941190e-02 3.159529762342572212e-02
-8.268215489806607366e-02 2.870885445736348629e-02
-8.231343579245731235e-02 2.540352242067456245e-02
-8.193097068578936160e-02 3.248752467334270477e-02
-7.915266943746246397e-02 2.474590949714183807e-02
-8.317802022793330252e-02 2.625261235516518354e-02
-8.133629153599031270e-02 3.175375040154904127e-02
-7.618050885503180325e-02 2.509042981546372175e-02
-8.155243707005865872e-02 2.677447441965341568e-02
-8.072399572120048106e-02 2.755426411749795079e-02
-8.411848978721536696e-02 2.736370330967474729e-02
-8.932542815455235541e-02 2.430548025586176664e-02
-8.338539130636490881e-02 2.507861926278565079e-02
-8.668581364327110350e-02 2.685664956516120583e-02
-8.162616626941598952e-02 2.964448150305543095e-02
-8.829345056437887251e-02 2.592969372926745564e-02
-8.816433259926270694e-02 2.082723299099598080e-02
-8.447676016658078879e-02 2.300606401695404202e-02
