-6.065297323812375574e-02 2.950608050567858631e-02
-9.987011551856994629e-03 9.585478343069553375e-03
-1.987954787909984589e-02 1.826624758541584015e-02
-2.926037646830081940e-02 2.540128584951162338e-02
-3.887269366532564163e-02 2.914046403020620346e-02
-4.878427367657423019e-02 3.310177801176905632e-02
-5.737825669348239899e-02 3.056274168193340302e-02
-6.416216399520635605e-02 3.007390967104583979e-02
-6.639960664324462414e-02 3.343419532757252455e-02
-6.514471070840954781e-02 2.866059436928480864e-02
-6.364866159856319427e-02 3.445927740540355444e-02
-6.750225555151700974e-02 3.800230484921485186e-02
-6.069925334304571152e-02 3.683213458862155676e-02
-6.200441741384565830e-02 3.001631691586226225e-02
-6.315179134253412485e-02 3.361947357188910246e-02
-6.551904522348195314e-02 2.649173501413315535e-02
-6.073254451621323824e-02 2.757227781694382429e-02
-6.473090138752013445e-02 2.261266938876360655e-02
-6.371318548917770386e-02 2.872715226840227842e-02
-6.011526682414114475e-02 2.478025981690734625e-02
-5.923189379973337054e-02 2.829911641310900450e-02
-6.527228484628722072e-02 3.240638913121074438e-02
-6.035468977643176913e-02 2.695507497992366552e-02
-5.682936724042519927e-02 3.123164491262286901e-02
-5.840767076006159186e-02 2.549035276751965284e-02
-6.221366458339616656e-02 3.155036398675292730e-02
-5.797148513374850154e-02 3.372190298978239298e-02
-5.494404601631686091e-02 2.688595850486308336e-02
-5.985178815899416804e-02 2.455913752783089876e-02
-5.573203432140871882e-02 2.940404613036662340e-02
-5.694586556637659669e-02 2.775066043250262737e-02
-5.617328092921525240e-02 2.750556793762370944e-02
-6.030252866912633181e-02 3.491972497431561351e-02
-6.026225380992400460e-02 2.986494282959029078e-02
-5.698817556185531430e-02 2.554651553509756923e-02
-6.139443076608586125e-02 2.588223034399561584e-02
-6.176266468173707835e-02 2.925990146468393505e-02
-6.116753017340670340e-02 2.901713890605606139e-02
-6.139058922053663991e-02 3.105465220869518816e-02
-6.057035183403058909e-02 2.949529097531922162e-02
-6.015147780635743402e-02 2.690817651455290616e-02
-6.108917266465141438e-02 3.321514514391310513e-02
-6.282786099109216593e-02 3.138211523764766753e-02
-6.757533788550063036e-02 3.285198009689338505e-02
-6.805869875461212359e-02 3.323120271670632064e-02
-6.543823549509397708e-02 3.152409239555709064e-02
-6.576535530257388018e-02 3.010989419999532402e-02
-6.304065655785962008e-02 3.619069533306173980e-02
-6.122632702681585215e-02 3.229492271202616394e-02
-6.037337740053771995e-02 2.730984913068823516e-02
-6.080134529838687740e-02 2.889347061864100397e-02
