-7.521284987133863842e-02 1.590164803881218003e-02
-9.805924259126186371e-03 9.888650849461555481e-03
-1.956435479223728180e-02 1.813717279583215714e-02
-2.926695346832275391e-02 2.307498129084706306e-02
-3.915356099605560303e-02 3.086437610909342766e-02
-4.820109624415636063e-02 3.005404560826718807e-02
-5.508249532431364059e-02 2.155559300445020199e-02
-5.952826701104640961e-02 2.538782358169555664e-02
-5.346349673345685005e-02 3.438967932015657425e-02
-6.173231499269604683e-02 2.859719144180417061e-02
-5.596187524497509003e-02 2.496821526437997818e-02
-5.509507114766165614e-02 3.050052747130393982e-02
-5.942250852240249515e-02 3.308686823584139347e-02
-6.077656504930928349e-02 2.522875205613672733e-02
-5.911012884462252259e-02 2.515570120158372447e-02
-5.330460338154807687e-02 1.859469338523922488e-02
-6.191445613512769341e-02 2.329818158614216372e-02
-5.461695935809984803e-02 2.833579433354316279e-02
-5.152985482709482312e-02 2.061849133315263316e-02
-4.950471903430297971e-02 2.401856541837332770e-02
-5.295002722414210439e-02 2.045045140403090045e-02
-4.553056537406519055e-02 1.804968294891295955e-02
-4.451619804603978992e-02 2.654769596847472712e-02
-5.127133586211130023e-02 2.167975668999133632e-02
-4.465900053037330508e-02 1.862761680240510032e-02
-5.236059165326878428e-02 2.661763806099770591e-02
-5.310004804050549865e-02 2.134260185266612098e-02
-4.748839227249845862e-02 1.737632066215155646e-02
-5.274833453586325049e-02 2.316691655869362876e-02
-5.612128385109826922e-02 1.667557260225294158e-02
-5.842054373351857066e-02 1.815109629387734458e-02
-5.371388670755550265e-02 2.606204360927222297e-02
-5.571979162050411105e-02 2.812186092342017218e-02
-5.035004037199541926e-02 2.029390841926215217e-02
-5.102560354862362146e-02 2.282223966176388785e-02
-5.797134677413851023e-02 2.976457378099439666e-02
-6.423443381208926439e-02 2.201978186349151656e-02
-5.719140975270420313e-02 2.482583256642101333e-02
-5.205964541528373957e-02 2.238439534994540736e-02
-5.058694223407655954e-02 2.466521830501733348e-02
-5.866972787771373987e-02 2.832488272542832419e-02
-5.955481989076361060e-02 2.178230252320645377e-02
-5.298479547491297126e-02 2.748039433936355636e-02
-5.113111255923286080e-02 3.568227471987484023e-02
-5.458994494983926415e-02 2.643923809955595061e-02
-5.621797958156093955e-02 2.351354248094139621e-02
-6.126609811326488853e-02 2.915296656283317134e-02
-6.001845368882641196e-02 2.903684181364951655e-02
-5.636264703935012221e-02 2.921411675197305158e-02
-5.348457017680630088e-02 3.110519925394328311e-02
-5.926094477763399482e-02 3.523201717325719073e-02
