-9.494442394066518465e-02 -1.860642800547786940e-02
-9.645670652389526367e-03 -1.950999489054083824e-03
-1.959276851266622543e-02 -3.246901556849479675e-03
-2.945138979703187943e-02 1.072051003575325012e-03
-3.938934206962585449e-02 -3.232200630009174347e-03
-4.525218950584530830e-02 -9.189813863486051559e-04
-5.517310975119471550e-02 -5.781930231023579836e-04
-6.449856190010905266e-02 -3.779215068789198995e-03
-7.424711761996150017e-02 -5.845993582624942064e-04
-8.310794131830334663e-02 -2.209450496593490243e-03
-8.173156878910958767e-02 -2.327675712876953185e-03
-8.193357607524376363e-02 -2.135159869794733822e-03
-8.871906988497357816e-02 -6.800509945605881512e-03
-8.333004957239609212e-02 -2.974292452563531697e-03
-8.088113546546082944e-02 -8.466886079986579716e-03
-8.498805521230679005e-02 -2.693712434847839177e-03
-8.165990949783008546e-02 -5.017119416152127087e-03
-8.184774935944005847e-02 -2.699275923077948391e-03
-8.398964389925822616e-02 -4.612682692823000252e-03
-9.214483987307175994e-02 -1.152596276369877160e-03
-8.784335752716287971e-02 -7.192438308265991509e-03
-7.974877388915047050e-02 -6.031639015418477356e-03
-8.317727822577580810e-02 -7.933327724458649755e-04
-8.474486839259043336e-02 -4.036138838273473084e-03
-8.262865553842857480e-02 -2.453138426062650979e-03
-8.135193720227107406e-02 6.014582395437173545e-03
-8.813465473940595984e-02 1.529440443846397102e-03
-8.643601537914946675e-02 -1.123916896176524460e-03
-8.292736188741400838e-02 -2.212247069110162556e-03
-8.140381710836663842e-02 3.324393459479324520e-03
-8.832822326803579926e-02 -3.482697255094535649e-03
-8.039646182442083955e-02 -9.088963459362275898e-03
-7.419824885437265038e-02 1.855546579463407397e-04
-8.213951537618413568e-02 4.038255705381743610e-03
-7.700239639962092042e-02 -1.773974348907358944e-03
-8.296022569993510842e-02 -1.174280085251666605e-03
-8.383506332756951451e-02 5.472393575473688543e-03
-7.797785924049094319e-02 -1.724309884593822062e-03
-7.637952378718182445e-02 -1.895260211313143373e-04
-8.366593922255560756e-02 -5.109609119244851172e-03
-8.259680593619123101e-02 3.544780411175452173e-03
-7.924597343662753701e-02 -3.817188568064011633e-03
-7.579060393618419766e-02 -8.149349741870537400e-04
-8.119952987181022763e-02 -5.022320212447084486e-03
-8.636017079697921872e-02 -3.470199779258109629e-03
-8.346550218993797898e-02 4.449853076948784292e-03
-8.457873150473460555e-02 6.395088727003894746e-03
-8.033954672282561660e-02 6.610584547161124647e-03
-8.429438195889815688e-02 1.085063219943549484e-02
-8.484944363590329885e-02 3.101139431237243116e-03
-9.024168446194380522e-02 1.192492651171050966e-03
