-7.702475738027352026e-02 1.377449921802600952e-02
-9.863147512078285217e-03 9.480980224907398224e-03
-1.961257308721542358e-02 1.930475048720836639e-02
-2.908822521567344666e-02 2.602380188181996346e-02
-3.839870356023311615e-02 3.425091644749045372e-02
-4.796429909765720367e-02 4.211387550458312035e-02
-5.444136774167418480e-02 3.608004376292228699e-02
-5.985525343567132950e-02 4.082609573379158974e-02
-6.275846576318144798e-02 3.306305129081010818e-02
-6.299775575462263077e-02 3.082427335903048515e-02
-6.711937642830889672e-02 3.568209568038582802e-02
-6.470189795072656125e-02 3.819226170890033245e-02
-6.671178193937521428e-02 3.650176490191370249e-02
-6.628024550445843488e-02 4.304179840255528688e-02
-6.780770090699661523e-02 3.413579717744141817e-02
-6.524201315187383443e-02 3.353409667033702135e-02
-6.748629915819037706e-02 3.717230923939496279e-02
-6.807705330720636994e-02 3.125902928877621889e-02
-6.775160478719044477e-02 3.711419238243252039e-02
-6.366883702867198735e-02 3.811792982742190361e-02
-5.816156342916656286e-02 3.838916076347231865e-02
-5.803766325698234141e-02 3.569332510232925415e-02
-6.035511443042196333e-02 3.429550619330257177e-02
-5.612748689600266516e-02 3.586779325269162655e-02
-6.097411285736598074e-02 4.153214278630912304e-02
-6.210437664412893355e-02 3.549691638909280300e-02
-6.709504235186614096e-02 3.835558728314936161e-02
-6.229121811338700354e-02 3.580454783514142036e-02
-5.913680201047100127e-02 3.219417645595967770e-02
-6.274632448912598193e-02 3.222245647521049250e-02
-6.585411299602128565e-02 3.780742566050321329e-02
-6.204032889218069613e-02 3.945037519042671192e-02
-6.456187475123442709e-02 4.312239546743512619e-02
-6.039477340527810156e-02 3.735305933696508873e-02
-6.172372508444823325e-02 3.154231707048893441e-02
-5.805221843183971941e-02 3.395267768246412743e-02
-6.351901582092978060e-02 2.906251611602783669e-02
-6.222105320193804801e-02 2.965180459614202846e-02
-6.784902574145235121e-02 3.192275576475367416e-02
-6.099033975624479353e-02 3.180370145310007501e-02
-6.066471958183683455e-02 3.102014892101578880e-02
-5.958036801894195378e-02 2.739307892807119060e-02
-6.020567021914757788e-02 2.453920737207226921e-02
-5.883539761998690665e-02 2.907520558983378578e-02
-5.870346631854772568e-02 3.125618471131019760e-02
-5.685588088817894459e-02 2.710505089089565445e-02
-5.888936948031187057e-02 3.390560232401185203e-02
-6.010322936344891787e-02 3.696182792373292614e-02
-5.712310934904962778e-02 3.212712847926013637e-02
-5.696931148122530431e-02 3.392785988580726553e-02
-5.960624844010453671e-02 4.046392967757128645e-02
