-4.571323201472889987e-03 4.989546037827582992e-02
6.058663129806518555e-03 9.677219204604625702e-03
1.356637571007013321e-03 1.894814707338809967e-02
-2.180441515520215034e-03 2.818876504898071289e-02
-6.879215827211737633e-03 3.393890708684921265e-02
-1.055875956080853939e-02 3.958238195627927780e-02
-1.241011137608438730e-02 4.579677619040012360e-02
-8.957339567132294178e-03 4.817230859771370888e-02
-3.317443304695188999e-03 4.284045519307255745e-02
-7.785588968545198441e-05 4.340089263860136271e-02
-4.950411734171211720e-03 4.665335838217288256e-02
-9.072185610421001911e-03 4.687936369737144560e-02
-8.693499432411044836e-03 4.153917588701006025e-02
-8.672042953548952937e-03 4.659514453669544309e-02
-1.144363984349183738e-02 4.021611622010823339e-02
-5.821542552439495921e-03 3.927211694826837629e-02
-1.031481122481636703e-02 4.205925621499773115e-02
-5.182408000109717250e-03 4.176099576579872519e-02
-1.172588553163222969e-02 4.076580262335482985e-02
-9.333984664408490062e-03 4.025629018724430352e-02
-9.786581213120371103e-03 4.282376491755712777e-02
-1.300632819766178727e-02 4.185049441002774984e-02
-1.338132962700910866e-02 4.235198047535959631e-02
-1.618755728122778237e-02 3.862524429860059172e-02
-1.646075517055578530e-02 3.959888855752069503e-02
-1.281767644104547799e-02 3.385195725422818214e-02
-1.695992265013046563e-02 4.037553055968601257e-02
-1.803302732878364623e-02 3.690078605723101646e-02
-1.692140186787582934e-02 4.327436287712771446e-02
-9.119468653807416558e-03 4.656786502164322883e-02
-1.106932785478420556e-02 4.248431029554922134e-02
-1.729760903981514275e-02 4.455933517601806670e-02
-1.896420554840005934e-02 4.284919689234811813e-02
-1.652652109623886645e-02 4.446723051660228521e-02
-2.000899860286153853e-02 3.877261113666463643e-02
-1.761760903173126280e-02 4.623546889342833310e-02
-1.568849993054755032e-02 4.539472157193813473e-02
-1.802298080292530358e-02 4.209764664119575173e-02
-1.655042186030186713e-02 4.849298148474190384e-02
-2.353592231520451605e-02 4.170079984760377556e-02
-1.602353077032603323e-02 4.535870942345354706e-02
-2.010835209512151778e-02 4.858886137662921101e-02
-1.797110485495068133e-02 5.059825083299074322e-02
-2.043109750957228243e-02 4.689583637809846550e-02
-1.420160420821048319e-02 5.447307172289583832e-02
-1.431406923074973747e-02 4.979212897887919098e-02
-2.115617813979042694e-02 5.307242520211730152e-02
-1.708751758997095749e-02 4.967935093736741692e-02
-1.704813084143097512e-02 5.100638991279993206e-02
-1.863699637397076003e-02 4.930458137823734432e-02
-2.271017849488998763e-02 4.515569623617921025e-02
