1.362180161738544594e-02 4.906788844371619274e-02
-2.942043356597423553e-04 9.604160673916339874e-03
6.661881692707538605e-03 1.918663922697305679e-02
3.410516306757926941e-03 2.764461468905210495e-02
8.485150523483753204e-03 2.608845906797796488e-02
6.262504728510975838e-03 3.159633476752787828e-02
3.288690699264407158e-03 3.419659088831394911e-02
1.221970072947442532e-02 3.438621232635341585e-02
7.148620905354619026e-03 3.553488673060201108e-02
6.661926337983459234e-03 4.024387765093706548e-02
1.226577389752492309e-02 4.708162238239310682e-02
1.612918236060068011e-02 4.092969847260974348e-02
1.921861612936481833e-02 3.856159755378030241e-02
1.954714261228218675e-02 4.018077554064802825e-02
1.969029627798590809e-02 3.564510794240050018e-02
1.339131560234818608e-02 4.069295825320295990e-02
1.696726040972862393e-02 3.667760195094160736e-02
1.767882065905723721e-02 3.176327070104889572e-02
1.200987085758242756e-02 4.068257866310887039e-02
1.790400002209935337e-02 4.338872732478193939e-02
9.431227706954814494e-03 4.999619882437400520e-02
1.106572536809835583e-02 4.325517613324336708e-02
1.286702418292406946e-02 3.980818527634255588e-02
4.722150057204999030e-03 3.557212275336496532e-02
-1.916273482493124902e-03 4.342736580292694271e-02
6.981888800510205328e-03 4.035144482622854412e-02
1.435313049296382815e-02 4.018059348163660616e-02
1.008905937487725168e-02 3.778740971756633371e-02
6.802147036069072783e-03 4.167666517605539411e-02
1.397134341823402792e-02 4.194658958294894546e-02
1.407263912551570684e-02 3.880126924195792526e-02
1.296618262131232768e-02 3.678370580018963665e-02
7.956443892908282578e-03 4.186829911486711353e-02
1.624455822457093745e-02 3.572621835337486118e-02
8.567098600906319916e-03 3.923385274538304657e-02
8.404824358876794577e-03 4.110403066442813724e-02
1.292234839638695121e-02 4.392770757840480655e-02
8.580585417803376913e-03 4.487664093903731555e-02
8.133630472002550960e-03 4.265872649557422847e-02
1.436563694733195007e-02 4.006948582537006587e-02
1.308354942011646926e-02 3.413393795199226588e-02
9.354979702038690448e-03 3.087886823050212115e-02
5.125842028064653277e-03 3.488549245230387896e-02
1.300738562713377178e-02 4.345810441009234637e-02
7.993454550160095096e-03 3.733670925430487841e-02
1.505578120122663677e-02 4.124069171666633338e-02
1.388555610901676118e-02 4.505707933276426047e-02
1.494206869392655790e-02 4.658884955279063433e-02
1.080933408229611814e-02 4.303314517892431468e-02
1.265510750818066299e-02 4.622122114233206958e-02
7.867866399465128779e-03 5.325369052297901362e-02
