3.486465758501724327e-02 4.372542692076414328e-02
5.829812027513980865e-03 6.847720127552747726e-03
5.233009229414165020e-03 1.612035231664776802e-02
1.324841741006821394e-02 2.578978938981890678e-02
1.197927305474877357e-02 3.360804775729775429e-02
1.438665925525128841e-02 4.125033598393201828e-02
1.654213829897344112e-02 4.961381200700998306e-02
1.522671384736895561e-02 5.099533556494861841e-02
1.685916702263057232e-02 4.767922277096658945e-02
1.979374326765537262e-02 5.199427448678761721e-02
1.794527692254632711e-02 4.834623856004327536e-02
1.651788991875946522e-02 4.337897931691259146e-02
1.986909657716751099e-02 4.694808030035346746e-02
2.218985813669860363e-02 4.776766680879518390e-02
1.599584030918776989e-02 4.905188578413799405e-02
1.796055841259658337e-02 5.041808733949437737e-02
1.247141906060278416e-02 5.298301583388820291e-02
1.205521114752627909e-02 4.760546988109126687e-02
1.214426168007776141e-02 5.112953489879146218e-02
9.319948207121342421e-03 5.378154088975861669e-02
6.938404112588614225e-03 5.070713703753426671e-02
7.596472743898630142e-03 4.859041637973859906e-02
1.294756168499588966e-02 5.373022268759086728e-02
1.310076468507759273e-02 5.262932489858940244e-02
1.604104388388805091e-02 5.408577393973246217e-02
1.880958300898782909e-02 5.349420080892741680e-02
1.289063549484126270e-02 5.440047034062445164e-02
1.935749125550501049e-02 5.735881440341472626e-02
1.325791512499563396e-02 5.502831051126122475e-02
1.320814643986523151e-02 5.566262791398912668e-02
1.612599869258701801e-02 5.387290497310459614e-02
1.642798920511268079e-02 4.894067696295678616e-02
1.244141775532625616e-02 5.620022700168192387e-02
1.544380382983945310e-02 6.087461276911199093e-02
1.111162043525837362e-02 5.464734206907451153e-02
1.333525878726504743e-02 5.178939132019877434e-02
1.480110149714164436e-02 5.291047599166631699e-02
9.376362635521218181e-03 5.954769859090447426e-02
1.069252492743544281e-02 6.341785192489624023e-02
1.690377687918953598e-02 6.048852577805519104e-02
1.015328775974921882e-02 6.465165875852108002e-02
1.292047390597872436e-02 6.686331774108111858e-02
1.640553350443951786e-02 6.838695786427706480e-02
1.679579133633524179e-02 6.306231848429888487e-02
1.326743362005800009e-02 5.786439904477447271e-02
1.889955985825508833e-02 6.047726760152727365e-02
1.375390484463423491e-02 6.330134754534810781e-02
1.593559572938829660e-02 6.889098032843321562e-02
1.774539775215089321e-02 6.791418243665248156e-02
1.224692608229815960e-02 6.256602250505238771e-02
1.412428519688546658e-02 6.642612174618989229e-02
