6.644201669002373911e-02 2.473592454879117164e-02
9.840901009738445282e-03 9.194400161504745483e-03
1.971189770847558975e-02 4.391934722661972046e-03
2.961764391511678696e-02 1.189398858696222305e-02
3.876894153654575348e-02 1.047803263645619154e-02
4.839864838868379593e-02 1.339936221484094858e-02
5.628739297389984131e-02 1.772181468550115824e-02
6.588815338909626007e-02 1.686279970454052091e-02
7.519355043768882751e-02 2.140143216820433736e-02
7.798562874086201191e-02 2.738706377567723393e-02
7.882367837009951472e-02 1.946460158796980977e-02
8.200512517942115664e-02 1.829247566638514400e-02
7.949727837694808841e-02 2.270093531114980578e-02
8.614768058760091662e-02 1.992080075433477759e-02
8.477552334079518914e-02 1.641453680349513888e-02
8.290455146925523877e-02 1.486152474535629153e-02
7.881530915619805455e-02 1.399403577670454979e-02
7.570881402352824807e-02 1.618248946033418179e-02
7.596513425232842565e-02 1.077681756578385830e-02
7.456951058702543378e-02 1.306359749287366867e-02
8.119510562391951680e-02 7.904332131147384644e-03
7.644642499508336186e-02 1.531676063314080238e-02
6.816180312307551503e-02 1.976800663396716118e-02
7.614467648090794683e-02 1.678578369319438934e-02
7.201133697526529431e-02 1.990876649506390095e-02
7.609392359154298902e-02 1.640242431312799454e-02
7.177041360409930348e-02 2.034457400441169739e-02
7.485028571682050824e-02 2.804514113813638687e-02
7.421942602377384901e-02 2.485040016472339630e-02
7.287606550380587578e-02 2.533117122948169708e-02
7.587503152899444103e-02 1.826599985361099243e-02
7.480970164760947227e-02 1.298647699877619743e-02
7.841652398928999901e-02 1.374999101972207427e-02
7.390472944825887680e-02 1.708831585710868239e-02
7.736223982647061348e-02 2.072484273230656981e-02
7.847433735150843859e-02 2.245471131755039096e-02
8.252018981147557497e-02 1.761470100609585643e-02
7.697843026835471392e-02 2.391864889068529010e-02
6.915237579960376024e-02 2.552148693939670920e-02
7.597551599610596895e-02 2.315086004091426730e-02
7.745793112553656101e-02 1.898436312330886722e-02
7.970110420137643814e-02 2.058173174737021327e-02
8.210998424328863621e-02 2.413049078313633800e-02
8.633456728421151638e-02 1.906488108215853572e-02
7.936531235463917255e-02 1.905417370380746434e-02
8.750272658653557301e-02 1.807309673404233763e-02
8.505017659626901150e-02 2.000306288482534001e-02
8.546564719290472567e-02 2.012224713780597085e-02
8.994639283628202975e-02 2.451733019643143052e-02
9.126446014852263033e-02 1.849948507242515916e-02
8.694848456070758402e-02 1.625052010149374837e-02
