8.060799717990262125e-02 9.180662303195051555e-03
9.871123358607292175e-03 9.561548009514808655e-03
1.975632738322019577e-02 1.495232433080673218e-02
2.974676433950662613e-02 1.236090925522148609e-02
3.943690564483404160e-02 1.203388659632764757e-02
4.899709019809961319e-02 1.110713570960797369e-02
5.875774845480918884e-02 1.347918357350863516e-02
6.838730815798044205e-02 1.104813479469157755e-02
7.690095435827970505e-02 4.942153958836570382e-03
7.924566743895411491e-02 6.535729422466829419e-03
7.979538320796564221e-02 3.958802466513589025e-03
7.361899438546970487e-02 7.454608828993514180e-03
8.045039681019261479e-02 1.078933363896794617e-02
8.371631876798346639e-02 8.068703609751537442e-03
8.462715282803401351e-02 4.187630751403048635e-03
8.577823889208957553e-02 7.610310596646741033e-03
8.399912371532991529e-02 9.988528705434873700e-03
8.479198947316035628e-02 1.408592335064895451e-02
8.739385026274248958e-02 1.530563578126020730e-02
8.732078867615200579e-02 1.733762494404800236e-02
8.432630557217635214e-02 1.145361785893328488e-02
8.994686152436770499e-02 1.665315128047950566e-02
8.807979375706054270e-02 1.514644004055298865e-02
8.456157255568541586e-02 9.597598720574751496e-03
8.738582782098092139e-02 1.177413031109608710e-02
8.546293075778521597e-02 5.126922536874189973e-03
8.201635014847852290e-02 1.247883090400137007e-02
8.245852720574475825e-02 1.798363696434535086e-02
8.669856554479338229e-02 1.260310426005162299e-02
8.352447990910150111e-02 7.561408128822222352e-03
8.464980489225126803e-02 2.022526750806719065e-04
8.471551781985908747e-02 4.919533297652378678e-03
8.278836077079176903e-02 1.121642175712622702e-02
8.216454391367733479e-02 8.476347342366352677e-03
8.893603901378810406e-02 7.204080262454226613e-03
8.791260467842221260e-02 1.118851479259319603e-02
8.644941076636314392e-02 6.872608122648671269e-03
8.056408399716019630e-02 1.576792710693553090e-03
7.692901254631578922e-02 7.049610168905928731e-03
8.570832316763699055e-02 1.225546540808863938e-02
8.373077097348868847e-02 7.420085166813805699e-03
8.580581611022353172e-02 6.698530429275706410e-03
8.114582160487771034e-02 2.273025253089144826e-03
8.106074253009865060e-02 4.156081384280696511e-03
8.736702803435036913e-02 1.807241147616878152e-03
8.031265254976460710e-02 8.167643012711778283e-03
8.065542692929739133e-02 7.997064065421000123e-03
8.130547157634282485e-02 3.356995672220364213e-03
7.685569427121663466e-02 9.442200564080849290e-03
8.302204623032594100e-02 7.524911692598834634e-03
7.987993499409640208e-02 4.084278276422992349e-03
