5.181166186022077152e-02 3.553099844665760787e-02
9.959256276488304138e-03 9.968804195523262024e-03
1.962512824684381485e-02 1.880485843867063522e-02
2.911364845931529999e-02 2.473439974710345268e-02
3.893353231251239777e-02 3.146477835252881050e-02
4.858028143644332886e-02 3.450098284520208836e-02
5.162469600327312946e-02 3.796355007216334343e-02
5.930416309274733067e-02 3.424443956464529037e-02
6.605195463635027409e-02 3.879745583981275558e-02
5.916224815882742405e-02 3.379647852852940559e-02
5.841846566181629896e-02 3.866555541753768921e-02
6.679185747634619474e-02 3.785306069767102599e-02
6.276512274052947760e-02 3.889130329480394721e-02
5.925969022791832685e-02 3.967603540513664484e-02
6.363926536869257689e-02 3.608524415176361799e-02
6.458427669713273644e-02 4.237365338485687971e-02
6.343139772070571780e-02 3.896641114261001348e-02
5.687022692291066051e-02 3.465133660938590765e-02
6.478737125871703029e-02 3.992178884800523520e-02
6.644197594141587615e-02 4.484831297304481268e-02
6.814643269171938300e-02 3.939178248401731253e-02
5.982457747450098395e-02 3.261176671367138624e-02
6.516213988652452826e-02 4.008551535662263632e-02
5.714129464467987418e-02 3.625451389234513044e-02
5.581537209218367934e-02 3.502719826065003872e-02
5.661948880879208446e-02 3.172819339670240879e-02
6.279064359841868281e-02 3.257528622634708881e-02
5.648513342021033168e-02 3.788610524497926235e-02
5.291845108149573207e-02 4.046931327320635319e-02
5.919683835236355662e-02 3.640425973571836948e-02
6.093975441763177514e-02 4.262426286004483700e-02
5.508029978955164552e-02 4.916489147581160069e-02
6.198473001131787896e-02 4.143298626877367496e-02
5.563770938897505403e-02 3.806149726733565331e-02
5.424756096908822656e-02 4.384762514382600784e-02
5.554941698210313916e-02 3.814443107694387436e-02
5.612248938996344805e-02 3.739637252874672413e-02
5.271541990805417299e-02 4.120462643913924694e-02
5.773552798200398684e-02 3.630577935837209225e-02
5.307685409206897020e-02 3.918179869651794434e-02
4.688028164673596621e-02 3.707879059948027134e-02
5.147858301643282175e-02 4.452185495756566525e-02
5.041048803832381964e-02 3.606314281933009624e-02
4.491536540444940329e-02 3.893602709285914898e-02
4.758632823359221220e-02 3.166805324144661427e-02
5.652641213964670897e-02 3.976241615600883961e-02
5.593735969159752131e-02 3.603053372353315353e-02
4.821370693389326334e-02 4.323017643764615059e-02
5.272301018703728914e-02 3.836552007123827934e-02
4.678408161271363497e-02 4.088904359377920628e-02
4.101782396901398897e-02 3.571813809685409069e-02
