1.169679273967031558e-02 4.931356926223726123e-02
9.709143079817295074e-03 8.058127947151660919e-03
1.950386166572570801e-02 1.701113674789667130e-02
2.615590207278728485e-02 2.632604446262121201e-02
2.643950932542793453e-02 2.845598547719419003e-02
3.173124275053851306e-02 2.547626243904232979e-02
2.958442407543770969e-02 2.317734761163592339e-02
3.271787238190881908e-02 2.803121367469429970e-02
3.217592727742157876e-02 2.976616658270359039e-02
3.647294532856903970e-02 3.056199225829914212e-02
3.106333440518938005e-02 3.798055072547867894e-02
2.676100083044730127e-02 3.594227327266708016e-02
2.740580149111337960e-02 3.381025145063176751e-02
3.139248190564103425e-02 3.531404322711750865e-02
3.049720285343937576e-02 3.253107139607891440e-02
3.288571580196730793e-02 3.396309557138010859e-02
3.025807251106016338e-02 3.887402935652062297e-02
2.944783560815267265e-02 3.848422452574595809e-02
2.593546986463479698e-02 3.794901771470904350e-02
2.880346888559870422e-02 3.509265580214560032e-02
2.466843856382183731e-02 3.848523297347128391e-02
2.835888505796901882e-02 3.170634643174707890e-02
3.071116909268312156e-02 3.011802816763520241e-02
3.164790014852769673e-02 3.782647242769598961e-02
3.092051963903941214e-02 3.860320319654420018e-02
3.092547636106246500e-02 3.683538903715088964e-02
3.004288122383513837e-02 3.351581754395738244e-02
2.926124739087754278e-02 3.505953965941444039e-02
2.846949147851773887e-02 3.797205846058204770e-02
2.610751493693896919e-02 3.866709867725148797e-02
2.240487207518526702e-02 4.037399211665615439e-02
2.880516853974768310e-02 3.626812848960980773e-02
2.734840308175989776e-02 3.647986325086094439e-02
3.115638644294449477e-02 4.051598804653622210e-02
2.537919460655757575e-02 4.306693808757700026e-02
2.952932166726895957e-02 4.512820849777199328e-02
2.370649502472588210e-02 3.985656183795072138e-02
2.921449319319435745e-02 3.565662205801345408e-02
2.652000329317161231e-02 4.209634466678835452e-02
2.727707285293945461e-02 4.808312785462476313e-02
2.792172805266091018e-02 4.673704694141633809e-02
2.897558345785000711e-02 4.652192126377485693e-02
2.712250729882725864e-02 4.413410750566981733e-02
2.615165194356450229e-02 4.169807358994148672e-02
2.394992784456917434e-02 4.192200227407738566e-02
2.677038028696188121e-02 4.372729937313124537e-02
2.436423740209647804e-02 3.639547637430950999e-02
2.558466031541684060e-02 3.892865235684439540e-02
2.876056622108080774e-02 3.722346777794882655e-02
3.223351070982971578e-02 3.420180262764915824e-02
2.386964539391556173e-02 4.314400808652862906e-02
