1.415611046284282609e-02 4.899295195398403746e-02
7.156190928071737289e-03 9.862892329692840576e-03
1.283188583329319954e-02 1.978930737823247910e-02
1.076215994544327259e-02 2.970313560217618942e-02
1.286380179226398468e-02 3.927424736320972443e-02
8.725782856345176697e-03 4.881169926375150681e-02
1.612183684483170509e-02 5.643097264692187309e-02
9.339421987533569336e-03 5.389606952667236328e-02
7.938494090922176838e-03 5.648012622259557247e-02
1.489486836362630129e-02 5.734716280130669475e-02
1.701104652602225542e-02 6.466751795960590243e-02
1.490151241887360811e-02 6.300142098916694522e-02
5.970050697214901447e-03 6.109737028600648046e-02
3.763127955608069897e-03 5.905325227649882436e-02
1.088819082360714674e-02 6.486788560869172215e-02
1.114100631093606353e-02 5.868379288585856557e-02
1.101847406243905425e-02 6.353925989242270589e-02
7.190842588897794485e-03 6.937168614240363240e-02
9.987638972233980894e-03 7.402187847765162587e-02
1.317438803380355239e-02 6.734446977498009801e-02
1.331847271649166942e-02 6.813304877141490579e-02
7.912982429843395948e-03 6.487758370349183679e-02
1.337400980992242694e-02 6.229476194130256772e-02
1.522177277365699410e-02 6.583159888396039605e-02
1.576640660641714931e-02 6.256363360444083810e-02
2.199840609682723880e-02 7.061109045753255486e-02
1.979538629529997706e-02 6.716350658098235726e-02
1.884236285695806146e-02 6.470754562178626657e-02
1.823402591980993748e-02 5.958650360116735101e-02
2.338990406133234501e-02 6.395284883910790086e-02
1.966232969425618649e-02 6.708560447441413999e-02
1.700067589990794659e-02 6.606500427005812526e-02
1.496444828808307648e-02 6.597134987532626837e-02
1.613423950038850307e-02 6.481739859736990184e-02
2.255991823039948940e-02 6.837430321320425719e-02
2.488973387517035007e-02 6.062051146000158042e-02
2.016726764850318432e-02 5.808496572717558593e-02
2.469522249884903431e-02 6.026221606589388102e-02
1.795341284014284611e-02 6.305136163427960128e-02
2.433529519475996494e-02 5.562958032533060759e-02
2.510184189304709435e-02 5.282367677136790007e-02
2.250800747424364090e-02 5.709110810130368918e-02
2.084303763695061207e-02 5.857428621675353497e-02
1.349723036400973797e-02 5.624902799900155514e-02
1.978472969494760036e-02 6.111701570625882596e-02
2.278424869291484356e-02 6.565364210109692067e-02
2.229355525923892856e-02 6.425366496841888875e-02
2.380134287523105741e-02 5.816774249251466244e-02
2.104706835234537721e-02 5.973601939331274480e-02
1.832158752949908376e-02 5.948048295977059752e-02
2.487718762131407857e-02 6.330787485057953745e-02
