-2.650173158049801830e-02 4.642436529858640082e-02
3.058141330257058144e-03 9.985074400901794434e-03
-2.178659895434975624e-03 1.988009642809629440e-02
-4.899171413853764534e-03 2.943005971610546112e-02
9.140481706708669662e-04 3.846951853483915329e-02
-2.483075018972158432e-03 4.356014030054211617e-02
1.167091773822903633e-03 4.803862702101469040e-02
-8.272663690149784088e-04 5.522467242553830147e-02
2.415386028587818146e-03 4.862387897446751595e-02
-3.020134754478931427e-03 4.498137068003416061e-02
-4.012943129055202007e-03 4.772484721615910530e-02
-2.361064776778221130e-03 5.247157253324985504e-02
-3.510384121909737587e-03 5.283220447017811239e-02
2.068094210699200630e-03 4.686850970028899610e-02
2.507296158000826836e-04 4.830095110810361803e-02
-1.423676847480237484e-03 4.886179501772858202e-02
4.165674676187336445e-03 5.392231876612640917e-02
2.607525791972875595e-03 5.175302262068726122e-02
3.947621793486177921e-03 5.441602334030903876e-02
6.450070184655487537e-03 5.733938203775323927e-02
2.781769144348800182e-03 5.600671577849425375e-02
3.572648856788873672e-03 5.323553798370994627e-02
2.461424563080072403e-03 5.087643084698356688e-02
9.686084231361746788e-04 4.671067665913142264e-02
6.358441780321300030e-03 4.970773393870331347e-02
4.830340621992945671e-04 5.083990868297405541e-02
5.685484851710498333e-03 5.012249827268533409e-02
9.796430822461843491e-05 5.372523187543265522e-02
-4.042440210469067097e-03 5.025916636805050075e-02
-9.511430980637669563e-04 4.447639497811906040e-02
-4.443807178176939487e-03 4.214483776013366878e-02
-7.575219380669295788e-03 4.931417244370095432e-02
-6.837414053734391928e-03 4.855676789884455502e-02
-4.881637811195105314e-03 4.901700158370658755e-02
-6.901497836224734783e-04 4.948928611702285707e-02
2.228979312349110842e-03 5.046988974208943546e-02
-4.316208593081682920e-03 5.802055817912332714e-02
-3.959839581511914730e-03 5.790097398130455986e-02
-4.719635471701622009e-03 5.796558541624108329e-02
-1.046468317508697510e-02 5.705010638484964147e-02
-9.552735718898475170e-03 5.461593977088341489e-02
-6.504609133116900921e-03 5.659327845933148637e-02
-9.004076127894222736e-03 5.932371112430701032e-02
-7.817599223926663399e-03 5.320555510843405500e-02
-8.208620594814419746e-03 5.576134732837090269e-02
-9.986478718928992748e-03 5.615487864270107821e-02
-8.808116428554058075e-03 5.701390316971810535e-02
-9.868934284895658493e-03 5.741193582798587158e-02
-1.691544335335493088e-02 5.311937974329339340e-02
-1.002313196659088135e-02 4.923450522619532421e-02
-8.857273496687412262e-03 5.809798133122967556e-02
