-7.175286398817883569e-03 4.974224413504510500e-02
8.809015154838562012e-03 9.819790720939636230e-03
1.021293934900313616e-02 1.941801700741052628e-02
1.508549845311790705e-02 2.889327518641948700e-02
1.874601154122501612e-02 3.663865663111209869e-02
2.097586647141724825e-02 3.634642637916840613e-02
1.952722156420350075e-02 4.436955988057889044e-02
1.931202317064162344e-02 4.413874447345733643e-02
1.775859562621917576e-02 5.015201866626739502e-02
1.229756265820469707e-02 4.472532030194997787e-02
1.829507235379423946e-02 4.583380091935396194e-02
1.690598133427556604e-02 4.641046037431806326e-02
2.214420655218418688e-02 4.919268109370023012e-02
1.670322728750761598e-02 4.257567145396023989e-02
1.681834531336789951e-02 4.500969371292740107e-02
1.767020773695548996e-02 3.898491908330470324e-02
2.043243715161224827e-02 4.347969323862344027e-02
1.190220409625908360e-02 4.003096267115324736e-02
1.030171810270985588e-02 4.333686979953199625e-02
1.295951529027661309e-02 4.437299759592860937e-02
1.449492500250926241e-02 4.210988909471780062e-02
1.824399871838977560e-02 4.593773500528186560e-02
2.086317698558559641e-02 4.679502861108630896e-02
1.422385751357069239e-02 4.321113426703959703e-02
1.544045746413758025e-02 4.202682513277977705e-02
1.691792668862035498e-02 4.114202101482078433e-02
1.447255975654115900e-02 4.071475108503364027e-02
2.142525064846267924e-02 4.158956845640204847e-02
1.756816865963628516e-02 4.457167218788526952e-02
1.687315585877513513e-02 4.806871720938943326e-02
2.308288183849072084e-02 4.956293766736052930e-02
2.225203482521465048e-02 4.563581998809240758e-02
2.028509598312666640e-02 5.068735880195163190e-02
2.075942377996398136e-02 4.693101448356173933e-02
1.815247168269706890e-02 4.422302599414251745e-02
1.503665377822471783e-02 4.306318037561140954e-02
1.650356215395731851e-02 4.238785200868733227e-02
1.843964022555155680e-02 4.522167964023537934e-02
1.647785462409956381e-02 4.404169486952014267e-02
1.792528660007519647e-02 3.936117960256524384e-02
1.667822995659662411e-02 4.233261899207718670e-02
1.043118867528392002e-02 3.859380682115443051e-02
1.369375135254813358e-02 4.271928130765445530e-02
1.219938782014651224e-02 4.778391405125148594e-02
1.039034040149999782e-02 4.512479601544328034e-02
1.156434328731847927e-02 4.474941489752382040e-02
1.096501561551121995e-02 4.587002983316779137e-02
1.061291072255698964e-02 3.866975754499435425e-02
1.380362349300412461e-02 4.473125422373414040e-02
1.578464812337188050e-02 4.265125724487006664e-02
1.197265169321326539e-02 4.172144806943833828e-02
