-4.375651406573988211e-02 3.991867145823890795e-02
-9.912637993693351746e-03 9.840323589742183685e-03
-1.971221249550580978e-02 1.975100953131914139e-02
-2.751616016030311584e-02 2.862341608852148056e-02
-2.164270449429750443e-02 3.670416027307510376e-02
-1.827787584625184536e-02 4.396334523335099220e-02
-2.031989395618438721e-02 4.791678069159388542e-02
-2.377610560506582260e-02 4.463288257829844952e-02
-2.305001497734338045e-02 4.459044943723711185e-02
-1.866584562230855227e-02 4.967422970730694942e-02
-2.599377569276839495e-02 4.538940825659665279e-02
-2.585200009343679994e-02 4.201561260197195224e-02
-3.166539336962159723e-02 4.873463419426116161e-02
-3.024610782449599355e-02 4.972348351657274179e-02
-2.783579377864953130e-02 4.813520099196466617e-02
-2.567561062460299581e-02 4.788471366555313580e-02
-2.393216521886643022e-02 4.370188973189215176e-02
-2.139295007509645075e-02 5.066879772857646458e-02
-2.845291861740406603e-02 4.947157999777118675e-02
-3.391728339192923158e-02 5.371668240331928246e-02
-3.768458472040947527e-02 4.703914331548730843e-02
-3.070789923367556185e-02 5.013464139119605534e-02
-2.841959356737788767e-02 5.385407832727651112e-02
-2.983156077971216291e-02 5.290918620812590234e-02
-2.502690812980290502e-02 5.515027079309220426e-02
-3.330233132874127477e-02 5.399270807902212255e-02
-2.497441599552985281e-02 5.055227140474016778e-02
-2.614736148098018020e-02 4.577542059632833116e-02
-2.667785114317666739e-02 4.620991223418968730e-02
-2.967735943093430251e-02 5.175111251810449176e-02
-2.921655592217575759e-02 5.447885948160546832e-02
-3.294648397422861308e-02 5.167847308257478289e-02
-2.770618423528503627e-02 5.035656907057273202e-02
-2.962395948998164386e-02 5.467093067636596970e-02
-3.483745529956649989e-02 4.858914187570917420e-02
-2.994345528713893145e-02 4.963937327192979865e-02
-3.281188341497909278e-02 5.318388151863473468e-02
-3.253304930694866925e-02 5.359722302455338649e-02
-3.285976678307633847e-02 4.965928430829080753e-02
-2.963033008563797921e-02 5.305353040967020206e-02
-3.542619540530722588e-02 4.676788627330097370e-02
-3.540174319641664624e-02 4.929064098905655555e-02
-2.906276547582820058e-02 5.516727013673516922e-02
-3.629099094541743398e-02 5.133121298786136322e-02
-3.552930441219359636e-02 4.784448795180651359e-02
-4.112911189440637827e-02 5.260406878005596809e-02
-3.730242338497191668e-02 4.594912171523901634e-02
-4.050358792301267385e-02 5.347105372857186012e-02
-4.461692960467189550e-02 5.125180120739969425e-02
-3.608663973864167929e-02 5.277481431767228059e-02
-3.840026247780770063e-02 4.973247054658713751e-02
