-6.045001204556093438e-02 2.966050491737758088e-02
-6.806359160691499710e-03 9.892673231661319733e-03
-1.593667501583695412e-02 1.981331780552864075e-02
-2.375853760167956352e-02 2.958626486361026764e-02
-2.706852718256413937e-02 3.781510517001152039e-02
-3.131138836033642292e-02 4.573318641632795334e-02
-2.919316804036498070e-02 4.794023791328072548e-02
-3.325983649119734764e-02 5.250193271785974503e-02
-3.051997907459735870e-02 4.731817543506622314e-02
-2.896152273751795292e-02 5.167132662609219551e-02
-2.705435769166797400e-02 5.546746286563575268e-02
-2.439807436894625425e-02 5.183861893601715565e-02
-2.743079082574695349e-02 5.391214299015700817e-02
-3.277761337812989950e-02 5.131196905858814716e-02
-3.735508897807449102e-02 4.906055214814841747e-02
-3.365884174127131701e-02 5.436899675987660885e-02
-2.842362981755286455e-02 5.477974785026162863e-02
-2.466151828411966562e-02 5.709624651353806257e-02
-2.971816586796194315e-02 5.614363972563296556e-02
-3.128255705814808607e-02 5.580934946192428470e-02
-2.873441448900848627e-02 5.469314585207030177e-02
-2.700796118006110191e-02 5.116561957402154803e-02
-2.946384530514478683e-02 5.276999302441254258e-02
-2.477244148030877113e-02 5.668507522204890847e-02
-2.469768891023704782e-02 5.695414129877462983e-02
-2.337552319659153000e-02 6.180906580993905663e-02
-2.714637635654071346e-02 5.519130179891362786e-02
-2.315639859443763271e-02 5.675498914206400514e-02
-2.260822183598065749e-02 4.995855834567919374e-02
-2.055479292903328314e-02 4.760568641358986497e-02
-1.593225156102562323e-02 5.306247022235766053e-02
-2.023034249577904120e-02 5.065412312978878617e-02
-2.528165639523649588e-02 5.132824089378118515e-02
-2.118243170116329566e-02 4.700486920773983002e-02
-2.770853401307249442e-02 4.820863145869225264e-02
-2.911711097840452567e-02 5.038000724744051695e-02
-2.489669094939017668e-02 5.280690675135701895e-02
-2.501185308210551739e-02 4.629450000356882811e-02
-2.757702115923166275e-02 5.164470092859119177e-02
-2.665688638808205724e-02 5.338948615826666355e-02
-2.541478635976091027e-02 5.372611648635938764e-02
-2.847050671698525548e-02 5.471083644079044461e-02
-2.638725523138418794e-02 4.905566090019419789e-02
-2.859407180221751332e-02 4.818700131727382541e-02
-3.371261694701388478e-02 5.175078910542652011e-02
-3.000527370022609830e-02 5.239763302961364388e-02
-2.395054680528119206e-02 4.659855231875553727e-02
-2.320287929615005851e-02 5.274605617159977555e-02
-2.561549044912680984e-02 5.205364391440525651e-02
-3.126941242953762412e-02 4.547683341661468148e-02
-3.016523405676707625e-02 4.644480568822473288e-02
