-4.362345540918863285e-02 3.998329921803563114e-02
-8.787239901721477509e-03 9.970742277801036835e-03
-1.848273631185293198e-02 1.956082973629236221e-02
-2.055152296088635921e-02 2.944171242415904999e-02
-2.378422068431973457e-02 3.831095714122056961e-02
-1.746461447328329086e-02 4.760491847991943359e-02
-2.242647344246506691e-02 5.140593880787491798e-02
-1.671066461130976677e-02 4.827307933010160923e-02
-1.272066775709390640e-02 4.535889974795281887e-02
-1.507322909310460091e-02 4.591719858581200242e-02
-2.404202846810221672e-02 4.602618448552675545e-02
-2.095590741373598576e-02 4.632328383740969002e-02
-1.802788535133004189e-02 5.128829952445812523e-02
-2.435457054525613785e-02 4.487856084597297013e-02
-3.010697057470679283e-02 5.179842168581672013e-02
-2.988390735117718577e-02 4.569784391787834466e-02
-2.378834428964182734e-02 4.425624900613911450e-02
-2.536805864656344056e-02 4.813605363597162068e-02
-3.024437703425064683e-02 4.627147913561202586e-02
-2.453470748150721192e-02 5.065632090554572642e-02
-2.808882814133539796e-02 5.038344726199284196e-02
-2.602924086386337876e-02 4.979676351649686694e-02
-2.662279346259310842e-02 5.189041717676445842e-02
-3.151888336287811399e-02 4.447856656042858958e-02
-2.849250176222994924e-02 4.968953941715881228e-02
-2.064377331407740712e-02 5.162696092156693339e-02
-2.895015088142827153e-02 4.957932437537238002e-02
-2.484981884481385350e-02 4.679511691210791469e-02
-2.295287844026461244e-02 4.155598458601161838e-02
-2.679426950635388494e-02 4.797889495966956019e-02
-2.328846632735803723e-02 4.611627612030133605e-02
-2.236437262035906315e-02 4.664302855962887406e-02
-2.474626479670405388e-02 4.558424331480637193e-02
-2.266891417093575001e-02 5.238537170225754380e-02
-2.363090094877406955e-02 4.607951320940628648e-02
-2.404495951486751437e-02 4.702305234968662262e-02
-2.047961478820070624e-02 4.861180344596505165e-02
-2.443215617677196860e-02 4.250576207414269447e-02
-1.580212259432300925e-02 4.858256643638014793e-02
-2.427916874876245856e-02 4.289641743525862694e-02
-2.424168100333190523e-02 4.347868089098483324e-02
-2.683466535745537840e-02 4.795119178015738726e-02
-3.187635636641061865e-02 4.676209820900112391e-02
-2.435666790916002356e-02 3.976796998176723719e-02
-2.491807870319462381e-02 4.525986092630773783e-02
-1.948778822770691477e-02 4.669805185403674841e-02
-2.309883551424718462e-02 4.067875945474952459e-02
-1.987881984314299189e-02 4.635209764819592237e-02
-2.596464406451559626e-02 4.374237742740660906e-02
-2.826313746845698915e-02 4.752718878444284201e-02
-2.631347314672893845e-02 4.352216969709843397e-02
