-6.258290990749135196e-02 2.799602161335423833e-02
-9.786204434931278229e-03 9.330151602625846863e-03
-1.971879415214061737e-02 1.675676368176937103e-02
-2.969609852880239487e-02 2.296294830739498138e-02
-3.878238983452320099e-02 2.674877899698913097e-02
-4.851819295436143875e-02 2.401315351016819477e-02
-5.116809625178575516e-02 2.611090312711894512e-02
-5.370119935832917690e-02 2.633402714855037630e-02
-4.931923164986073971e-02 3.335587246692739427e-02
-4.755474347621202469e-02 3.534738285816274583e-02
-4.356131842359900475e-02 2.883361079148016870e-02
-4.491887614130973816e-02 2.362673435709439218e-02
-5.245683714747428894e-02 2.825363058946095407e-02
-4.716227343305945396e-02 3.125202082446776330e-02
-4.757625568890944123e-02 3.405206449679099023e-02
-5.294762604171410203e-02 3.115658587194047868e-02
-5.180077668046578765e-02 2.852403125143609941e-02
-4.536461964016780257e-02 3.050948688178323209e-02
-5.144110455876216292e-02 3.525946437730453908e-02
-5.380458891158923507e-02 2.797127104713581502e-02
-5.202922882745042443e-02 3.073559128097258508e-02
-5.381669575581327081e-02 3.048434757511131465e-02
-5.601457535522058606e-02 3.628404249320738018e-02
-5.477651540422812104e-02 3.272661330993287265e-02
-6.005325174191966653e-02 3.117168074822984636e-02
-5.366841662907972932e-02 2.501370137906633317e-02
-4.992691503139212728e-02 3.067956989980302751e-02
-5.434716428862884641e-02 2.844770261435769498e-02
-5.365998833440244198e-02 2.129182228236459196e-02
-5.449757486348971725e-02 2.266697291634045541e-02
-5.666412546997889876e-02 2.554968823096714914e-02
-6.002066208748146892e-02 2.195668927743099630e-02
-6.101245112949982285e-02 2.713656899868510664e-02
-5.716484138974919915e-02 2.717232463328400627e-02
-5.521300394320860505e-02 2.523738091258564964e-02
-5.144818621920421720e-02 2.056917493609944358e-02
-5.078458867501467466e-02 2.561847391916671768e-02
-4.299779038410633802e-02 2.871070212131598964e-02
-4.567940102424472570e-02 2.294991925737122074e-02
-4.260397062171250582e-02 3.188028294971445575e-02
-4.632637242320924997e-02 2.816769565833965316e-02
-4.890836740378290415e-02 2.748660770157584921e-02
-4.630295059178024530e-02 2.885448179586092010e-02
-4.917662998195737600e-02 2.493740051431814209e-02
-4.243563336785882711e-02 3.080733252136269584e-02
-4.874147556256502867e-02 3.201972673559794202e-02
-4.259661806281656027e-02 2.648929999122628942e-02
-5.030557222198694944e-02 2.892449897626647726e-02
-4.849039623513817787e-02 2.908015889261150733e-02
-4.926879651611670852e-02 3.138960162323201075e-02
-5.061493645189329982e-02 3.436979917023563758e-02
