-7.509952845787189191e-02 1.603075666237128993e-02
-9.806098416447639465e-03 9.984685108065605164e-03
-1.954829040914773941e-02 1.956136152148246765e-02
-2.929336857050657272e-02 2.767347823828458786e-02
-3.882929403334856033e-02 3.660098556429147720e-02
-4.711498413234949112e-02 4.157156683504581451e-02
-5.647721979767084122e-02 4.182405688334256411e-02
-6.381347775459289551e-02 3.501535125542432070e-02
-6.221611984074115753e-02 3.778383543249219656e-02
-6.115094432607293129e-02 4.437530913855880499e-02
-6.033531436696648598e-02 3.991964401211589575e-02
-5.885814444627612829e-02 4.227523144800215960e-02
-5.392580048646777868e-02 3.778130246791988611e-02
-5.873188597615808249e-02 4.294973297510296106e-02
-6.302021665032953024e-02 4.532024904619902372e-02
-6.310366970865288749e-02 3.886901435907930136e-02
-6.588056303007761016e-02 3.935166416340507567e-02
-5.993101365311304107e-02 4.169380353414453566e-02
-6.161426849575946108e-02 3.845468923100270331e-02
-5.837405034253606573e-02 3.585309666232205927e-02
-5.704933361994335428e-02 4.056736864731647074e-02
-6.298253782006213441e-02 3.945438787923194468e-02
-5.864823007868835703e-02 4.161214749910868704e-02
-5.417289169417927042e-02 4.078873913385905325e-02
-6.253432346420595422e-02 3.655156135209836066e-02
-6.506497858936199918e-02 3.698378085391595960e-02
-5.902453445742139593e-02 3.249063139082863927e-02
-5.875700020260410383e-02 3.383224009303376079e-02
-5.997765326901571825e-02 3.108842921210452914e-02
-5.802866846352117136e-02 3.561582526890560985e-02
-6.253852259396808222e-02 3.296968078939244151e-02
-6.109271426248596981e-02 3.520536277210339904e-02
-6.171011349215405062e-02 3.524564359031501226e-02
-5.839367543376283720e-02 3.055176058478537016e-02
-5.727583444240735844e-02 3.363005201026680879e-02
-5.161333125579403713e-02 3.559417639553430490e-02
-5.917957140627549961e-02 3.545474027851014398e-02
-6.505768601346062496e-02 3.510153389288461767e-02
-6.528850142058217898e-02 3.164164654663181864e-02
-5.807145415019476786e-02 3.202615491682081483e-02
-6.006705747131491080e-02 3.092267270767479204e-02
-5.861000761069590226e-02 2.958095841677277349e-02
-5.784918412246042863e-02 3.346795006291358732e-02
-5.887259878363693133e-02 3.275789843974052928e-02
-6.297392174747074023e-02 3.645802836035727523e-02
-5.609133197140181437e-02 3.341300005195080303e-02
-6.440501948964083567e-02 2.942978508872329257e-02
-5.921266097720945254e-02 3.610046638277708553e-02
-5.727621223923051730e-02 3.887969615971087478e-02
-5.042283199873054400e-02 3.799756115404306911e-02
-5.388673567358637229e-02 3.988377994028269313e-02
