-4.359227938137046066e-02 3.999840653220780584e-02
-9.628083556890487671e-03 9.977021254599094391e-03
-1.830857153981924057e-02 1.923509221524000168e-02
-2.801505476236343384e-02 2.908021025359630585e-02
-3.751369379460811615e-02 3.870660066604614258e-02
-4.211607575416564941e-02 4.358394863083958626e-02
-4.633265966549515724e-02 4.832086898386478424e-02
-5.466453405097126961e-02 5.223219702020287514e-02
-6.143808364868164062e-02 4.590366408228874207e-02
-5.408609146252274513e-02 4.556793734082020819e-02
-5.164514901116490364e-02 4.942662981920875609e-02
-4.707248462364077568e-02 4.504132797592319548e-02
-5.288530047982931137e-02 4.862694666371680796e-02
-5.860512610524892807e-02 5.097764419042505324e-02
-5.953455442795529962e-02 4.987809530575759709e-02
-5.596373073058202863e-02 4.424463075702078640e-02
-5.357367621036246419e-02 4.742052362416870892e-02
-5.559118842938914895e-02 4.852657477022148669e-02
-5.046585440868511796e-02 4.734487694804556668e-02
-4.738407261902466416e-02 4.660173700540326536e-02
-4.611838707933202386e-02 5.237331902026198804e-02
-5.058977945009246469e-02 4.620361197157762945e-02
-4.810603737132623792e-02 4.223037380143068731e-02
-4.713197110686451197e-02 4.503929158090613782e-02
-4.933048656675964594e-02 4.237897842540405691e-02
-4.532324720639735460e-02 4.172451587510295212e-02
-5.025815044064074755e-02 4.103846402722410858e-02
-5.325079697649925947e-02 4.423172675888054073e-02
-5.075392022263258696e-02 3.918869837070815265e-02
-4.736860899720340967e-02 4.167556736501865089e-02
-4.645523341605439782e-02 4.649281941237859428e-02
-5.468349816510453820e-02 4.523433765280060470e-02
-4.803003190318122506e-02 4.333984697586856782e-02
-4.647754429606720805e-02 4.059343723929487169e-02
-4.334685223875567317e-02 4.277378585538826883e-02
-5.027895810781046748e-02 4.172706927056424320e-02
-4.607703833607956767e-02 4.154576982546132058e-02
-5.039759789360687137e-02 4.177805865765549242e-02
-5.196436849655583501e-02 4.403798063867725432e-02
-5.115942924749106169e-02 4.125142414704896510e-02
-4.594472504686564207e-02 4.407101348624564707e-02
-4.360086296219378710e-02 4.464832975645549595e-02
-4.304094053804874420e-02 3.808749190648086369e-02
-5.120413005352020264e-02 4.351025217329151928e-02
-4.744094330817461014e-02 4.565520145115442574e-02
-4.248084034770727158e-02 3.947071431321091950e-02
-4.816282866522669792e-02 4.329994556610472500e-02
-4.596990952268242836e-02 4.308542844955809414e-02
-4.541257751407101750e-02 4.137514057219959795e-02
-4.915091284783557057e-02 4.164314092486165464e-02
-5.119041498983278871e-02 3.964411080232821405e-02
