-4.370442404638544970e-02 3.994400101604178577e-02
-9.740119799971580505e-03 9.466614574193954468e-03
-1.925794035196304321e-02 1.931043621152639389e-02
-2.898111566901206970e-02 2.523587923496961594e-02
-3.857934940606355667e-02 2.712201455142349005e-02
-4.830590356141328812e-02 3.092417807783931494e-02
-5.170173989608883858e-02 3.150417772121727467e-02
-4.678907757624983788e-02 3.238550387322902679e-02
-4.709732715855352581e-02 2.938914392143487930e-02
-5.227102988283149898e-02 2.595026604831218719e-02
-5.738005318562500179e-02 2.441878314130008221e-02
-5.837893995339982212e-02 2.162601472809910774e-02
-6.093902673455886543e-02 2.618583058938384056e-02
-5.568497741478495300e-02 2.827631565742194653e-02
-5.936221076990477741e-02 2.739613270387053490e-02
-6.066822478896938264e-02 2.374815568327903748e-02
-6.261427173740230501e-02 2.397310717788059264e-02
-6.719661116949282587e-02 2.765523998823482543e-02
-6.077549126348458230e-02 2.837188566627446562e-02
-6.517255151993595064e-02 3.100227426330093294e-02
-5.842799306265078485e-02 2.644885193149093539e-02
-5.533602609648369253e-02 2.383838083187583834e-02
-5.812855911790393293e-02 2.708135500142816454e-02
-6.664585144608281553e-02 2.597064992005471140e-02
-6.314125805511139333e-02 3.050454148615244776e-02
-6.669578337459824979e-02 2.837628732959274203e-02
-7.001411923556588590e-02 2.497634851897601038e-02
-6.637474786839447916e-02 2.505154335085535422e-02
-6.356211434467695653e-02 3.190230657492065802e-02
-6.713984729140065610e-02 2.507325434271479025e-02
-6.930750663741491735e-02 3.389266771409893408e-02
-6.395619930117391050e-02 3.094746647548163310e-02
-6.442462027189321816e-02 2.775729247514391318e-02
-6.415208519320003688e-02 3.056451385054970160e-02
-5.766277524526230991e-02 2.893916969333076850e-02
-6.181627369369380176e-02 2.586130388226592913e-02
-6.168353772955015302e-02 2.385113956552231684e-02
-6.399793835589662194e-02 2.874586554389679804e-02
-6.020438770065084100e-02 2.412520032521570101e-02
-6.354990327963605523e-02 2.908772425871575251e-02
-5.977466684998944402e-02 2.397347297664964572e-02
-5.845610966207459569e-02 2.170227198075735942e-02
-5.455497611546888947e-02 2.271250272315228358e-02
-6.238395214313641191e-02 2.870805990096414462e-02
-5.631214618915691972e-02 2.471529049944365397e-02
-5.614946605055592954e-02 2.844811706017935649e-02
-5.388415823108516634e-02 3.235733192559564486e-02
-5.977389760664664209e-02 3.742622407298767939e-02
-5.602760272449813783e-02 3.264379324537003413e-02
-6.226230165339075029e-02 2.900987942848587409e-02
-5.796804683632217348e-02 2.563844653923297301e-02
