-4.464485419304772829e-02 3.948093089637316755e-02
-9.843064472079277039e-03 2.240963047370314598e-03
-1.934770587831735611e-02 8.124944055452942848e-03
-2.915132325142621994e-02 6.196298636496067047e-05
-3.903859388083219528e-02 -2.238668268546462059e-03
-4.795497376471757889e-02 5.548869026824831963e-03
-5.760568100959062576e-02 2.158559393137693405e-03
-6.696049962192773819e-02 -1.011831918731331825e-03
-7.592844218015670776e-02 3.023967379704117775e-03
-7.965021091513335705e-02 6.275932304561138153e-03
-7.993771511246450245e-02 5.648574384395033121e-03
-8.257987143588252366e-02 2.269330958370119333e-03
-8.730956426006741822e-02 9.658227732870727777e-03
-9.233643699553795159e-02 6.006221345160156488e-03
-8.390809714910574257e-02 4.003799811471253633e-03
-8.133719980833120644e-02 3.205226326826959848e-03
-8.168980418122373521e-02 3.027761849807575345e-03
-8.588359956047497690e-02 -1.895780646009370685e-03
-8.366024968563579023e-02 3.701815410749986768e-03
-8.016672739177010953e-02 3.813587230979464948e-03
-8.464578082202933729e-02 1.431494820280931890e-03
-7.694483836530707777e-02 9.365704710944555700e-03
-8.296512541710399091e-02 1.094594421738293022e-02
-8.665548739372752607e-02 8.812497937469743192e-03
-8.879994330345652997e-02 6.862737107439897954e-03
-8.788757861475460231e-02 7.765977512462995946e-03
-8.780310691508930176e-02 4.097167504369281232e-03
-8.375797809276264161e-02 -2.034713412285782397e-03
-8.132928672421257943e-02 2.846000817953608930e-03
-8.532255624595563859e-02 2.904046203184407204e-03
-8.190908531832974404e-02 4.553660743113141507e-03
-7.698006990540307015e-02 5.455082042317371815e-03
-8.129459728661458939e-02 4.376690361823420972e-03
-8.412233639683108777e-02 -4.735947659355588257e-04
-8.016487762506585568e-02 1.795657670299988240e-03
-8.689807906921487302e-02 1.090036166715435684e-04
-7.853181373502593488e-02 4.963761421095114201e-03
-8.508551346312742680e-02 3.176588907081168145e-03
-7.913821695547085255e-02 3.874913316394668072e-03
-7.892789840116165578e-02 3.076695073104929179e-03
-7.923627493437379599e-02 5.922109987295698375e-03
-7.352229615207761526e-02 7.500294297642540187e-03
-7.865572522860020399e-02 5.877194278582464904e-03
-8.157856820616871119e-02 1.231443420692812651e-03
-8.113340733689256012e-02 4.618455939635168761e-03
-7.464018117752857506e-02 4.991938643797766417e-03
-7.805231519159860909e-02 7.219801707833539695e-03
-7.700418066815473139e-02 6.470958753197919577e-03
-7.653063727775588632e-02 9.441590918868314475e-03
-8.204930048668757081e-02 8.108704751066397876e-03
-8.251795452088117599e-02 1.846848455897998065e-03
