-6.184206782890822041e-02 2.858472273059640967e-02
-9.435589425265789032e-03 9.865745902061462402e-03
-1.526117464527487755e-02 1.919742301106452942e-02
-2.479982143267989159e-02 2.662569237872958183e-02
-3.125899890437722206e-02 3.098189784213900566e-02
-3.276454668957740068e-02 3.530993405729532242e-02
-3.424450196325778961e-02 3.423792310059070587e-02
-3.881384059786796570e-02 3.206502925604581833e-02
-3.758582402952015400e-02 3.395274886861443520e-02
-3.816652705427259207e-02 2.865924313664436340e-02
-4.444721981417387724e-02 3.289523441344499588e-02
-4.630435386206954718e-02 3.371110517764464021e-02
-4.108456044923514128e-02 3.498065186431631446e-02
-4.942848428618162870e-02 3.817067336058244109e-02
-4.649158718530088663e-02 3.568087884923443198e-02
-4.561464430298656225e-02 2.948049077531322837e-02
-4.232684511225670576e-02 3.229044791078194976e-02
-4.874380992259830236e-02 3.350692259846255183e-02
-4.303535388316959143e-02 3.352846848429180682e-02
-4.258930610376410186e-02 3.476021395181305707e-02
-4.072416838607750833e-02 2.995363113586790860e-02
-3.944499671342782676e-02 2.657594208722002804e-02
-4.347493147361092269e-02 2.660248641950602178e-02
-4.557094720075838268e-02 3.077713846323604230e-02
-4.166693610022775829e-02 3.409215555620903615e-02
-3.889524863916449249e-02 2.929869041872734670e-02
-3.650813151034526527e-02 3.400063588378543500e-02
-4.307103270548395813e-02 3.460872485629806761e-02
-4.157211058191023767e-02 3.347303343798557762e-02
-3.804548256448470056e-02 3.148220081675390247e-02
-4.493206724873743951e-02 3.769447442937234882e-02
-4.051050762063823640e-02 3.223355834234098438e-02
-3.657953380024991930e-02 3.234350387538142968e-02
-3.794642267166636884e-02 3.116489117564924527e-02
-3.770952044578734785e-02 3.128613059561757836e-02
-4.330547597783152014e-02 3.485789469596056733e-02
-4.030933186004403979e-02 3.238290006447641645e-02
-4.009045645943842828e-02 4.066392330605594907e-02
-3.859433226170949638e-02 3.290979068879096303e-02
-3.550963450106792152e-02 3.320061604063084815e-02
-3.434095435659401119e-02 3.410387431540584657e-02
-3.906516169081442058e-02 3.198692664773261640e-02
-4.364576048101298511e-02 3.342960701593256090e-02
-3.706824264372698963e-02 3.287854839618375991e-02
-3.874222232843749225e-02 3.336052345730422530e-02
-3.961352360784076154e-02 3.448919584661780391e-02
-3.978580844704993069e-02 3.048113831937371287e-02
-4.174562290427275002e-02 3.629419305980263744e-02
-3.767571065691299736e-02 3.700825909072591458e-02
-4.300478546065278351e-02 3.498776547530724201e-02
-3.951484666322357953e-02 3.162918437192274723e-02
