-7.507671719012729006e-02 1.605669183325522664e-02
-9.846782311797142029e-03 6.769110914319753647e-03
-1.945977658033370972e-02 1.361257256940007210e-02
-2.922700904309749603e-02 1.550257147755473852e-02
-3.908324055373668671e-02 9.482738911174237728e-03
-4.648617189377546310e-02 1.652786962222307920e-02
-4.897967842407524586e-02 1.805895077995955944e-02
-5.623188638128340244e-02 1.715987373609095812e-02
-5.513500713277608156e-02 2.447271964047104120e-02
-5.459318781504407525e-02 2.352986356709152460e-02
-6.131295819068327546e-02 1.860756764654070139e-02
-6.098346968065015972e-02 1.910850411513820291e-02
-6.920767386327497661e-02 2.102142694639042020e-02
-6.901561697304714471e-02 1.531171641545370221e-02
-6.607217756391037256e-02 1.248803461203351617e-02
-6.282611699134577066e-02 1.836047234246507287e-02
-6.655655633949209005e-02 1.733211701503023505e-02
-5.987999234639573842e-02 2.125523373251780868e-02
-6.670152461447287351e-02 2.613946091150864959e-02
-6.918493886769283563e-02 1.813987683271989226e-02
-6.619600318663287908e-02 2.117827482288703322e-02
-7.134565962769556791e-02 2.538041997468098998e-02
-6.808183221437502652e-02 2.230118022998794913e-02
-7.064381866075564176e-02 2.441311109578236938e-02
-6.648223772936034948e-02 2.291785465786233544e-02
-6.838667819101829082e-02 2.035851223627105355e-02
-6.438903191883582622e-02 1.842499483609572053e-02
-6.166770316485781223e-02 2.392556058475747705e-02
-5.709214329544920474e-02 2.213695523096248507e-02
-6.483187021513003856e-02 3.003398020518943667e-02
-6.183433470141608268e-02 2.942950866417959332e-02
-6.177251514600357041e-02 2.400165313156321645e-02
-6.586591628001770005e-02 2.148411987582221627e-02
-6.116500877396902069e-02 2.167359707527793944e-02
-6.225898287812015042e-02 2.623569234856404364e-02
-6.424346713902195916e-02 2.471205455367453396e-02
-6.640094061003765091e-02 2.286765203461982310e-02
-7.275674826087197289e-02 2.319864733726717532e-02
-6.854869852395495400e-02 1.883994825766421854e-02
-6.359937934757908806e-02 1.911808855948038399e-02
-6.094056631991406903e-02 2.402477271971292794e-02
-5.884561695711454377e-02 2.249179434147663414e-02
-6.140102058270713314e-02 2.239340555388480425e-02
-6.275662566622486338e-02 2.346794132608920336e-02
-6.393758553167572245e-02 2.136015717405825853e-02
-6.809435990726342425e-02 2.002143091522157192e-02
-6.339766058226814494e-02 1.561018801294267178e-02
-5.771401218225946650e-02 2.007012232206761837e-02
-5.316812238743295893e-02 1.744227041490375996e-02
-5.770722330635180697e-02 2.008918160572648048e-02
-5.594829862093320116e-02 2.347362390719354153e-02
