-8.704685437160886163e-02 -7.775951013370349663e-04
-9.868732653558254242e-03 4.874350968748331070e-03
-1.981639303267002106e-02 1.284554926678538322e-02
-2.954341750591993332e-02 1.725523546338081360e-02
-3.947154805064201355e-02 1.130911242216825485e-02
-4.943303391337394714e-02 1.342546707019209862e-02
-5.938931833952665329e-02 2.071469789370894432e-02
-6.901733856648206711e-02 1.553310686722397804e-02
-7.761413510888814926e-02 9.525566827505826950e-03
-7.768355902226176113e-02 1.537347398698329926e-02
-8.655316788644995540e-02 9.278313722461462021e-03
-8.367783283756580204e-02 4.116069991141557693e-03
-8.757930003048386425e-02 2.446250058710575104e-03
-9.228477474243845791e-02 1.130815409123897552e-02
-9.619187457428779453e-02 4.254022613167762756e-03
-9.756512856984045357e-02 7.008609594777226448e-03
-8.913296005630400032e-02 5.919884890317916870e-03
-9.318672549852635711e-02 5.953486412181518972e-03
-8.854646339023020118e-02 7.528615402407012880e-03
-9.508916187041904777e-02 1.056377076019998640e-02
-9.044539146998431534e-02 1.313061614928301424e-02
-8.420632882916834205e-02 8.060729349381290376e-03
-8.656920479552354664e-02 1.206739408371504396e-02
-8.043364329205360264e-02 1.201481027237605304e-02
-8.607827207015361637e-02 1.378791015304159373e-02
-9.165065117122139782e-02 7.384546377579681575e-03
-9.543408091121818870e-02 1.290404824248980731e-02
-9.392825896793510765e-02 1.436737323820125312e-02
-9.503586344362702221e-02 1.615922832570504397e-02
-9.889371493773069233e-02 1.843965896114241332e-02
-9.188139658363070339e-02 9.975380307878367603e-03
-9.505284587794449180e-02 1.587983038916718215e-02
-9.106322341540362686e-02 1.614432122732978314e-02
-8.829429453180637211e-02 1.340307683858554810e-02
-9.229227794276084751e-02 1.158867338381242007e-02
-9.171763794438447803e-02 1.199987508880440146e-02
-9.184019343229010701e-02 7.953128559165634215e-03
-9.349696413846686482e-02 1.142721973883453757e-02
-9.663194610038772225e-02 1.382263145933393389e-02
-9.349639626452699304e-02 9.011991802253760397e-03
-9.095039573730900884e-02 1.386727626959327608e-02
-8.703201991738751531e-02 1.294905123359058052e-02
-8.648824674310162663e-02 1.360583720088470727e-02
-8.129451499553397298e-02 6.138541692052967846e-03
-7.852154836291447282e-02 1.181106777221430093e-02
-7.669401279417797923e-02 1.424209676042664796e-02
-8.182287326781079173e-02 1.195727610320318490e-02
-8.229227593983523548e-02 6.778496273909695446e-03
-7.477044031838886440e-02 1.178304055065382272e-02
-8.337569047580473125e-02 1.439296449825633317e-02
-8.147581989760510623e-02 6.906609938596375287e-03
