-9.941759281612588817e-02 -3.922306914529955640e-02
-9.970461949706077576e-03 3.305531572550535202e-03
-1.994566339999437332e-02 1.017965655773878098e-02
-2.990670595318078995e-02 7.533546537160873413e-03
-3.977528028190135956e-02 7.291454821825027466e-04
-4.965829476714134216e-02 -7.601444376632571220e-04
-5.932245869189500809e-02 4.454691079445183277e-03
-6.902600917965173721e-02 8.709786576218903065e-03
-7.847405225038528442e-02 3.199836821295320988e-03
-8.432031515985727310e-02 8.334962767548859119e-03
-9.282696153968572617e-02 5.375179811380803585e-03
-8.915366441942751408e-02 1.088717381935566664e-02
-9.199332492426037788e-02 9.379005874507129192e-03
-9.526883251965045929e-02 3.450292977504432201e-03
-9.825796959921717644e-02 9.926004568114876747e-04
-9.667294146493077278e-02 6.181315635330975056e-03
-9.244118211790919304e-02 9.519181563518941402e-03
-9.408394154161214828e-02 6.243423675186932087e-03
-9.219665348064154387e-02 3.251358750276267529e-03
-9.381474193651229143e-02 1.102571492083370686e-03
-9.604238450992852449e-02 9.293679613620042801e-05
-1.016708473907783628e-01 6.139479693956673145e-03
-1.012853829597588629e-01 6.876354047562927008e-03
-1.001845495484303683e-01 1.083680609008297324e-02
-1.020530705281998962e-01 4.656060074921697378e-03
-1.029065231850836426e-01 2.307377231772989035e-03
-1.009627060557249933e-01 6.030905467923730612e-03
-9.561699224286712706e-02 -6.135930889286100864e-04
-9.105993728735484183e-02 4.708186199422925711e-03
-8.888734216452576220e-02 2.402196987532079220e-04
-8.964289302821271122e-02 1.316004840191453695e-03
-9.638644751976244152e-02 3.470531606581062078e-03
-9.752709147869609296e-02 -3.806246095336973667e-04
-1.003757345897611231e-01 1.072565151844173670e-03
-9.614099407917819917e-02 -6.588340620510280132e-04
-9.531992583652026951e-02 3.484712797217071056e-04
-9.201867741649039090e-02 3.316187707241624594e-03
-9.217145365255419165e-02 3.629267070209607482e-03
-9.106543102825526148e-02 5.977959459414705634e-03
-9.544000915775541216e-02 -6.565675721503794193e-05
-9.395862872770521790e-02 7.936085748951882124e-04
-9.305911599949467927e-02 -1.007833896437659860e-03
-9.975595441937912256e-02 1.016542402794584632e-03
-9.974789587158738868e-02 2.883613778976723552e-03
-9.782709451701521175e-02 2.058008423773571849e-03
-9.242946738686441677e-02 -5.301968485582619905e-04
-8.784231674235343235e-02 2.910457289544865489e-03
-9.431074178155540721e-02 6.510267703561112285e-03
-9.469232891296996968e-02 8.004486735444515944e-04
-9.317802052555634873e-02 4.581581306410953403e-03
-9.357643287239625352e-02 3.248464985517784953e-03
