-6.292835130090004836e-02 2.771758232569070113e-02
-9.885400533676147461e-03 9.876486845314502716e-03
-1.964790280908346176e-02 1.938589941710233688e-02
-2.918322570621967316e-02 2.903276029974222183e-02
-3.887917194515466690e-02 3.583667566999793053e-02
-4.742991086095571518e-02 4.245003964751958847e-02
-5.487564764916896820e-02 3.880456485785543919e-02
-6.115065421909093857e-02 3.873561778164003044e-02
-6.022872653556987643e-02 3.688839836104307324e-02
-6.133433541981503367e-02 3.960533895588014275e-02
-6.009207217721268535e-02 4.156688474176917225e-02
-6.066651252331212163e-02 3.966097977536264807e-02
-5.932843353366479278e-02 4.209210538829211146e-02
-5.249078426277264953e-02 3.857580806652549654e-02
-5.914630548795685172e-02 4.225717439840082079e-02
-5.875554936937987804e-02 4.035000050498638302e-02
-6.166370934806764126e-02 3.754168948216829449e-02
-5.823696800507605076e-02 3.749844690901227295e-02
-6.030902871862053871e-02 3.867593783070333302e-02
-5.883730063214898109e-02 3.986797461402602494e-02
-6.355482945218682289e-02 4.290131808375008404e-02
-6.235197198111563921e-02 4.341497781570069492e-02
-6.130772957112640142e-02 4.309965495485812426e-02
-5.846955662127584219e-02 4.902701743412762880e-02
-5.223322787787765265e-02 4.413173638749867678e-02
-5.035512486938387156e-02 4.531561688054352999e-02
-5.576706083957105875e-02 4.473873274400830269e-02
-5.422307166736572981e-02 4.368435521610081196e-02
-5.580441618803888559e-02 4.591563483700156212e-02
-5.030099779833108187e-02 4.827261809259653091e-02
-4.924996651243418455e-02 4.275611788034439087e-02
-4.459803400095552206e-02 4.520186083391308784e-02
-4.925961547996848822e-02 5.342524452134966850e-02
-4.888245757319964468e-02 5.448164627887308598e-02
-4.965760823688469827e-02 4.720702837221324444e-02
-4.465907471603713930e-02 5.040496168658137321e-02
-4.012357987812720239e-02 5.048128304770216346e-02
-3.986027278006076813e-02 5.479375313734635711e-02
-4.438626533374190331e-02 4.924733139341697097e-02
-4.532314481912180781e-02 5.444637959590181708e-02
-4.205324471695348620e-02 5.145785462809726596e-02
-4.922831588191911578e-02 5.333334935130551457e-02
-4.379342606989666820e-02 5.390568624716252089e-02
-4.407141855335794389e-02 5.031972785945981741e-02
-4.611057680449448526e-02 4.956547403708100319e-02
-4.439781708060763776e-02 5.191981093958020210e-02
-4.193338318145833910e-02 4.826350603252649307e-02
-4.352526352158747613e-02 4.254048829898238182e-02
-4.379462526412680745e-02 4.939585085958242416e-02
-4.741619323613122106e-02 4.676082613877952099e-02
-4.601975419791415334e-02 5.055873864330351353e-02
