-4.357625621313196418e-02 4.000616586905297867e-02
-9.792952798306941986e-03 9.585346095263957977e-03
-1.951687783002853394e-02 1.926465425640344620e-02
-2.928507700562477112e-02 2.576208719983696938e-02
-3.860924858599901199e-02 3.306490043178200722e-02
-4.751577414572238922e-02 3.885872941464185715e-02
-4.601380869280546904e-02 4.331034282222390175e-02
-5.300727474968880415e-02 3.542234795168042183e-02
-4.848911648150533438e-02 4.233353259041905403e-02
-5.450981378089636564e-02 4.706683289259672165e-02
-4.712380550336092710e-02 4.464613692834973335e-02
-4.646420024801045656e-02 3.822071757167577744e-02
-5.433758732397109270e-02 3.874095168430358171e-02
-4.942844866309314966e-02 4.252718773204833269e-02
-5.423992045689374208e-02 3.788643993902951479e-02
-4.942144791129976511e-02 3.610025031957775354e-02
-5.759163910988718271e-02 3.931409458164125681e-02
-5.541562626603990793e-02 3.517999884206801653e-02
-5.581580588477663696e-02 3.638712642714381218e-02
-5.547058055526576936e-02 4.073797445744276047e-02
-5.107807120657525957e-02 3.943004587199538946e-02
-5.455693681142292917e-02 4.026756860548630357e-02
-4.862407161272130907e-02 3.775287262396886945e-02
-5.007536357152275741e-02 3.699421341298148036e-02
-5.075063472031615674e-02 3.826040920102968812e-02
-5.174677257309667766e-02 3.647071187151595950e-02
-5.625306346337310970e-02 4.012558743124827743e-02
-5.157230465556494892e-02 4.190352006116881967e-02
-5.547665010089986026e-02 3.477955941343680024e-02
-6.221614356036297977e-02 3.797752020182088017e-02
-5.628453285316936672e-02 3.823139544692821801e-02
-5.389017143170349300e-02 3.949562661000527442e-02
-5.359889665851369500e-02 4.334498863318003714e-02
-5.188503308454528451e-02 3.711613095947541296e-02
-5.989815673092380166e-02 3.684689977671951056e-02
-5.907110177213326097e-02 3.590954764513298869e-02
-5.408106889808550477e-02 4.047221987275406718e-02
-5.077307327883318067e-02 3.679638652829453349e-02
-5.476919171633198857e-02 3.128770150942727923e-02
-6.128188670845702291e-02 3.206689393846318126e-02
-5.768607679056003690e-02 3.321224724641069770e-02
-5.224337644176557660e-02 3.520642191870138049e-02
-5.344157764920964837e-02 3.667027264600619674e-02
-5.296017599175684154e-02 2.957500697812065482e-02
-4.734763127635233104e-02 3.221049782587215304e-02
-5.432750095496885478e-02 3.675256128190085292e-02
-4.790452259476296604e-02 3.177374246297404170e-02
-4.999904517899267375e-02 3.279357316205278039e-02
-4.709821354481391609e-02 3.424304962391033769e-02
-4.926694810274057090e-02 3.497863170923665166e-02
-4.360446866485290229e-02 3.080092446180060506e-02
