-6.017985936477215220e-02 2.986478903018680020e-02
-9.953540749847888947e-03 2.256170380860567093e-03
-1.984054222702980042e-02 -4.301424603909254074e-03
-2.982207853347063065e-02 4.304031375795602798e-03
-3.934689983725547791e-02 4.591886041453108191e-03
-4.903185274451971054e-02 1.180887696682475507e-02
-5.532087059691548347e-02 9.019930468639358878e-03
-5.343706347048282623e-02 1.394967557280324399e-02
-6.092523783445358276e-02 7.543538784375414252e-03
-6.576811429113149643e-02 8.354388439329341054e-03
-6.172759877517819405e-02 1.430166958016343415e-02
-5.645664827898144722e-02 9.317837917478755116e-03
-5.576816818211227655e-02 9.138653840636834502e-03
-5.153726472053676844e-02 1.252501769340597093e-02
-6.001770275179296732e-02 1.018434026627801359e-02
-6.098531617317348719e-02 1.010413864423753694e-02
-6.291465705726295710e-02 1.622863743250491098e-02
-6.296346133967745118e-02 2.418044186924817041e-02
-6.278093166110920720e-02 1.937682624702574685e-02
-5.858193577660131268e-02 1.377262664755107835e-02
-6.635179936347412877e-02 1.630021516029955819e-02
-6.770231476912158541e-02 1.260157186334254220e-02
-6.319617056215065531e-02 1.839260268752695993e-02
-6.336303137868526392e-02 2.451511636172654107e-02
-6.112651982039096765e-02 1.881454489921452478e-02
-6.273250550657394342e-02 2.062070149258943275e-02
-6.378916535686585121e-02 1.969905693113105372e-02
-6.306262408543261699e-02 1.719005482300417498e-02
-5.473579653698834591e-02 1.217643760173814371e-02
-6.135614310551318340e-02 1.789076097338693216e-02
-6.244799763589981012e-02 1.993094926729099825e-02
-6.872774556904914789e-02 1.544866228505270556e-02
-6.901998475586879067e-02 1.354019967402564362e-02
-7.611022174751269631e-02 2.106631099741207436e-02
-7.286594582183170132e-02 2.109743535038433038e-02
-7.033395960388588719e-02 1.996267083086422645e-02
-6.791801175495493226e-02 1.436499002375057898e-02
-6.371129846593248658e-02 1.489965084692812525e-02
-6.799802866225945763e-02 2.026217829188681208e-02
-7.654637501036631875e-02 1.911658831159002148e-02
-7.954260271435487084e-02 2.017676413743174635e-02
-7.776649873630958609e-02 2.315019306479371153e-02
-7.637988852729904465e-02 2.235038575236103497e-02
-7.089243254085886292e-02 1.647196194608113728e-02
-6.406403642540681176e-02 1.149073193300864659e-02
-7.264936093633878045e-02 1.908092057783505879e-02
-7.709146507477271371e-02 1.860394337199977599e-02
-7.069123054316150956e-02 2.115138023145846091e-02
-6.847544696574914269e-02 1.921530274194083177e-02
-7.232362178547191434e-02 1.581015550982556306e-02
-8.116164111925172620e-02 1.643572767716250382e-02
