-2.713568589043224497e-02 4.624788076241365120e-02
-9.833195246756076813e-03 9.197104722261428833e-03
-1.957580726593732834e-02 1.918854843825101852e-02
-2.928701508790254593e-02 2.918488159775733948e-02
-3.420567652210593224e-02 3.897197358310222626e-02
-4.104791628196835518e-02 4.639122355729341507e-02
-4.284127103164792061e-02 5.271237343549728394e-02
-4.644711525179445744e-02 5.745288915932178497e-02
-4.921048902906477451e-02 5.266888719052076340e-02
-4.129515052773058414e-02 5.323777295416221023e-02
-4.553443170152604580e-02 5.050244921585544944e-02
-4.864582512527704239e-02 5.573077773442491889e-02
-5.106511735357344151e-02 5.082900397246703506e-02
-4.428886226378381252e-02 5.593841284280642867e-02
-4.790998855605721474e-02 5.909768183482810855e-02
-4.962740815244615078e-02 5.370291665894910693e-02
-4.326350125484168530e-02 4.936804965836927295e-02
-4.324782046569453087e-02 5.241282185306772590e-02
-4.127182986667321529e-02 5.059787660138681531e-02
-3.904283803967700806e-02 5.318020359845831990e-02
-3.387018258763418999e-02 5.071535735623911023e-02
-3.964874859047995415e-02 4.968950006878003478e-02
-3.346627497194276657e-02 4.470469470834359527e-02
-3.482867975799308624e-02 3.949199098860844970e-02
-3.497394640544371214e-02 4.411149857332929969e-02
-3.472475131820829120e-02 4.751344065880402923e-02
-3.115465242262871470e-02 4.810595727758482099e-02
-3.211139515588001814e-02 4.128585878061130643e-02
-2.948265872510091867e-02 4.203528823563829064e-02
-3.467947594435827341e-02 4.451622889610007405e-02
-3.594581119796202984e-02 4.049985838355496526e-02
-3.583544247339887079e-02 4.036383700440637767e-02
-3.308845159153861459e-02 4.012228680949192494e-02
-2.754127407933992799e-02 4.312814532022457570e-02
-3.240765106420440134e-02 3.996638597163837403e-02
-2.885701913874072488e-02 4.330947918060701340e-02
-3.293044526617450174e-02 4.584032685670536011e-02
-3.019561140354198869e-02 4.577074082044418901e-02
-2.746461971219105180e-02 4.423461771511938423e-02
-3.225843642394465860e-02 4.433173155848635361e-02
-3.457539888586325105e-02 4.376655257510719821e-02
-3.037743304412288126e-02 4.482891712541459128e-02
-2.896313054043275770e-02 3.755765058303950354e-02
-3.436582313406688627e-02 4.508915752376196906e-02
-3.122615568827313837e-02 4.797389124723849818e-02
-3.197694411755946930e-02 4.427705262060044333e-02
-3.498738683083502110e-02 4.583728999568847939e-02
-3.152381819927541073e-02 4.630285352322971448e-02
-3.207004348769260105e-02 4.994581653591012582e-02
-3.483841800152731594e-02 4.734509428817545995e-02
-3.201411756708694156e-02 4.723903795820660889e-02
