1.528308701016247752e-02 4.882523590379030110e-02
4.486608318984508514e-03 9.731361642479896545e-03
4.910533229121938348e-03 1.971226371824741364e-02
-3.573253838112577796e-03 2.969097159802913666e-02
-1.927591132698580623e-03 3.749407548457384109e-02
1.143285335274413228e-03 4.731957893818616867e-02
7.353804336162284017e-03 5.585587956011295319e-02
6.135646981419995427e-03 5.439040344208478928e-02
9.892729140119627118e-03 6.154163880273699760e-02
9.789585092221386731e-03 6.283559952862560749e-02
1.145537519187200814e-02 6.461999809835106134e-02
9.049928470631130040e-03 6.729299447033554316e-02
1.110167168371845037e-02 6.146750890184193850e-02
1.465562726662028581e-02 6.332754925824701786e-02
1.071176207915414125e-02 6.078176270239055157e-02
1.693996549875009805e-02 6.118185649393126369e-02
1.078835451335180551e-02 6.019667576765641570e-02
7.027426690910942852e-03 6.457882229005917907e-02
9.139171525021083653e-03 6.538130703847855330e-02
1.266675065562594682e-02 6.394277757499366999e-02
1.268112610341631807e-02 6.448355026077479124e-02
1.463329498437815346e-02 5.761314590927213430e-02
1.396427039071568288e-02 5.728604158503003418e-02
1.450835229843505658e-02 6.067263431032188237e-02
1.296837689369567670e-02 6.693868667935021222e-02
1.848737351610907353e-02 6.399646567297168076e-02
1.968606459922739305e-02 5.915530331549234688e-02
2.210798967644223012e-02 5.658205764484591782e-02
1.655049450710066594e-02 5.964778087218292058e-02
1.994174128412851132e-02 5.983555695274844766e-02
1.875843297239043750e-02 6.559087900677695870e-02
1.650795110981562175e-02 6.026594672584906220e-02
2.006391276154317893e-02 5.478780023986473680e-02
1.691767693046131171e-02 5.036866251612082124e-02
9.257874251488829032e-03 5.129702750127762556e-02
1.190196958850719966e-02 5.854431062471121550e-02
1.951404757346608676e-02 5.097095191013067961e-02
1.404756217743852176e-02 4.746913502458482981e-02
1.582226893879123963e-02 5.351438105572015047e-02
1.941526556402095594e-02 5.991009261924773455e-02
1.229971196516999044e-02 5.240634793881326914e-02
1.618521698765107431e-02 4.877681366633623838e-02
1.155719059534021653e-02 5.091555824037641287e-02
6.370836319547379389e-03 4.578253149520605803e-02
5.517152403626823798e-03 4.625969647895544767e-02
8.860647478286409751e-03 5.019355507101863623e-02
4.193726726953173056e-03 4.426551319193094969e-02
1.869840114522958174e-03 4.929370607715100050e-02
1.078431264977552928e-02 4.436549113597720861e-02
9.821930118050659075e-03 4.925563267897814512e-02
6.952177649509394541e-03 5.180087371263653040e-02
