3.177921282227222366e-02 4.481604100782066169e-02
8.596199564635753632e-03 9.252781979739665985e-03
9.230718424078077078e-03 1.907124835997819901e-02
2.013052289839833975e-03 2.410678099840879440e-02
9.116614644881337881e-03 3.222943004220724106e-02
1.011252001626417041e-02 3.264151152689009905e-02
1.279520354000851512e-02 3.817188565153628588e-02
6.445692561101168394e-03 4.255506081972271204e-02
1.311669423012062907e-02 4.617944860365241766e-02
8.484143938403576612e-03 4.368799121584743261e-02
1.681949122576043010e-02 3.879514511208981276e-02
9.911973669659346342e-03 3.585566335823386908e-02
1.434531080303713679e-02 4.419443418737500906e-02
1.708291860995814204e-02 4.524806188419461250e-02
1.105351810110732913e-02 5.094406148418784142e-02
6.543705414514988661e-03 4.181573214009404182e-02
9.000260790344327688e-03 4.071004991419613361e-02
3.314639383461326361e-03 3.254596726037561893e-02
-4.776141722686588764e-04 4.175830096937716007e-02
6.686341657768934965e-03 4.199902505206409842e-02
9.950618667062371969e-03 4.103391560784075409e-02
8.427180058788508177e-03 3.940504592901561409e-02
1.014177076285704970e-02 3.723958171030972153e-02
1.413050288101658225e-02 4.313352973258588463e-02
1.015159481903538108e-02 4.269847423711325973e-02
1.055543535039760172e-02 3.548291382321622223e-02
1.296790820197202265e-02 3.765868242771830410e-02
7.114555133739486337e-03 3.996045408712234348e-02
1.267452529282309115e-02 3.578195568115916103e-02
5.595330061623826623e-03 3.509289740759413689e-02
1.138171079219318926e-02 3.339588762901257724e-02
6.999140052357688546e-03 2.914434559352230281e-02
6.126085208961740136e-03 3.802753593481611460e-02
1.277553653926588595e-02 3.146260957873892039e-02
1.317505096085369587e-02 2.948594074405264109e-02
1.475669827777892351e-02 3.396087260625790805e-02
1.227439253125339746e-02 3.839112147397827357e-02
1.118292543105781078e-02 3.215642394206952304e-02
1.457499479874968529e-02 3.568854513287078589e-02
1.175586204044520855e-02 3.554697039362508804e-02
1.346462103538215160e-02 4.082772352558095008e-02
1.908499305136501789e-02 3.650730133813340217e-02
1.173963886685669422e-02 4.468936224293429404e-02
1.094908104278147221e-02 4.712285062123555690e-02
8.757004747167229652e-03 4.275805137876886874e-02
1.636545662768185139e-02 4.468613765493500978e-02
1.280804537236690521e-02 4.646507518191356212e-02
1.753555797040462494e-02 4.295206798997242004e-02
1.534808543510735035e-02 3.691728071135003120e-02
1.552767184330150485e-02 4.200833973300177604e-02
1.426940405508503318e-02 4.915244721632916480e-02
