6.584949147130764180e-02 2.525851761076736146e-02
2.163640223443508148e-03 9.902861900627613068e-03
-4.241422284394502640e-03 1.987641956657171249e-02
3.294261638075113297e-03 2.830972056835889816e-02
-7.060486823320388794e-04 3.795742150396108627e-02
-8.646250498713925481e-04 4.063577996566891670e-02
-5.048309059930033982e-03 4.744536988437175751e-02
-1.206906585139222443e-03 4.849813098553568125e-02
1.219276309711858630e-04 4.593508539255708456e-02
2.357397504965774715e-03 4.925968230236321688e-02
-2.410916800727136433e-03 4.323483223561197519e-02
-6.463439931394532323e-04 4.196700931061059237e-02
2.195257387938909233e-03 4.589172231499105692e-02
-2.006639100727625191e-03 4.651195154292508960e-02
4.379096135380677879e-03 5.002265906659886241e-02
-1.170007351902313530e-03 4.359213187126442790e-02
-4.516195345786400139e-03 4.201094229938462377e-02
4.548473953036591411e-04 4.452834912808611989e-02
-3.056717876461334527e-03 4.765898158075287938e-02
-9.739015513332560658e-04 4.904365824768319726e-02
5.391969505581073463e-03 4.422889655688777566e-02
5.697939210222102702e-03 4.318957281066104770e-02
-2.328130751266144216e-03 4.714924021391198039e-02
3.873758396366611123e-04 4.547232558252289891e-02
1.334587825112976134e-03 4.448024200974032283e-02
2.852331861504353583e-03 4.208391899010166526e-02
5.890254178666509688e-03 4.648421745514497161e-02
2.640479026013053954e-03 4.125067865243181586e-02
2.940113961813040078e-03 4.582775611197575927e-02
-2.156954418751411140e-03 4.363493173150345683e-02
2.961994920042343438e-03 4.556807241169735789e-02
-3.778301805141381919e-03 4.541922829230315983e-02
-6.851323574665002525e-03 4.596802851301617920e-02
-2.875209946068935096e-03 4.287086453405208886e-02
2.484341923263855278e-03 4.322956289979629219e-02
-6.380515842465683818e-04 4.537118991720490158e-02
-1.486602981458418071e-03 4.849776925402693450e-02
1.042948992107994854e-03 4.417216379079036415e-02
-3.122278532828204334e-03 4.649633957887999713e-02
-3.109289488747890573e-03 4.272017392213456333e-02
-5.675506936313468032e-04 4.251305732759647071e-02
-1.911739159368153196e-03 4.238441084453370422e-02
-6.768013156943197828e-03 4.742273884767200798e-02
-2.691607262931938749e-03 4.478860214294400066e-02
-6.529949644573207479e-03 5.052218759374227375e-02
-4.197183569885964971e-03 4.563180204422678798e-02
-8.793245460765319876e-04 4.602928752137813717e-02
3.275307321928266902e-03 5.209607457800302655e-02
3.477971452412020881e-03 4.589604739157948643e-02
-4.416424398186791223e-03 5.083506939990911633e-02
-7.974707138600933831e-03 4.427293235494289547e-02
