3.303981229386789703e-02 4.438416606394303410e-02
-9.869155474007129669e-03 4.356219898909330368e-03
-1.942217070609331131e-02 5.364716169424355030e-03
-2.927702106535434723e-02 7.263658102601766586e-03
-3.895550221204757690e-02 1.465951185673475266e-02
-4.870505072176456451e-02 1.122589875012636185e-02
-5.627243919298052788e-02 6.576410960406064987e-03
-6.304490240290760994e-02 4.868811229243874550e-03
-6.729168817400932312e-02 7.964559597894549370e-03
-6.978243752382695675e-02 3.158538835123181343e-03
-7.240727217867970467e-02 4.662924329750239849e-03
-7.800259953364729881e-02 -8.048397721722722054e-04
-8.570260228589177132e-02 4.288584343157708645e-03
-8.308914839290082455e-02 -1.928799436427652836e-03
-8.884945861063897610e-02 4.171554814092814922e-03
-8.971587050473317504e-02 8.271915721707046032e-03
-8.677593938773497939e-02 7.666085788514465094e-03
-8.413071878021582961e-02 1.414321729680523276e-02
-7.843065535416826606e-02 1.284606888657435775e-02
-8.390374149894341826e-02 9.690717037301510572e-03
-8.616218407405540347e-02 5.381890281569212675e-03
-8.059086295543238521e-02 7.963764423038810492e-03
-8.618720498634502292e-02 1.124236796749755740e-02
-8.663055981742218137e-02 1.029391383053734899e-02
-8.248692128108814359e-02 6.969268259126693010e-03
-8.301447541452944279e-02 3.703404741827398539e-03
-8.290287644922500476e-02 7.684693264309316874e-03
-8.638802196219330654e-02 1.078231784049421549e-03
-8.748858121543889865e-02 4.109155212063342333e-03
-8.665745166217675433e-02 8.479646698106080294e-03
-8.459966812370112166e-02 6.075364595744758844e-03
-8.546591133199399337e-02 1.999741070903837681e-04
-8.514456720877205953e-02 3.524822473991662264e-03
-8.633290314901387319e-02 6.466504710260778666e-03
-8.546630883211037144e-02 1.000538526568561792e-03
-8.665018525061896071e-02 7.508276088628917933e-03
-8.176718928007176146e-02 3.893703978974372149e-03
-7.645905479876091704e-02 5.725520371925085783e-03
-7.876612405380001292e-02 3.164922760333865881e-03
-8.556948249315610155e-02 6.342571403365582228e-03
-8.541786735440837219e-02 5.598736461251974106e-03
-8.177572669956134632e-02 2.640344668179750443e-03
-8.033164445805596188e-02 4.755001747980713844e-03
-8.127296210295753554e-02 6.081666448153555393e-03
-8.292100305698113516e-02 6.114602783782174811e-03
-8.100940223812358454e-02 7.484699013730278239e-03
-8.815312229125993326e-02 8.419261659582844004e-03
-9.216812282829778269e-02 7.825657838111510500e-03
-9.314629639993654564e-02 1.101247255792259239e-02
-9.006455046619521454e-02 8.316923976963153109e-03
-8.404777030955301598e-02 6.254598611121764407e-03
