5.033849850058536024e-02 3.640622413175202687e-02
7.889420725405216217e-03 9.685016237199306488e-03
1.254971930757164955e-02 1.954877376556396484e-02
2.156912581995129585e-02 2.911554556339979172e-02
1.968485023826360703e-02 3.881305269896984100e-02
2.589597692713141441e-02 4.873694479465484619e-02
2.496709936531260610e-02 5.737816728651523590e-02
2.893391932593658566e-02 6.446539796888828278e-02
2.309757313923910260e-02 6.370220461394637823e-02
2.782878448488190770e-02 6.574614567216485739e-02
3.361605555983260274e-02 6.431181414518505335e-02
2.739758911775425076e-02 6.955298373941332102e-02
2.729169133817777038e-02 7.044981070794165134e-02
2.312138251727446914e-02 6.647731992416083813e-02
2.280157021596096456e-02 5.989721068181097507e-02
3.009529746486805379e-02 6.383052817545831203e-02
2.757328780717216432e-02 6.222093454562127590e-02
3.075080653070472181e-02 6.671470520086586475e-02
2.782377027324400842e-02 6.807474244851619005e-02
2.927737377467565238e-02 6.379202904645353556e-02
2.711891729268245399e-02 6.446288409642875195e-02
2.503861041623167694e-02 5.907219438813626766e-02
2.813513131695799530e-02 6.085125228855758905e-02
2.782091649714857340e-02 6.712085113395005465e-02
3.396330832038074732e-02 6.637530849548056722e-02
2.657510817516595125e-02 6.384615722345188260e-02
3.330629889387637377e-02 6.152930442476645112e-02
2.760899963323026896e-02 6.329268153058364987e-02
3.148704103659838438e-02 5.912808730499818921e-02
3.527383378241211176e-02 5.852667050203308463e-02
2.849387249443680048e-02 6.560413440456613898e-02
2.803006611065939069e-02 6.385335052618756890e-02
2.607813983922824264e-02 5.872837413335219026e-02
3.374429134419187903e-02 6.243957026163116097e-02
3.144009731477126479e-02 6.191851064795628190e-02
2.506552491104230285e-02 6.224713250412605703e-02
2.879816311178728938e-02 6.209913417114876211e-02
2.913732902379706502e-02 6.203347011614823714e-02
3.204374207416549325e-02 5.675577870715642348e-02
3.305566561175510287e-02 5.745578520145500079e-02
3.219084040028974414e-02 5.567044855706626549e-02
2.725172665668651462e-02 5.695216891035670415e-02
1.949421333847567439e-02 5.720505113276885822e-02
1.766125316498801112e-02 5.096602108824299648e-02
2.633151615737006068e-02 5.463731912459479645e-02
2.076566516188904643e-02 5.227225152339087799e-02
2.129757223883643746e-02 5.025928346003638580e-02
2.341310662450268865e-02 4.492034315626369789e-02
2.607825916493311524e-02 5.312680005590664223e-02
3.166154777863994241e-02 5.430175661604152992e-02
3.625749243656173348e-02 5.427812397101661190e-02
