6.742394180161993822e-02 2.385128348195289516e-02
9.804258123040199280e-03 9.792929515242576599e-03
1.971065346151590347e-02 1.393604371696710587e-02
2.968836016952991486e-02 2.221357263624668121e-02
3.832935821264982224e-02 2.540084510110318661e-02
4.800648707896471024e-02 2.113921730779111385e-02
5.542546277865767479e-02 2.365179848857223988e-02
6.358660897240042686e-02 2.626560279168188572e-02
6.229775631800293922e-02 3.075777576304972172e-02
5.961019312962889671e-02 2.841292973607778549e-02
5.976443803228903562e-02 2.523059793747961521e-02
6.141076721542049199e-02 3.000023798085749149e-02
5.818387978069949895e-02 2.180970110930502415e-02
6.051105838560033590e-02 3.112407145090401173e-02
6.065369825228117406e-02 2.712351153604686260e-02
6.363021940342150629e-02 2.378717856481671333e-02
6.250508522498421371e-02 2.598909917287528515e-02
5.589713316294364631e-02 2.377484692260622978e-02
5.921531651983968914e-02 2.143739489838480949e-02
6.376073227147571743e-02 2.319826150778681040e-02
5.595832594553939998e-02 3.001190547365695238e-02
5.640711076557636261e-02 3.178085328545421362e-02
5.889351619407534599e-02 2.289481216575950384e-02
6.427234644070267677e-02 2.893566887360066175e-02
6.418070728250313550e-02 2.443239453714340925e-02
7.029323391907382756e-02 2.688121318351477385e-02
6.226563379459548742e-02 2.901909349020570517e-02
6.629576226987410337e-02 3.244661085773259401e-02
6.446059078734833747e-02 2.454328828025609255e-02
6.660855382506269962e-02 2.093944500666111708e-02
5.925214577291626483e-02 2.795567212160676718e-02
6.019738958275411278e-02 2.489120548125356436e-02
5.898876536230091006e-02 2.473984187236055732e-02
6.392192329803947359e-02 2.749295643297955394e-02
6.674527611176017672e-02 2.305279130814597011e-02
6.535122905916068703e-02 2.689912420464679599e-02
6.947304018831346184e-02 2.412905864184722304e-02
6.825853175541851670e-02 2.405334047944052145e-02
6.181607944017741829e-02 3.140651265130145475e-02
6.555134629888925701e-02 2.908598578505916521e-02
6.404245529847685248e-02 2.527419494435889646e-02
6.139384537527803332e-02 2.074757374793989584e-02
6.025760203192476183e-02 3.015806216717464849e-02
5.925478904100600630e-02 2.711593772255582735e-02
5.859548361331690103e-02 3.022937796049518511e-02
6.450819499150384218e-02 2.645818393648369238e-02
6.671284926414955407e-02 2.575789135153172538e-02
6.500136149406898767e-02 3.086033951694844291e-02
6.359762624197173864e-02 2.593876304308651015e-02
6.076168567233253270e-02 2.441801677196053788e-02
6.319247507781255990e-02 2.445615897522657178e-02
