3.428793349635255588e-02 4.393794556274745189e-02
9.940564632415771484e-03 9.696072898805141449e-03
1.989508606493473053e-02 1.963958144187927246e-02
2.980126254260540009e-02 2.844364289194345474e-02
3.942951746284961700e-02 3.725556284189224243e-02
4.786301311105489731e-02 4.515423160046339035e-02
5.318270390853285789e-02 3.955537173897027969e-02
4.832473583519458771e-02 4.380204621702432632e-02
5.404166039079427719e-02 4.272045381367206573e-02
5.183810717426240444e-02 4.468231811188161373e-02
5.608610971830785275e-02 4.201620770618319511e-02
5.564437492284923792e-02 3.743673628196120262e-02
5.076925980392843485e-02 3.989025298506021500e-02
5.055896985868457705e-02 4.029309217003174126e-02
5.159276108315680176e-02 3.810101983253844082e-02
5.192956428800243884e-02 4.342705247108824551e-02
5.292793487024027854e-02 4.317708668531849980e-02
5.447018712584394962e-02 3.640769125195220113e-02
4.979196151543874294e-02 3.851185209350660443e-02
5.419999182049650699e-02 4.264702444197610021e-02
5.339300575724337250e-02 4.122793563874438405e-02
5.585947925283107907e-02 4.599173442693427205e-02
4.968729022948537022e-02 4.575183468114119023e-02
5.592792727111373097e-02 3.874765142973046750e-02
5.031972857250366360e-02 4.081171021971385926e-02
5.177190389076713473e-02 3.891388051852118224e-02
4.857358198205474764e-02 3.649143273651134223e-02
4.741754570568446070e-02 3.305959752469789237e-02
5.041326560603920370e-02 2.806541514291893691e-02
5.659806892799679190e-02 3.611300890042912215e-02
4.776006263273302466e-02 4.158110781281720847e-02
4.905961315671447664e-02 4.022262377839069813e-02
5.198867364379111677e-02 3.497426577087026089e-02
4.983667658234480768e-02 3.873091509740334004e-02
4.689026834967080504e-02 4.617047581996303052e-02
5.360113947244826704e-02 4.093322010885458440e-02
5.344356207933742553e-02 4.321521140809636563e-02
5.075353647407609969e-02 3.893060974951367825e-02
5.848164793860632926e-02 4.523415250878315419e-02
5.085269625124055892e-02 5.042425302963238209e-02
5.811747100960928947e-02 4.432603057648520917e-02
5.179880776267964393e-02 4.121975593443494290e-02
5.466483633790630847e-02 4.375445183541160077e-02
5.563186087238136679e-02 4.809849888260941952e-02
5.319914269784931093e-02 5.670974023814778775e-02
5.816745899210218340e-02 4.758723631675820798e-02
5.679446902649942786e-02 5.201958764519076794e-02
5.503335922549013048e-02 4.382168214942794293e-02
5.681028090475592762e-02 4.410719910811167210e-02
5.287734711600933224e-02 4.335116605216171592e-02
5.345902762201149017e-02 4.250460844195913523e-02
