3.339277751788098658e-02 4.425986637822749981e-02
8.869086392223834991e-03 9.250880219042301178e-03
1.833745557814836502e-02 1.635382231324911118e-02
2.365508861839771271e-02 2.453263103961944580e-02
3.085744334384799004e-02 3.048247983679175377e-02
3.677804302424192429e-02 2.472075400874018669e-02
3.414151980541646481e-02 3.196956310421228409e-02
3.125743591226637363e-02 3.011998452711850405e-02
3.370126802474260330e-02 2.714548038784414530e-02
2.838001027703285217e-02 3.144131472799926996e-02
3.478446230292320251e-02 2.842510642949491739e-02
3.931373590603470802e-02 2.744894090574234724e-02
3.634082805365324020e-02 2.799488726304844022e-02
3.093227278441190720e-02 3.305791068123653531e-02
3.034863725770264864e-02 3.065343905473127961e-02
3.074996010400354862e-02 3.805303253466263413e-02
3.252392541617155075e-02 3.151507588336244226e-02
3.470880398526787758e-02 2.683932898798957467e-02
3.162131202407181263e-02 2.995669824304059148e-02
2.936120238155126572e-02 3.666054672794416547e-02
3.324688505381345749e-02 3.496507898671552539e-02
3.793869772925972939e-02 3.080342913744971156e-02
4.071564716286957264e-02 3.471337229711934924e-02
4.009379487251862884e-02 3.140149702085182071e-02
3.648975648684427142e-02 2.610142779303714633e-02
3.603356101666577160e-02 3.105308598605915904e-02
4.381820655544288456e-02 3.505826991749927402e-02
4.262893300619907677e-02 3.194908838486298919e-02
4.115443330374546349e-02 3.479706490179523826e-02
3.617126101744361222e-02 3.767237387364730239e-02
4.112258905661292374e-02 3.024321229895576835e-02
3.780818826635368168e-02 3.833756124367937446e-02
4.409604429383762181e-02 3.968736325623467565e-02
3.956844800268299878e-02 3.254856198327615857e-02
4.192908879485912621e-02 3.073748567840084434e-02
4.587591977906413376e-02 3.413292620098218322e-02
4.153108948958106339e-02 3.817775094648823142e-02
3.758028082665987313e-02 4.141754464944824576e-02
3.479861308005638421e-02 3.684219665592536330e-02
3.756816199165768921e-02 3.607170411851257086e-02
4.130365050514228642e-02 3.185450739692896605e-02
3.554906605859287083e-02 2.517891570460051298e-02
3.431753572658635676e-02 3.089091216679662466e-02
4.085586956352926791e-02 3.649778745602816343e-02
4.122645666939206421e-02 4.014267341699451208e-02
4.469146046903915703e-02 3.502219531219452620e-02
3.706048641470260918e-02 3.345855092629790306e-02
3.247681798529811203e-02 3.357477163808653131e-02
4.024829927948303521e-02 3.853454537602374330e-02
4.103043259237892926e-02 3.518768450157949701e-02
3.505857617710717022e-02 3.448815309820929542e-02
