-7.443841926706957352e-03 4.972256122548297796e-02
-2.506139222532510757e-03 8.751847781240940094e-03
-7.172251120209693909e-03 1.597153162583708763e-02
-8.148157969117164612e-03 2.498909784480929375e-02
-8.532784355338662863e-03 2.901291567832231522e-02
-3.484535904135555029e-03 3.111091698519885540e-02
-7.552392198704183102e-04 2.851268975064158440e-02
-1.723618479445576668e-04 3.562604356557130814e-02
-2.525552525185048580e-03 3.216719208285212517e-02
-4.100281628780066967e-03 3.514045174233615398e-02
2.707388834096491337e-03 2.899729250930249691e-02
-4.295718739740550518e-03 3.416923969052731991e-02
-7.491510477848351002e-03 3.306676063220947981e-02
-2.969315857626497746e-03 3.991257573943585157e-02
-4.966098931618034840e-03 3.533264657016843557e-02
-1.953571685589849949e-03 3.655634180177003145e-02
-3.722281660884618759e-03 3.217205416876822710e-02
-1.030153222382068634e-02 3.331176762003451586e-02
-1.009229369810782373e-02 3.255079098744317889e-02
-6.961670558666810393e-03 3.117344452766701579e-02
-1.013765865354798734e-02 2.856061718193814158e-02
-6.305316084763035178e-03 3.146373521303758025e-02
-2.443521603709086776e-03 2.665547415381297469e-02
2.509011566871777177e-03 2.803848305484279990e-02
2.411906658380758017e-03 2.543254120973870158e-02
-5.982662041787989438e-04 3.226051077945157886e-02
-1.005177568004000932e-03 3.841844777343794703e-02
-4.838377186388242990e-03 3.050012252060696483e-02
-3.429757380217779428e-03 2.966301346896216273e-02
-1.702387417026329786e-03 2.389984362525865436e-02
4.876582352153491229e-03 3.180150565458461642e-02
-1.113989455916453153e-03 3.331482579233124852e-02
5.402495553425978869e-03 2.467286289902403951e-02
-2.488201083906460553e-03 3.015780850546434522e-02
6.362885978887788951e-04 3.260064643109217286e-02
-1.364998825010843575e-04 2.923402591841295362e-02
5.458016457851044834e-04 2.840768441092222929e-02
-3.967910022765863687e-03 3.577062196563929319e-02
1.942832532222382724e-04 2.886337356176227331e-02
-8.303741873532999307e-03 3.619610227178782225e-02
-1.291045868129003793e-03 3.324207884725183249e-02
-4.602108798280823976e-03 3.707780933473259211e-02
-4.523915849858894944e-03 3.576009732205420732e-02
-1.886951649794355035e-03 2.958699420560151339e-02
-1.607888669241219759e-03 3.005433155340142548e-02
-5.482697684783488512e-03 2.912204343010671437e-02
2.803844574373215437e-03 3.316937389899976552e-02
-7.393593550659716129e-04 3.304134192876517773e-02
5.015354254283010960e-04 2.871624310500919819e-02
-3.543413477018475533e-04 3.637816966511309147e-02
-2.654244308359920979e-03 3.340503643266856670e-02
