1.294318664344795006e-02 4.915883177767309264e-02
9.838324971497058868e-03 9.937473572790622711e-03
1.406277529895305634e-02 1.982378493994474411e-02
2.156443940475583076e-02 2.746172435581684113e-02
1.905253645963966846e-02 3.693162743002176285e-02
1.605840213596820831e-02 3.764331998536363244e-02
2.050387021154165268e-02 4.217729490483179688e-02
2.400029287673532963e-02 3.835579572478309274e-02
1.788632734678685665e-02 3.544026083545759320e-02
2.228857367299497128e-02 4.019100480945780873e-02
1.430902327410876751e-02 4.245570703642442822e-02
2.008156594820320606e-02 3.411032288568094373e-02
2.591428090818226337e-02 2.852568851085379720e-02
1.851699477992951870e-02 2.569716918515041471e-02
2.092735283076763153e-02 3.143809997709468007e-02
2.618961548432707787e-02 4.049679898889735341e-02
2.652568314806558192e-02 3.162260894896462560e-02
2.615083788987249136e-02 3.912827820749953389e-02
2.917506906669586897e-02 3.947310417424887419e-02
2.712864626664668322e-02 3.522765717934817076e-02
2.554879186209291220e-02 3.944173303898423910e-02
2.123872272204607725e-02 4.364184092264622450e-02
2.618232450913637877e-02 3.812766948249191046e-02
2.041167987044900656e-02 4.278683324810117483e-02
2.000143303303048015e-02 3.639260621275752783e-02
2.180671220412477851e-02 3.312345186714082956e-02
2.899903751676902175e-02 3.013028495479375124e-02
2.350758382817730308e-02 3.135810722596943378e-02
2.877238806104287505e-02 3.270790679380297661e-02
2.533599076559767127e-02 3.733476111665368080e-02
2.589944418286904693e-02 3.494907449930906296e-02
3.101607825374230742e-02 3.392567473929375410e-02
2.734342723852023482e-02 4.217861953657120466e-02
2.794610767159610987e-02 3.464283084031194448e-02
2.559369418304413557e-02 3.241254307795315981e-02
2.459783654194325209e-02 3.462427470367401838e-02
3.160501213278621435e-02 3.655500500462949276e-02
2.654534752946346998e-02 3.027690644375979900e-02
2.360864949878305197e-02 3.895842540077865124e-02
2.195117902010679245e-02 3.879509377293288708e-02
1.741604274138808250e-02 4.052679461892694235e-02
2.448908984661102295e-02 4.327247769106179476e-02
2.083112671971321106e-02 3.941332374233752489e-02
2.449141559191048145e-02 3.791463887318968773e-02
2.020097314380109310e-02 3.473522467538714409e-02
2.648498094640672207e-02 3.808595333248376846e-02
2.132776309736073017e-02 3.796539221366401762e-02
1.762874727137386799e-02 4.430661442165728658e-02
1.836378936422988772e-02 3.674838224833365530e-02
2.127016423037275672e-02 3.641964953567367047e-02
1.532871503150090575e-02 2.885809533472638577e-02
