5.158030927555548595e-02 3.567071667167286131e-02
9.392120875418186188e-03 9.715499356389045715e-03
1.876202318817377090e-02 1.877228822559118271e-02
2.627965994179248810e-02 2.159800962544977665e-02
2.795498911291360855e-02 2.875951700843870640e-02
3.497345978394150734e-02 2.934857894433662295e-02
3.446622722549363971e-02 3.361326240701600909e-02
2.862368820933625102e-02 4.040113947121426463e-02
2.512515074340626597e-02 3.967605670914053917e-02
2.926874504191800952e-02 3.862396266777068377e-02
2.993612509453669190e-02 3.833194880280643702e-02
2.843621541978791356e-02 3.878435163642279804e-02
2.618512447224929929e-02 3.478476076270453632e-02
2.123932429822161794e-02 4.344680297072045505e-02
2.144774266344029456e-02 3.776884541730396450e-02
2.778910922643262893e-02 4.192158297519199550e-02
2.907303856045473367e-02 4.468839123728685081e-02
2.624012572050560266e-02 4.274676585919223726e-02
2.695298889011610299e-02 4.581728586344979703e-02
3.003918631293345243e-02 4.536861905944533646e-02
2.661733976856339723e-02 4.803578488645143807e-02
3.288336838886607438e-02 3.986488215741701424e-02
3.151860211801249534e-02 3.721567083266563714e-02
2.561797884118277580e-02 4.221014797803945839e-02
2.987388645124156028e-02 4.413860852946527302e-02
2.284520615648943931e-02 3.825982476701028645e-02
2.985544672992546111e-02 3.780254151206463575e-02
2.774876596231479198e-02 3.667135385330766439e-02
2.560341481876093894e-02 3.801716351881623268e-02
2.383274149906355888e-02 4.136856459081172943e-02
2.862964927044231445e-02 3.751127747818827629e-02
2.836572290107142180e-02 4.275749716907739639e-02
2.210603239655029029e-02 4.348299774574115872e-02
2.538251392252277583e-02 4.316671047126874328e-02
2.259987480647396296e-02 4.411405476275831461e-02
2.469377410307060927e-02 4.085510119330137968e-02
2.717091683007311076e-02 4.153761727502569556e-02
3.360500307462643832e-02 4.489619837841019034e-02
2.999944430484902114e-02 4.267501406138762832e-02
3.478882745548617095e-02 4.284839800675399601e-02
2.732408796146046370e-02 4.605211180751211941e-02
2.964706560305785388e-02 3.776224938337691128e-02
3.177494071132969111e-02 3.571815279428847134e-02
2.503334991342853755e-02 3.489461567369289696e-02
2.430970546265598387e-02 4.286637462791986763e-02
2.594487542228307575e-02 3.747510377434082329e-02
2.954500784107949585e-02 3.741350535710807890e-02
2.651241944113280624e-02 4.197428839688654989e-02
2.984805508458521217e-02 3.558267325570341200e-02
2.984009667216014350e-02 3.986639714275952429e-02
2.893642349317815388e-02 3.735260221583303064e-02
