3.152744556558517708e-02 4.490005361489035618e-02
5.613353103399276733e-03 9.356572292745113373e-03
8.414519717916846275e-03 1.901192404329776764e-02
1.124037592671811581e-02 2.738530747592449188e-02
1.122067182404862251e-02 3.396911732852458954e-02
1.012131781862990465e-02 3.737924550659954548e-02
7.447758694979711436e-03 4.294118261896073818e-02
1.422304241532401647e-02 4.082188103348016739e-02
8.144598925355239771e-03 4.225597588811069727e-02
8.515046565662487410e-03 3.803622780833393335e-02
3.038433502297266386e-03 3.742832719581201673e-02
3.246104422942153178e-03 4.123688867548480630e-02
3.358715473950724117e-03 3.767183847958222032e-02
4.277560363334487192e-03 3.714938531629741192e-02
6.454258660596678965e-03 3.686147640109993517e-02
8.305015011501382105e-03 3.831152027123607695e-02
7.870906641983310692e-03 4.375859317951835692e-02
1.099675302793912124e-02 4.317445875494740903e-02
7.053299019389669411e-03 4.487396715558134019e-02
9.766336674147169106e-03 4.164197095087729394e-02
1.466007824456028175e-02 4.069442939362488687e-02
7.972756544404546730e-03 4.535376731655560434e-02
8.074333583863335662e-03 3.952693738392554224e-02
-3.290850017947377637e-04 4.371231919503770769e-02
1.459126984627800994e-03 4.538218615925870836e-02
-5.420669755039853044e-03 4.354005338973365724e-02
2.221615704911528155e-04 3.907207245356403291e-02
1.284912386836367659e-03 4.774787774658761919e-02
4.098878633158165030e-03 4.884474384016357362e-02
8.015589248316246085e-03 4.315658225095830858e-02
6.547626382598537020e-03 4.958298322162590921e-02
1.170347099650825839e-02 4.573421608074568212e-02
1.255264405153866392e-02 4.904793374589644372e-02
9.253964452000218444e-03 4.930031171534210443e-02
4.097594572158413939e-03 4.576391691807657480e-02
1.068906783984857611e-03 4.973986616823822260e-02
3.812472727076965384e-03 4.324106418062001467e-02
1.060267437242146116e-02 4.817093221936374903e-02
3.438155557887512259e-03 4.390739521477371454e-02
1.245437694706197362e-02 4.715574218425899744e-02
8.485528565870481543e-03 4.614444507751613855e-02
2.525065019653993659e-03 4.719558369833976030e-02
6.044394960554200225e-03 4.666026605991646647e-02
1.006443022743042093e-02 5.144881241722032428e-02
1.503555539056833368e-02 5.168914548994507641e-02
5.758128752859192900e-03 5.713035106600727886e-02
2.958547482194262557e-03 5.253206273482646793e-02
9.649282945247250609e-03 4.885482705140020698e-02
1.469208595335658174e-02 5.363390930870082229e-02
1.522739288157026749e-02 4.831743483373429626e-02
1.068134336492221337e-02 4.723085112345870584e-02
