-4.296406418396202243e-02 4.029999550828555765e-02
-1.583342556841671467e-03 8.538467809557914734e-03
3.959803259931504726e-03 1.723935361951589584e-02
-4.142791614867746830e-03 2.293081721290946007e-02
-9.487689123488962650e-03 3.215674543753266335e-02
-1.404856017325073481e-02 3.996780281886458397e-02
-1.442877759109251201e-02 4.679508926346898079e-02
-1.204054357367567718e-02 4.455019487068057060e-02
-1.296718118828721344e-02 5.312903830781579018e-02
-1.542754870024509728e-02 5.547380750067532063e-02
-1.910547589068301022e-02 5.646467988844960928e-02
-2.455458141048438847e-02 5.682810966391116381e-02
-2.285824276623316109e-02 5.274099169764667749e-02
-1.449883382883854210e-02 5.571767257060855627e-02
-2.140325101208873093e-02 5.990102456416934729e-02
-2.438042013091035187e-02 5.556979251559823751e-02
-2.258250085287727416e-02 5.699865892529487610e-02
-1.732589831226505339e-02 5.720601274515502155e-02
-1.976981494226492941e-02 5.444220613571815193e-02
-2.453318671905435622e-02 5.575073554064147174e-02
-1.754481406533159316e-02 5.714546990930102766e-02
-2.020315724075771868e-02 6.191646875231526792e-02
-2.716340069309808314e-02 5.958214224665425718e-02
-2.040578369633294642e-02 5.898064796929247677e-02
-1.706708446727134287e-02 5.704455685918219388e-02
-2.182450462714768946e-02 5.311877888743765652e-02
-1.917284671799279749e-02 6.051026241038925946e-02
-2.193379230448044837e-02 5.346628281404264271e-02
-2.395449453615583479e-02 5.814962464501149952e-02
-2.166943615884520113e-02 5.890761691262014210e-02
-1.793091619038023055e-02 5.767588879098184407e-02
-1.693639243603684008e-02 5.984177606296725571e-02
-2.107363558025099337e-02 5.719196822610683739e-02
-1.908247210667468607e-02 5.659738447866402566e-02
-2.525485577643848956e-02 5.456071285880170763e-02
-2.649539828416891396e-02 5.472849277430213988e-02
-2.368366837617941201e-02 5.677342080161906779e-02
-3.069964682799763978e-02 6.185177704901434481e-02
-2.985948362038470805e-02 6.388710872852243483e-02
-2.878153839264996350e-02 6.012685611494816840e-02
-2.474522174452431500e-02 5.954151230980642140e-02
-1.921853845124132931e-02 5.899979968671686947e-02
-2.362673918833024800e-02 6.104168065940029919e-02
-2.337981978780589998e-02 5.892015111749060452e-02
-2.337255159773121704e-02 5.656605263357050717e-02
-2.241560379889051546e-02 6.148336318437941372e-02
-2.372091862753222813e-02 6.220544604002498090e-02
-2.540527429346184363e-02 5.901448041549883783e-02
-3.151982190001945128e-02 5.873028546920977533e-02
-3.195218267183008720e-02 5.483395149349234998e-02
-2.929933010864260723e-02 5.642452169558964670e-02
