-2.533955491778810964e-02 4.673627528785880003e-02
-9.056719020009040833e-03 9.814569726586341858e-03
-1.129318308085203171e-02 1.826934516429901123e-02
-1.625749422237277031e-02 2.730505168437957764e-02
-1.948105450719594955e-02 3.013483458198606968e-02
-1.365850819274783134e-02 3.341929591260850430e-02
-9.537348989397287369e-03 4.140458698384463787e-02
-9.036070376168936491e-03 4.642357700504362583e-02
-1.023126271320506930e-02 4.026893968693912029e-02
-1.017770675025531091e-02 3.732054424472153187e-02
-8.250327464338624850e-03 4.407545016147196293e-02
-1.266348795979865827e-02 4.737888742238283157e-02
-1.131259164321818389e-02 4.584952048026025295e-02
-7.560174246464157477e-03 4.684790188912302256e-02
-8.399227608606452122e-03 4.354100895579904318e-02
-5.648958471283549443e-03 4.059060651343315840e-02
-6.817189834691816941e-03 4.521840985398739576e-02
-1.161700705779367127e-02 4.366610466968268156e-02
-1.237228789614164270e-02 4.823819908779114485e-02
-1.116075678510242142e-02 4.353941965382546186e-02
-1.182381852777325548e-02 3.912346519064158201e-02
-1.140714512803242542e-02 3.420529130380600691e-02
-6.343887947878101841e-03 3.977017651777714491e-02
-7.203391058283159509e-03 4.427093488629907370e-02
-1.203086297391564585e-02 3.839944896753877401e-02
-1.286453759894357063e-02 3.566713270265609026e-02
-9.935281766956904903e-03 3.726353694219142199e-02
-1.084632322090328671e-02 3.436009946744889021e-02
-8.937855254771420732e-03 4.025974345859140158e-02
-9.527868478471646085e-03 4.417805967386811972e-02
-9.930236181389773265e-03 4.924029519315809011e-02
-8.739996967051411048e-03 4.480715456884354353e-02
-9.722482329380000010e-03 4.231663898099213839e-02
-1.525424226201721467e-02 3.717126988340169191e-02
-8.951771455031121150e-03 4.288953694049268961e-02
-1.519560386441298760e-02 4.791913984809070826e-02
-1.389246157850720920e-02 4.064279107842594385e-02
-1.293677863213815726e-02 4.698933952022343874e-02
-1.293512758354609105e-02 4.518027359154075384e-02
-1.068823038156097027e-02 4.279954975936561823e-02
-1.267920316684012505e-02 4.518051317427307367e-02
-1.491325254107778164e-02 3.990647208411246538e-02
-2.163430953885381314e-02 4.536981007549911737e-02
-1.600866018350188824e-02 4.573494574287906289e-02
-1.183627777288620564e-02 4.303282295586541295e-02
-1.709498510251705738e-02 4.746520082699134946e-02
-1.137690430994098278e-02 3.981261776061728597e-02
-1.240317044801031443e-02 3.743161080637946725e-02
-1.575412797762965056e-02 4.159893986070528626e-02
-1.286063237137113902e-02 4.313575377454981208e-02
-1.114275502993677947e-02 4.622473818017169833e-02
