-2.748540210299547232e-02 4.614859682406526054e-02
-8.358567021787166595e-03 9.479398839175701141e-03
-1.116503379307687283e-02 1.877058017998933792e-02
-1.531099085696041584e-02 2.760432939976453781e-02
-1.165847666561603546e-02 3.379551600664854050e-02
-6.126639898866415024e-03 3.810934489592909813e-02
-4.815282882191240788e-03 3.862200799630954862e-02
-6.003488320857286453e-03 3.657632885733619332e-02
-1.219729706645011902e-02 3.273878159234300256e-02
-8.279444649815559387e-03 3.289058746304363012e-02
-1.113580516539514065e-02 4.053314484190195799e-02
-1.176703738747164607e-02 4.191330820322036743e-02
-6.756730552297085524e-03 3.919452335685491562e-02
-7.660041330382227898e-03 3.454215452075004578e-02
-9.117870125919580460e-03 3.615771455224603415e-02
-4.670445807278156281e-03 3.433365456294268370e-02
-4.237871064106002450e-03 4.006841767113655806e-02
-8.355337107786908746e-03 4.255568853113800287e-02
-4.967229120666161180e-03 4.164755693636834621e-02
-9.922025870764628053e-03 4.270338639616966248e-02
-7.511197967687621713e-03 4.704718803986907005e-02
-5.431421479443088174e-03 4.447746137157082558e-02
-4.568291391478851438e-03 3.804458677768707275e-02
-8.288966520922258496e-03 4.339814465492963791e-02
-2.730030129896476865e-03 4.198870109394192696e-02
-1.018560587544925511e-02 4.004895733669400215e-02
-1.158482968457974494e-02 4.453404340893030167e-02
-8.833078813040629029e-03 4.099139082245528698e-02
-1.023517971043474972e-02 4.681907757185399532e-02
-1.018163805201766081e-02 4.057063977234065533e-02
-9.218567680363776162e-03 4.415877140127122402e-02
-7.400332764518680051e-03 4.724180605262517929e-02
-9.932504315656842664e-03 4.455282841809093952e-02
-1.142541463559609838e-02 4.532918485347181559e-02
-6.828399422374786809e-03 4.397683183196932077e-02
-1.079707085227710195e-02 4.308670503087341785e-02
-9.179300675896229222e-03 4.667086224071681499e-02
-1.064084114113938995e-02 4.275679099373519421e-02
-1.438444496670854278e-02 4.825043655000627041e-02
-1.217591406384599395e-02 4.496491048485040665e-02
-1.066629290653509088e-02 4.166484391316771507e-02
-1.096513688753475435e-02 4.843327775597572327e-02
-5.229825696005718783e-03 4.228538740426301956e-02
-6.569811452209251001e-03 4.777535190805792809e-02
-3.767473001062171534e-03 4.167264839634299278e-02
-8.325294435053365305e-03 4.086429736344143748e-02
-5.423510290711419657e-03 4.235756053822115064e-02
-7.885855698987143114e-03 4.328779829666018486e-02
-1.446581686104764231e-02 4.063186910934746265e-02
-8.268605062767164782e-03 3.762003756128251553e-02
-8.949629864218877628e-03 3.809834693674929440e-02
