-2.461790234770666955e-02 4.692243746418461869e-02
-9.141703136265277863e-03 9.942337870597839355e-03
-1.305615482851862907e-02 1.971492171287536621e-02
-1.205435337033122778e-02 2.939829789102077484e-02
-1.182785572018474340e-02 3.704455913975834846e-02
-9.655652684159576893e-03 4.367850115522742271e-02
-3.845787723548710346e-03 4.488662409130483866e-02
-9.217262384481728077e-03 3.879566409159451723e-02
-1.443471538368612528e-02 4.607883666176348925e-02
-2.003340155351907015e-02 5.269003577996045351e-02
-1.501143130008131266e-02 5.706839275080710649e-02
-1.387183938641101122e-02 5.835663864854723215e-02
-1.274403848219662905e-02 6.312469777185469866e-02
-1.405306975357234478e-02 5.643108685035258532e-02
-1.161442440934479237e-02 5.654057938954792917e-02
-1.535440841689705849e-02 5.459622465423308313e-02
-1.096339384093880653e-02 5.391602122108452022e-02
-9.082663455046713352e-03 4.814916147734038532e-02
-1.308898127172142267e-02 5.179862023214809597e-02
-1.010156201664358377e-02 5.033256774186156690e-02
-8.934017969295382500e-03 5.055367355816997588e-02
-1.198308169841766357e-02 5.192032459308393300e-02
-8.635553764179348946e-03 4.566869654809124768e-02
-9.371414198540151119e-03 4.722321781446225941e-02
-1.095246372278779745e-02 4.725352439163543750e-02
-1.502866565715521574e-02 5.410837193085171748e-02
-1.304781727958470583e-02 5.138390438696660567e-02
-1.873792998958379030e-02 5.306759846462227870e-02
-1.522519357968121767e-02 4.933205151064612437e-02
-1.273732923436909914e-02 5.195419929987110663e-02
-1.891068753320723772e-02 5.468117605960287619e-02
-2.242215618025511503e-02 4.950556552103080321e-02
-1.958412525709718466e-02 5.097129263049282599e-02
-2.001657543587498367e-02 5.550726663386740256e-02
-1.510776599752716720e-02 5.696823014477558900e-02
-1.443491780082695186e-02 6.231393697271414567e-02
-1.438649617921328172e-02 5.781962754736014176e-02
-1.622668341587996110e-02 6.152575611667998601e-02
-1.292476258095121011e-02 5.864465059312351514e-02
-1.961538488831138238e-02 5.367374987872608472e-02
-2.094069113809382543e-02 5.936783747347362805e-02
-1.993924614362185821e-02 6.040533617670007516e-02
-1.399006277642911300e-02 6.442705574045248795e-02
-1.270123747963225469e-02 6.350695793116756249e-02
-1.493284492607926950e-02 6.302755896649614442e-02
-1.633291274629300460e-02 5.725880817226425279e-02
-1.398356237768894061e-02 5.739392117720854003e-02
-8.887553842214401811e-03 5.222495096859347541e-02
-1.220719634875422344e-02 4.815892838996660430e-02
-1.487129812448984012e-02 5.598595515948545653e-02
-1.122673160716658458e-02 5.110104392406356055e-02
