-4.956050199219606128e-03 4.987711232521101212e-02
-8.435604162514209747e-03 9.973619133234024048e-03
-1.280646491795778275e-02 1.994568854570388794e-02
-7.742399349808692932e-03 2.986016776412725449e-02
-1.623451150953769684e-02 3.969240467995405197e-02
-1.427024416625499725e-02 4.750795848667621613e-02
-1.377078227233141661e-02 5.202695121988654137e-02
-8.714727940969169140e-03 5.425174580886960030e-02
-7.705474738031625748e-03 4.956280579790472984e-02
-1.265549380332231522e-02 5.127476563211530447e-02
-1.091009704396128654e-02 4.702639568131417036e-02
-1.018730970099568367e-02 5.301282124128192663e-02
-7.446895586326718330e-03 5.250750976847484708e-02
-8.250099723227322102e-03 5.185338697629049420e-02
-1.096149475779384375e-02 4.880441987188532948e-02
-9.868387365713715553e-03 5.372634000377729535e-02
-2.628847723826766014e-03 4.593694611685350537e-02
-8.092658827081322670e-03 4.038338718237355351e-02
-3.312824061140418053e-03 4.740896011935546994e-02
-4.939554026350378990e-03 4.807266738498583436e-02
-8.167188381776213646e-03 4.061619850108399987e-02
-2.214250853285193443e-03 4.590031929546967149e-02
-9.181734407320618629e-03 4.785116255516186357e-02
-8.922803477616980672e-03 4.512384656118229032e-02
-9.600434364983811975e-03 3.979709587292745709e-02
-8.229858969571068883e-03 4.073427518596872687e-02
-7.363594864727929235e-03 4.177877149777486920e-02
-6.786351295886561275e-03 4.285598831484094262e-02
-3.588709951145574450e-03 4.868058027932420373e-02
8.644378103781491518e-04 4.499331192346289754e-02
-3.827220265520736575e-03 4.943993390770629048e-02
-2.760170813417062163e-03 4.585676622809842229e-02
-8.561862021451815963e-03 4.568397236289456487e-02
-5.345996090909466147e-03 4.260001966031268239e-02
4.511050938162952662e-04 4.468494356842711568e-02
1.360173657303676009e-03 4.711600841255858541e-02
-5.798772588605061173e-03 4.047216597246006131e-02
-5.574083479586988688e-04 4.557508399011567235e-02
-8.095766097540035844e-03 4.559047867769550066e-02
-6.643353524850681424e-03 3.730247796738694888e-02
-8.688260597409680486e-03 3.953386725152086001e-02
-9.749817458214238286e-03 4.009558142388414126e-02
-6.212620326550677419e-03 4.363192499840806704e-02
-5.644383054459467530e-03 4.848241874242376070e-02
-6.327398616122081876e-03 4.132308506632398348e-02
-5.401047237683087587e-04 4.133925342102884315e-02
1.342181320069357753e-03 4.384199168634950183e-02
-5.259744619252160192e-03 4.490212944438098930e-02
-6.559364876011386514e-03 4.987366811474203132e-02
-8.051941433222964406e-03 4.286316490833996795e-02
-1.091406450723297894e-02 4.185666655757813714e-02
