-2.693753781332589720e-02 4.630352567043242995e-02
-9.929240681231021881e-03 4.836332518607378006e-03
-1.522081391885876656e-02 1.472054189071059227e-02
-2.359647164121270180e-02 2.439429471269249916e-02
-2.894769236445426941e-02 3.279066039249300957e-02
-3.537583258002996445e-02 3.616177383810281754e-02
-2.965829987078905106e-02 4.435436986386775970e-02
-2.446361910551786423e-02 4.024409456178545952e-02
-3.212146693840622902e-02 4.686487326398491859e-02
-3.083766635973006487e-02 4.554050101432949305e-02
-3.313978423830121756e-02 4.511574283242225647e-02
-3.462771337945014238e-02 4.676849977113306522e-02
-2.643491432536393404e-02 4.283483489416539669e-02
-3.254539764020591974e-02 4.578644619323313236e-02
-2.671708504203706980e-02 4.481427598511800170e-02
-3.095408726949244738e-02 4.114283964736387134e-02
-2.963512949645519257e-02 3.810769080882892013e-02
-2.446171361953020096e-02 4.463071789359673858e-02
-3.206196799874305725e-02 3.927447315072640777e-02
-3.225862994440831244e-02 3.451142733683809638e-02
-3.674715213128365576e-02 4.007348226150497794e-02
-3.147859979071654379e-02 4.753683222224935889e-02
-3.042351294425316155e-02 4.584437509765848517e-02
-3.320642517064698040e-02 5.067199369659647346e-02
-2.616579693858511746e-02 4.334059165557846427e-02
-2.813097045873291790e-02 4.297262060572393239e-02
-2.902409477974288166e-02 4.222500076866708696e-02
-3.459642871166579425e-02 4.318390952539630234e-02
-3.371131405583582819e-02 4.176028238725848496e-02
-3.693146383739076555e-02 3.908588460762985051e-02
-3.646877803839743137e-02 4.217730814707465470e-02
-4.120902460999786854e-02 4.665075594675727189e-02
-4.784494615159928799e-02 4.620429570786654949e-02
-4.624226794112473726e-02 4.199334443546831608e-02
-4.110284580383449793e-02 4.933332023210823536e-02
-3.445635840762406588e-02 4.337159707210958004e-02
-3.672982624266296625e-02 4.164422594476491213e-02
-3.639875820954330266e-02 4.118696297518908978e-02
-3.957504665595479310e-02 4.235568491276353598e-02
-3.725126435165293515e-02 4.557318647857755423e-02
-3.923375232261605561e-02 4.536422749515622854e-02
-4.151279435609467328e-02 4.296626464929431677e-02
-4.436383585561998188e-02 4.402562987525016069e-02
-4.647696999018080533e-02 4.148243216332048178e-02
-4.147877733339555562e-02 4.212294844910502434e-02
-4.351268082973547280e-02 4.408129723742604256e-02
-3.717727007460780442e-02 4.561617877334356308e-02
-4.053516316344030201e-02 4.434498155023902655e-02
-4.081307159503921866e-02 4.559884511400014162e-02
-3.254346823086962104e-02 4.608982882928103209e-02
-3.504780627554282546e-02 4.575685344752855599e-02
