-4.661797143885239303e-03 4.989127913581477280e-02
-9.920103475451469421e-03 9.965271688997745514e-03
-1.912693306803703308e-02 1.978988759219646454e-02
-2.756363712251186371e-02 2.936127129942178726e-02
-2.417681063525378704e-02 3.909775149077177048e-02
-2.760921791195869446e-02 4.590720776468515396e-02
-2.964574401266872883e-02 5.239510396495461464e-02
-2.220577816478908062e-02 4.983143671415746212e-02
-2.534532034769654274e-02 5.346895311959087849e-02
-2.643086214084178209e-02 5.149428709410130978e-02
-2.870442473795264959e-02 5.451007816009223461e-02
-2.828495943685993552e-02 5.233658640645444393e-02
-2.875999474781565368e-02 4.660056554712355137e-02
-3.086020724731497467e-02 5.362702091224491596e-02
-2.531207093852572143e-02 5.491562199313193560e-02
-2.063200037810020149e-02 5.485705804676399566e-02
-2.396838690037839115e-02 5.243413040079758503e-02
-2.502091668429784477e-02 5.055949039888218977e-02
-2.827471026103012264e-02 5.537833407652215101e-02
-2.127411632682196796e-02 4.997359816115931608e-02
-2.856229149620048702e-02 5.322452116888598539e-02
-2.738565052277408540e-02 5.081566976514295675e-02
-2.182977399206720293e-02 4.896469106097356416e-02
-2.415369762456975877e-02 4.997634870596812107e-02
-2.748123541823588312e-02 5.240829085596487857e-02
-2.288415361545048654e-02 5.347404332496807911e-02
-2.289165485990451998e-02 4.943118553273961879e-02
-2.132555120033430285e-02 5.454710947014973499e-02
-2.499132207003640360e-02 5.112521822229609825e-02
-2.438557322011547512e-02 5.502053891905234195e-02
-3.244673634753780789e-02 4.740998876877711155e-02
-2.858127618083017296e-02 4.908402456567273475e-02
-3.011051075873183436e-02 4.857324733529821970e-02
-3.338398993355440325e-02 4.943608295070589520e-02
-2.904274663296746439e-02 5.060989747653366067e-02
-2.547383517367052264e-02 4.705484758960665204e-02
-2.789233601060914225e-02 4.716230761187034659e-02
-3.057083393787252135e-02 5.318432925196248107e-02
-2.632651710291611380e-02 4.804856302143889479e-02
-2.475321443625944084e-02 4.953176500202971511e-02
-2.728454849557238049e-02 5.372247677223640494e-02
-2.335623406679587788e-02 5.221407518183696084e-02
-2.400572498436304159e-02 4.731878109669196419e-02
-2.342311106031047530e-02 4.742185063878423534e-02
-2.478893834040718502e-02 5.090181776540703140e-02
-2.942520693750338978e-02 5.255032845525420271e-02
-3.186229348057167954e-02 5.169088017646572553e-02
-2.622847828888552613e-02 4.718296273131272756e-02
-3.336178988092797226e-02 4.809203484546742402e-02
-3.113443462052600808e-02 4.203294097897014581e-02
-2.952760666948961443e-02 4.791215361547074281e-02
