-7.488671669158172145e-03 4.971920475330490752e-02
3.894387511536478996e-03 8.810380473732948303e-03
-1.227828906849026680e-03 1.677756663411855698e-02
-2.633642521686851978e-03 2.628761902451515198e-02
-7.725983043201267719e-03 3.346693888306617737e-02
-2.803305746056139469e-03 4.175251349806785583e-02
-1.607246813364326954e-03 4.179866537378984503e-02
-6.990842637605965137e-03 4.305482371637481265e-02
-5.868537235073745251e-03 4.326383574152714573e-02
-8.287417585961520672e-03 4.078896683859056793e-02
-3.610722604207694530e-03 4.211733620832092129e-02
-7.988092256709933281e-04 4.673960097352392040e-02
-1.512164773885160685e-03 3.905275408396846615e-02
6.223068514373153448e-03 4.389502099002129398e-02
-2.603359171189367771e-04 4.131865329327411018e-02
7.059769704937934875e-04 4.065390358664444648e-02
-3.385561052709817886e-03 3.863918556817225181e-02
2.391602378338575363e-03 4.280831440337351523e-02
9.859516285359859467e-05 4.474464276790968142e-02
-3.963598283007740974e-03 4.336529768988839351e-02
-1.112399389967322350e-03 4.101413287207833491e-02
2.114979783073067665e-03 4.045285560641787015e-02
-3.029232146218419075e-03 4.438238727379939519e-02
2.121443627402186394e-03 4.419460642020567320e-02
-2.752190688624978065e-03 4.102564212735160254e-02
-4.594496334902942181e-03 3.446806763167842291e-02
1.003085286356508732e-03 3.797893860246404074e-02
-4.106866079382598400e-03 4.319617227520211600e-02
-1.275643124245107174e-03 3.614581870715483092e-02
-4.167464212514460087e-03 3.875484276431961916e-02
5.641047609969973564e-04 3.790305187794729136e-02
-4.717361298389732838e-03 3.510929114054306410e-02
-5.631325184367597103e-03 3.575281268786056899e-02
-2.121658413670957088e-03 3.903469332362874411e-02
3.281869576312601566e-03 4.301838978062733077e-02
-4.362171399407088757e-03 3.622801956589682959e-02
-1.485784887336194515e-03 3.993134788106544875e-02
-9.589814930222928524e-03 3.961453490410349332e-02
-2.209100755862891674e-03 4.509912753928801976e-02
-8.713234099559485912e-03 3.980001012314460240e-02
-6.913490942679345608e-03 3.812233250573626719e-02
-7.918502087704837322e-03 3.787078600362292491e-02
-2.833946025930345058e-03 3.857964256530976854e-02
-5.433466634713113308e-03 3.576293753212667070e-02
1.972681959159672260e-03 3.407299928585416637e-02
-2.613946679048240185e-03 3.463636090964428149e-02
-6.589934113435447216e-03 3.313019682173035108e-02
-6.866016279673203826e-03 3.636434950385591947e-02
-2.509088575607165694e-03 3.079194711972377263e-02
-1.169850904261693358e-03 3.218007130999467336e-02
1.308015460381284356e-03 3.457291164886555634e-02
