3.442072776470793405e-02 4.388936840850440890e-02
9.893316775560379028e-03 9.808210656046867371e-03
1.275405590422451496e-02 1.579884905368089676e-02
2.204397157765924931e-02 2.387423068284988403e-02
2.992298570461571217e-02 2.991005452349781990e-02
2.682952326722443104e-02 3.628230467438697815e-02
3.345874580554664135e-02 4.032824141904711723e-02
2.784027694724500179e-02 3.549847472459077835e-02
3.459253511391580105e-02 3.868884197436273098e-02
2.889632689766585827e-02 4.059403284918516874e-02
3.449403983540832996e-02 3.363657963927835226e-02
3.715588198974728584e-02 3.831062547396868467e-02
3.302423655986785889e-02 4.033414123114198446e-02
3.401471080724149942e-02 3.720826271455734968e-02
3.764462762046605349e-02 3.592829592525959015e-02
4.095600417349487543e-02 3.338220785371959209e-02
3.471074870321899652e-02 3.802099754102528095e-02
3.698911226820200682e-02 3.787012209068052471e-02
3.414510295260697603e-02 3.192496669362299144e-02
3.421869799785781652e-02 3.487636565114371479e-02
3.410009787330636755e-02 3.885269394959323108e-02
3.341746077785501257e-02 3.982340087532065809e-02
3.624715776095399633e-02 3.461704830988310277e-02
3.704940886382246390e-02 4.262983295484445989e-02
3.350526662688935176e-02 3.417569919838570058e-02
3.876130525168264285e-02 3.167106964974664152e-02
3.540642219741130248e-02 2.890624859719537199e-02
3.671073154691839591e-02 3.685369537561200559e-02
3.934209663566434756e-02 3.621293112519197166e-02
3.438315224047983065e-02 3.496537727187387645e-02
3.668006844964111224e-02 3.046241213451139629e-02
2.893815199058735743e-02 3.137625622912310064e-02
3.163805520307505503e-02 3.778892205446027219e-02
3.343960908387089148e-02 3.247027806355617940e-02
3.941844343353295699e-02 3.528854306205175817e-02
4.159475802589440718e-02 3.933711591525934637e-02
3.570891809795284644e-02 4.234407245530746877e-02
3.647652935615042225e-02 3.820619182079099119e-02
3.525374484161147848e-02 3.530830223462544382e-02
3.212018221529433504e-02 3.310932251042686403e-02
3.739475928159663454e-02 3.645143596804700792e-02
3.590142870234558359e-02 3.473203393514268100e-02
2.974544376047560945e-02 4.070505822892300785e-02
3.325629307801136747e-02 3.786247337120585144e-02
3.802398991683730856e-02 3.759126865770667791e-02
3.571255043061682954e-02 3.717103684903122485e-02
4.327530324371764436e-02 3.689080860931426287e-02
4.482113061385462061e-02 3.608954936498776078e-02
3.569276308553526178e-02 4.075716627994552255e-02
3.871321774931857362e-02 3.726813575485721231e-02
2.919412314804503694e-02 3.575123456539586186e-02
