-5.629204957258586266e-03 4.984143454272467466e-02
-9.894122369587421417e-03 9.783851914107799530e-03
-1.877257879823446274e-02 1.921869628131389618e-02
-2.374154981225728989e-02 2.898634597659111023e-02
-2.540564467199146748e-02 3.783779777586460114e-02
-2.019050321541726589e-02 4.675696138292551041e-02
-2.499074279330670834e-02 4.734078288311138749e-02
-2.508993326773634180e-02 5.410241946810856462e-02
-2.504073082673130557e-02 5.688083736458793283e-02
-2.143069216253934428e-02 5.697565285663586110e-02
-1.701193395274458453e-02 5.047131741594057530e-02
-2.112751639651833102e-02 5.080302916758228093e-02
-2.045606890897033736e-02 5.022893812565598637e-02
-1.952763360895914957e-02 4.581051845161709934e-02
-1.876241846912307665e-02 4.454538122809026390e-02
-1.984668598015559837e-02 4.691471824480686337e-02
-1.890577899030176923e-02 5.151194114296231419e-02
-1.171762600279180333e-02 4.830744642822537571e-02
-1.852102495467988774e-02 4.410634296073112637e-02
-2.015366288105724379e-02 4.652121676190290600e-02
-1.874285202211467549e-02 4.486872571578714997e-02
-1.794282299670157954e-02 4.585708038939628750e-02
-1.726605992735130712e-02 4.580265479307854548e-02
-1.718441110278945416e-02 4.617752388730878010e-02
-1.602165801159571856e-02 4.403766591713065282e-02
-1.159951537556480616e-02 4.215580548770958558e-02
-1.143960088666062802e-02 3.947996532224351540e-02
-1.172549814509693533e-02 4.400441327743465081e-02
-1.580782631936017424e-02 3.895873294823104516e-02
-1.454428654687944800e-02 3.927918061526725069e-02
-1.174592367897275835e-02 4.211358636530349031e-02
-1.063632361183408648e-02 4.167852074169786647e-02
-9.070966174476779997e-03 4.288906954025151208e-02
-1.429998247476760298e-02 4.049108899926068261e-02
-1.656307071971241385e-02 4.404559871909441426e-02
-1.255349513667169958e-02 4.601530219224514440e-02
-1.315900679037440568e-02 4.578898932231822982e-02
-1.765921707556117326e-02 4.065329666627803817e-02
-1.342841512814629823e-02 3.971970434213289991e-02
-1.817182540253270417e-02 4.681580028409371153e-02
-2.143813967995811254e-02 4.433770504692802206e-02
-2.162775098986458033e-02 4.558194001583615318e-02
-1.555706681392621249e-02 4.549970706284511834e-02
-1.509101690317038447e-02 4.793259101279545575e-02
-2.025724390114191920e-02 4.059499847062397748e-02
-1.890950302185956389e-02 3.725871555798221380e-02
-2.577070450934115797e-02 4.463406531431246549e-02
-2.075145232083741575e-02 4.923950992815662175e-02
-1.601726865919772536e-02 4.548697029531467706e-02
-1.836256824026349932e-02 4.835069687396753579e-02
-2.233244154194835573e-02 4.212277704209554940e-02
