-2.474687890168343618e-02 4.688958656442608619e-02
-7.932933047413825989e-03 8.472380228340625763e-03
-1.655049715191125870e-02 1.585742877796292305e-02
-1.319571048952639103e-02 2.530846698209643364e-02
-1.301830323063768446e-02 3.489666106179356575e-02
-1.562650702544488013e-02 4.129465436562895775e-02
-2.021969217457808554e-02 4.396132682450115681e-02
-1.713251127512194216e-02 5.052919103763997555e-02
-2.180789588601328433e-02 5.166410398669540882e-02
-1.944641108275391161e-02 5.107190203852951527e-02
-2.280311277718283236e-02 4.896696587093174458e-02
-2.168949894257821143e-02 4.986836214084178209e-02
-1.770272213616408408e-02 4.632942948956042528e-02
-1.334968037554062903e-02 4.330137779470533133e-02
-1.606796323903836310e-02 4.967026261147111654e-02
-2.152712750830687582e-02 4.755816084798425436e-02
-1.725441883900202811e-02 4.532058874610811472e-02
-1.530916642514057457e-02 4.668593441601842642e-02
-1.218984092702157795e-02 4.627819513552822173e-02
-1.714803281356580555e-02 4.935973012470640242e-02
-2.254146107588894665e-02 4.307572837569750845e-02
-1.983557108906097710e-02 4.134826365043409169e-02
-2.121188040473498404e-02 4.406758493860252202e-02
-1.730120522552169859e-02 3.990503962268121541e-02
-1.830965853878296912e-02 4.268547336687333882e-02
-2.069433839642442763e-02 4.347631256678141654e-02
-2.220689741079695523e-02 4.668952143401838839e-02
-1.994248249684460461e-02 4.577481604064814746e-02
-1.564241389860399067e-02 4.471135660423897207e-02
-2.119687714730389416e-02 4.724821969284676015e-02
-1.896567273070104420e-02 4.947462826385162771e-02
-1.504485544865019619e-02 4.410207978799007833e-02
-1.047720250790007412e-02 4.689545262954197824e-02
-1.860450257663615048e-02 4.706012237875256687e-02
-1.528120998409576714e-02 4.446438433660659939e-02
-2.120314890635199845e-02 4.976027611701283604e-02
-1.755741311353631318e-02 4.191749136953148991e-02
-1.788070154725573957e-02 4.670798558800015599e-02
-1.191857652156613767e-02 4.877907050831709057e-02
-9.982695191865786910e-03 5.035564188438002020e-02
-1.276296269497834146e-02 5.223022100108209997e-02
-1.318655919749289751e-02 5.514576194400433451e-02
-1.217566209379583597e-02 5.340550003165844828e-02
-1.815562054980546236e-02 5.131319818610791117e-02
-2.346063882578164339e-02 5.234939036017749459e-02
-1.644965319428592920e-02 5.632743275782559067e-02
-1.326307456474751234e-02 6.291959564259741455e-02
-1.837082754354923964e-02 5.877310399955604225e-02
-1.822291266580577940e-02 5.684386381471995264e-02
-1.502777588029857725e-02 5.411131029541138560e-02
-1.738356774148996919e-02 5.853756798023823649e-02
