-4.982455965322606789e-03 4.987579853274576314e-02
-6.157771684229373932e-03 9.749601595103740692e-03
-6.532731989864259958e-03 1.904520671814680099e-02
-5.962681549135595560e-03 2.875885274261236191e-02
-2.555904269684106112e-03 3.850712534040212631e-02
1.516074116807430983e-03 4.783968068659305573e-02
3.817113756667822599e-03 5.227304762229323387e-02
3.832293867162661627e-03 5.624741828069090843e-02
-1.565178790770005435e-04 5.203969264402985573e-02
-1.331921976088779047e-04 5.731476657092571259e-02
3.805497817666037008e-04 6.162600358948111534e-02
4.077551622685859911e-03 5.900286161340773106e-02
1.648265371841262095e-03 5.222608405165374279e-02
9.328254654974443838e-04 5.756818014197051525e-02
7.757618714094860479e-04 5.923793511465191841e-02
7.214684474092791788e-03 5.431266035884618759e-02
6.715398903907043859e-04 5.894950125366449356e-02
2.304354302395950072e-03 5.346053466200828552e-02
6.435390181650291197e-03 5.563604342751204967e-02
3.455587748248944990e-03 5.685260880272835493e-02
9.159472938335966319e-05 5.227701307740062475e-02
4.230684220601688139e-03 4.809217329602688551e-02
1.431559065167675726e-03 5.351263273041695356e-02
-6.290882083703763783e-06 5.468397960066795349e-02
1.155457775894319639e-04 4.882901068776845932e-02
1.054447629940113984e-03 4.644393571652472019e-02
5.072115474831662141e-03 5.040378798730671406e-02
-4.053558022860670462e-04 4.511542874388396740e-02
-9.370942279929295182e-07 5.117725185118615627e-02
-2.181230762289487757e-03 4.975911427754908800e-02
-5.150309016244136728e-03 4.515940474811941385e-02
-1.181411274956190027e-03 4.626113455742597580e-02
4.078903517438448034e-03 4.874074971303343773e-02
-2.725794629441224970e-03 4.948678170330822468e-02
2.453117913319147192e-03 5.290161399170756340e-02
3.372335831954842433e-04 5.626536021009087563e-02
-4.872719009654247202e-03 5.299657955765724182e-02
-5.789171971628093161e-03 4.992742906324565411e-02
1.341259971013641916e-03 4.773370642215013504e-02
-3.955257798224920407e-04 4.541491763666272163e-02
-3.093881599852466024e-03 4.752785456366837025e-02
-1.237395985299372114e-03 4.958568233996629715e-02
2.422630719593144022e-03 4.987290280405431986e-02
-1.874698393294238485e-03 5.118694913107901812e-02
2.903083272030926310e-03 5.337597976904362440e-02
2.825107882017618977e-03 5.347605834685964510e-02
4.272989372111624107e-04 5.157202498958213255e-02
-1.501331464169197716e-03 5.723584320367081091e-02
-3.050960458494955674e-04 5.263940680742962286e-02
-1.029695393299334683e-03 5.262731123730191030e-02
3.384571047718054615e-03 5.741153020426281728e-02
