3.458023406712671527e-02 4.383073809718610048e-02
9.812805801630020142e-03 8.799013681709766388e-03
1.828953251242637634e-02 1.764437463134527206e-02
2.333075506612658501e-02 2.690280415117740631e-02
2.768721804022789001e-02 2.795289014466106892e-02
3.060793969780206680e-02 2.999731036834418774e-02
2.659429516643285751e-02 3.556510643102228642e-02
2.960792975500226021e-02 3.481035726144909859e-02
2.484707813709974289e-02 4.163343692198395729e-02
2.702261554077267647e-02 4.348665021825581789e-02
2.402470703236758709e-02 4.669689072761684656e-02
2.810695511288940907e-02 3.800842503551393747e-02
2.557719219475984573e-02 3.750999429030343890e-02
2.505254320567473769e-02 3.801802970701828599e-02
2.841922099469229579e-02 3.027722059050574899e-02
2.294388756854459643e-02 3.816205734619870782e-02
2.376805408857762814e-02 3.306454612175002694e-02
2.602148521691560745e-02 3.351973486132919788e-02
2.796033839695155621e-02 3.528538171667605639e-02
2.589693223126232624e-02 4.039287485647946596e-02
2.512259042123332620e-02 3.694494639057666063e-02
2.290598006220534444e-02 3.764517221134155989e-02
3.034021920757368207e-02 3.412996802944689989e-02
2.359926729695871472e-02 3.628669527824968100e-02
3.037751588271930814e-02 3.586358219035901129e-02
3.564609802560880780e-02 4.012453337782062590e-02
2.939491189317777753e-02 4.061807770631276071e-02
3.497844125377014279e-02 4.391521340585313737e-02
3.499186541193921585e-02 3.669772934517823160e-02
3.670898814925749321e-02 3.472398486337624490e-02
3.094676406362850685e-02 4.083799090585671365e-02
3.780669103616673965e-02 3.556292116991244256e-02
3.064515664482314605e-02 3.868771609268151224e-02
2.932300583233882207e-02 4.261104049510322511e-02
3.002390994697634596e-02 3.498234864673577249e-02
3.316420556984667201e-02 3.486159500607755035e-02
3.757662519819859881e-02 3.804961136484052986e-02
3.057769786573771853e-02 3.846998621884267777e-02
3.125207791345019359e-02 3.861092140141408890e-02
3.537363060058851261e-02 3.789601135940756649e-02
3.553499348527111579e-02 3.888764545263256878e-02
3.460240792082913686e-02 3.730424212699290365e-02
3.257839926118322182e-02 3.923486031999345869e-02
3.264118082915956620e-02 3.715320558694656938e-02
3.458831905481929425e-02 3.584260561910923570e-02
3.901865127591008786e-02 3.276797149737831205e-02
3.787256722898746375e-02 3.359045954130124301e-02
3.334995584191347007e-02 3.970463927544187754e-02
3.050746155531669501e-02 4.005609925661701709e-02
2.903595698626304511e-02 3.832138954021502286e-02
3.204764976726437453e-02 3.473094287619460374e-02
