1.500991050660931136e-02 4.886709557068812104e-02
-3.846985055133700371e-03 9.975668974220752716e-03
-4.099105542991310358e-03 1.990096550434827805e-02
2.868326788302510977e-03 2.934380155056715012e-02
7.198209350463002920e-03 3.533352958038449287e-02
1.973325794097036123e-03 4.377022245898842812e-02
1.075209345435723662e-02 4.523247457109391689e-02
1.907802041387185454e-02 5.183057370595633984e-02
1.196800771867856383e-02 4.985267342999577522e-02
8.173019334208220243e-03 5.315182730555534363e-02
1.152025646297261119e-02 5.016299965791404247e-02
1.774727058364078403e-02 5.511113139800727367e-02
1.498182554496452212e-02 5.202363897114992142e-02
2.017834660364314914e-02 5.521052051335573196e-02
1.301138958660885692e-02 5.975301284343004227e-02
1.187607605243101716e-02 5.660015018656849861e-02
2.040886186296120286e-02 5.904158973135054111e-02
1.576413406291976571e-02 6.215680972672998905e-02
1.582040918947313912e-02 5.822998913936316967e-02
1.015342680693720467e-02 5.779485200764611363e-02
1.432569932148908265e-02 5.204641801537945867e-02
1.765115560920094140e-02 5.475828383350744843e-02
2.092578100928221829e-02 5.546999903162941337e-02
1.370495815717731602e-02 5.752979958197101951e-02
1.341939827034366317e-02 5.851356702623888850e-02
1.108693278001737781e-02 5.590171058429405093e-02
1.808048172460985370e-02 4.891754378331825137e-02
1.136700429560733028e-02 5.065263732103630900e-02
1.844586378501844592e-02 5.149494868237525225e-02
1.756464787831646390e-02 4.863264912273734808e-02
1.345028127616387792e-02 5.560835206415504217e-02
2.011952600514632650e-02 5.377652612514793873e-02
1.477497960513574071e-02 5.297069996595382690e-02
1.808985956085962243e-02 5.674916948191821575e-02
1.589114014132064767e-02 6.141451210714876652e-02
1.359447608774644323e-02 5.588010908104479313e-02
1.896650674825650640e-02 5.691141367424279451e-02
1.270114681756240316e-02 5.675529599830042571e-02
1.984622846430283971e-02 5.299679217569064349e-02
1.298890267571550794e-02 5.430746013007592410e-02
1.857431330790859647e-02 5.282387910119723529e-02
1.209321436544996686e-02 5.556463524408172816e-02
9.410754359123529866e-03 4.943961025855969638e-02
8.106844314170302823e-03 5.402191849134396762e-02
1.070310575960320421e-02 5.426721186086069793e-02
5.591817480308236554e-03 5.734560689597856253e-02
7.497870294173480943e-03 5.399400861642789096e-02
7.165398583310889080e-03 5.051402728713583201e-02
9.159796074527548626e-03 4.745378535881172866e-02
9.107966259762179106e-03 5.507593420043122023e-02
1.021224242140306160e-02 4.958703419833909720e-02
