1.208967114605730316e-02 4.926650921423696150e-02
8.643643930554389954e-03 9.834043681621551514e-03
1.628903392702341080e-02 1.971977576613426208e-02
2.100325794890522957e-02 2.952179871499538422e-02
2.425812929868698120e-02 3.910809382796287537e-02
1.883033802732825279e-02 4.675920354202389717e-02
2.130802068859338760e-02 4.735408170381560922e-02
1.334177702665328979e-02 5.225153785431757569e-02
1.693134498782455921e-02 4.660352604696527123e-02
2.264223038218915462e-02 4.623870630166493356e-02
2.187454345403239131e-02 4.886023545986972749e-02
1.787617447553202510e-02 4.977255602716468275e-02
2.152107114670798182e-02 4.466503774165175855e-02
2.898851752979680896e-02 4.397931313724257052e-02
2.196701819775626063e-02 4.677181798615492880e-02
2.535040298243984580e-02 5.150087285437621176e-02
1.853569963714107871e-02 4.683680707239545882e-02
2.057793241692706943e-02 4.207847607904113829e-02
2.153389313025400043e-02 4.722559559741057456e-02
2.303441736148670316e-02 4.958047499530948699e-02
2.359923213953152299e-02 4.982086289965081960e-02
1.881110580870881677e-02 5.362567650445271283e-02
1.476932090008631349e-02 5.762202823825646192e-02
2.442943077767267823e-02 5.399968726851511747e-02
2.723293151939287782e-02 4.823557073541451246e-02
2.505507139721885324e-02 5.018859678239095956e-02
2.577139879576861858e-02 4.752659979567397386e-02
2.703275706153362989e-02 4.581354798574466258e-02
2.823182370048016310e-02 5.073634216387290508e-02
2.217323321383446455e-02 5.258201780088711530e-02
2.921020740177482367e-02 4.933622544922400266e-02
3.398832527454942465e-02 5.569697050668764859e-02
2.699916937854140997e-02 5.578474669164279476e-02
3.118366084527224302e-02 5.541028051084140316e-02
2.491063333582133055e-02 5.667492052452871576e-02
2.630252449307590723e-02 5.791026252700248733e-02
2.733688079752027988e-02 5.560779470397392288e-02
2.982768137007951736e-02 5.404215239832410589e-02
3.218931029550731182e-02 5.334699954983079806e-02
2.466419967822730541e-02 5.565163805295014754e-02
2.313135180156677961e-02 5.307774022367084399e-02
2.540478494483977556e-02 5.319991782744182274e-02
2.292180515360087156e-02 5.493509239022387192e-02
2.138808171730488539e-02 5.770458402548683807e-02
2.449545764829963446e-02 6.145361466769827530e-02
3.149599803145974874e-02 5.426608007837785408e-02
2.986736677121371031e-02 5.456197301828069612e-02
3.261791600380092859e-02 5.820364382088882849e-02
2.829871664289385080e-02 5.190353857324225828e-02
3.566020738799124956e-02 5.379868129239184782e-02
2.857897488866001368e-02 5.358904819149756804e-02
