3.174286128831006054e-02 4.482821709402273758e-02
9.698688983917236328e-03 9.778563864529132843e-03
1.082592480815947056e-02 1.968849170953035355e-02
1.832715957425534725e-02 2.840694412589073181e-02
2.014919009525328875e-02 3.601486049592494965e-02
1.289081957656890154e-02 4.112591221928596497e-02
1.612925191875547171e-02 4.620081232860684395e-02
2.100049133878201246e-02 3.776536090299487114e-02
1.861836679745465517e-02 3.936410881578922272e-02
1.747284899465739727e-02 3.471213346347212791e-02
1.326507353223860264e-02 3.374735661782324314e-02
1.742108701728284359e-02 3.997798240743577480e-02
2.129475702531635761e-02 4.154878773260861635e-02
1.346860663034021854e-02 4.587200295645743608e-02
1.595258479937911034e-02 3.680188127327710390e-02
1.878340612165629864e-02 4.187080089468508959e-02
1.159827900119125843e-02 4.511866380926221609e-02
1.732968515716493130e-02 5.013566778507083654e-02
1.934924069792032242e-02 4.084640776272863150e-02
1.577670522965490818e-02 3.664616018068045378e-02
2.404889301396906376e-02 4.336575174238532782e-02
3.128896397538483143e-02 4.691661603283137083e-02
2.448362926952540874e-02 4.136702127289026976e-02
2.757362346164882183e-02 3.675441525410860777e-02
3.257146687246859074e-02 4.085854894947260618e-02
2.729732845909893513e-02 4.005227214656770229e-02
2.519908873364329338e-02 4.163393855560570955e-02
2.828641491942107677e-02 4.379580973181873560e-02
3.066116175614297390e-02 3.762186144012957811e-02
2.848995779640972614e-02 4.537326062563806772e-02
2.317695110104978085e-02 4.715467058122158051e-02
2.178087446372956038e-02 4.169831657782196999e-02
2.757453022059053183e-02 4.233225726056843996e-02
2.748244104441255331e-02 4.370094800833612680e-02
3.318751358892768621e-02 3.750748664606362581e-02
2.963440876919776201e-02 4.353615280706435442e-02
2.574650885071605444e-02 4.217537108343094587e-02
2.896479133050888777e-02 4.883846582379192114e-02
3.442668204661458731e-02 4.383262840565294027e-02
3.441886430118756834e-02 4.240409284830093384e-02
3.696311952990072314e-02 4.079235822428017855e-02
2.859974129569309298e-02 4.079988509874965530e-02
3.475582588907855097e-02 3.883967319961811882e-02
3.384222498607414309e-02 3.372126635622407775e-02
3.394185772231139708e-02 4.043863811057235580e-02
2.608956137737550307e-02 3.483313139986421447e-02
3.091792596569575835e-02 3.854493661310698371e-02
2.473806563830294181e-02 4.058373607222165447e-02
2.902123166313685942e-02 4.058780706918696524e-02
2.862087681023695040e-02 4.084434068727205158e-02
2.921606137715571094e-02 4.095290935447337688e-02
