3.412867965977785939e-02 4.399592131938633022e-02
7.699248846620321274e-03 9.740660898387432098e-03
1.749555068090558052e-02 1.964335702359676361e-02
2.400247519835829735e-02 2.950384933501482010e-02
3.033065469935536385e-02 3.600917523726820946e-02
3.509531170129776001e-02 4.262684984132647514e-02
3.152697905898094177e-02 3.803698951378464699e-02
2.988140634261071682e-02 3.913587261922657490e-02
3.245043917559087276e-02 3.611103584989905357e-02
2.734265080653131008e-02 3.891794127412140369e-02
2.706309431232511997e-02 4.108135495334863663e-02
2.925642486661672592e-02 4.026005364721640944e-02
2.751350821927189827e-02 3.973699605558067560e-02
3.345695324242115021e-02 4.333902511280030012e-02
3.660065354779362679e-02 3.870742104481905699e-02
3.166194213554263115e-02 4.682710196357220411e-02
3.359840158373117447e-02 4.842674278188496828e-02
4.016070347279310226e-02 4.080132872331887484e-02
3.475953917950391769e-02 4.351762204896658659e-02
3.447668653097935021e-02 3.957594779785722494e-02
3.031360617023892701e-02 4.632052814122289419e-02
3.215772975818254054e-02 4.203002003487199545e-02
3.320235005230642855e-02 4.359784862026572227e-02
3.036826956667937338e-02 4.652775777503848076e-02
3.176621059537865222e-02 4.179701581597328186e-02
3.505981052876450121e-02 4.027850762940943241e-02
3.110761186690069735e-02 4.017385558108799160e-02
3.263130449340678751e-02 4.529450737754814327e-02
3.697800534428097308e-02 4.122320932219736278e-02
4.310346479178406298e-02 4.751702115754596889e-02
4.512119889841414988e-02 4.808794063865207136e-02
3.995379284606315196e-02 4.321353705017827451e-02
3.688791129388846457e-02 4.690320402733050287e-02
2.956234259181655943e-02 4.246142072952352464e-02
3.552782782935537398e-02 4.204792482778429985e-02
3.875071756192483008e-02 3.874084702692925930e-02
3.241236801841296256e-02 4.638983099721372128e-02
3.068616150994785130e-02 4.595236747991293669e-02
3.095852374099195004e-02 4.269193147774785757e-02
2.908715012017637491e-02 3.559209953527897596e-02
3.013689513318240643e-02 3.655107982922345400e-02
3.165453311521559954e-02 3.712239867309108377e-02
3.142351386486552656e-02 3.301665798062458634e-02
3.873265263973735273e-02 3.308156505227088928e-02
3.996690383064560592e-02 3.611378208734095097e-02
4.035703052068129182e-02 4.197255591861903667e-02
3.406899381661787629e-02 4.293305735336616635e-02
3.667178197065368295e-02 4.360843397444114089e-02
3.766628069570288062e-02 4.063430422684177756e-02
3.034881822532042861e-02 3.719975700369104743e-02
3.371419169707223773e-02 4.196610063081607223e-02
