-5.431628952696001059e-03 4.985237807343516347e-02
9.785084053874015808e-03 9.914402849972248077e-03
1.952693518251180649e-02 1.827631238847970963e-02
2.857427857816219330e-02 2.455515135079622269e-02
3.092661872506141663e-02 2.689961181022226810e-02
3.603232372552156448e-02 3.605282050557434559e-02
3.419733757618814707e-02 3.470108972396701574e-02
3.217206231784075499e-02 3.156110749114304781e-02
2.309105440508574247e-02 3.532451612409204245e-02
2.634217648301273584e-02 3.498651427798904479e-02
2.137750352267175913e-02 3.471853895462118089e-02
2.486205648165196180e-02 3.449020429980009794e-02
1.879125728737562895e-02 4.084256931673735380e-02
2.626245876308530569e-02 3.652547660749405622e-02
2.714759251102805138e-02 4.051844903733581305e-02
2.373460447415709496e-02 3.482018958311527967e-02
2.711801440455019474e-02 4.257062904071062803e-02
2.703865260991733521e-02 3.811809176113456488e-02
3.055052731360774487e-02 4.079373099375516176e-02
3.547178015287499875e-02 3.500278445426374674e-02
2.614136684860568494e-02 3.937896073330193758e-02
2.244425650860648602e-02 3.966475068591535091e-02
1.802045658405404538e-02 3.797857824247330427e-02
2.422915298666339368e-02 4.424942552577704191e-02
1.947982741694431752e-02 3.548826451878994703e-02
2.139038748282473534e-02 4.362027521710842848e-02
2.064305134990718216e-02 3.527521330397576094e-02
2.976360880711581558e-02 4.325020208489149809e-02
3.286794257292058319e-02 3.636399458628147840e-02
2.667547539749648422e-02 3.646590183780062944e-02
2.382085040153469890e-02 3.658908436773344874e-02
2.000180199684109539e-02 3.700201222090981901e-02
2.378784479515161365e-02 4.354333327501080930e-02
2.604216044710483402e-02 4.326191174914129078e-02
2.689134421234484762e-02 4.433802588027901947e-02
2.513559882936533540e-02 4.233215845306403935e-02
2.823151646589394659e-02 3.857656291802413762e-02
3.194906514545436949e-02 3.924495153478346765e-02
2.411263574322219938e-02 3.720113573945127428e-02
2.868450384994503111e-02 4.087688852450810373e-02
1.970452581008430570e-02 4.042343905894085765e-02
2.325545343046542257e-02 4.035032323736231774e-02
2.858994760026689619e-02 3.776898623618762940e-02
2.431145122682210058e-02 4.185645670804660767e-02
2.659628189576324075e-02 3.991484204016160220e-02
2.143073429760988802e-02 3.351140375889372081e-02
2.772818201628979295e-02 4.151018596894573420e-02
2.629887939838226885e-02 4.372339467226993293e-02
1.978559441340621561e-02 4.498220903042238206e-02
1.807600863685365766e-02 4.244143601681571454e-02
2.660109054704662412e-02 4.551485639240127057e-02
