-2.624683857330296216e-02 4.649405922079855036e-02
-6.639666389673948288e-03 9.926108643412590027e-03
-3.674528561532497406e-04 1.874105632305145264e-02
-1.416454673744738102e-03 2.684805169701576233e-02
2.240843256004154682e-03 3.507591225206851959e-02
3.463212866336107254e-03 4.270704230293631554e-02
-2.130591776221990585e-03 4.564518644474446774e-02
-1.069500809535384178e-02 4.712941602338105440e-02
-2.521652262657880783e-03 4.956356354523450136e-02
-6.170519860461354256e-03 4.679011541884392500e-02
-1.388468081131577492e-03 5.385457945521920919e-02
6.912904791533946991e-04 4.754613980185240507e-02
-2.821808448061347008e-03 5.029098375234752893e-02
-1.103810733184218407e-03 5.238085368182510138e-02
3.584808437153697014e-03 4.856314288917928934e-02
-3.370589809492230415e-03 4.809042919077910483e-02
-4.925990826450288296e-03 4.711624074843712151e-02
1.009215251542627811e-03 4.356037665274925530e-02
-1.066678552888333797e-03 4.781829638523049653e-02
-1.833309885114431381e-03 4.279330352437682450e-02
8.775366004556417465e-04 4.685706811142154038e-02
4.424763843417167664e-03 5.221058081951923668e-02
-4.430534318089485168e-03 5.128642512136138976e-02
-2.794377272948622704e-03 4.576408411958254874e-02
-8.689946262165904045e-03 4.824957149685360491e-02
-4.055234836414456367e-03 4.473867561318911612e-02
2.317933831363916397e-04 4.112388534122146666e-02
-2.077995566651225090e-03 4.458895945572294295e-02
-1.128995791077613831e-06 4.063876919099129736e-02
2.136276802048087120e-03 4.346703449846245348e-02
2.061277467873878777e-03 4.364069143775850534e-02
-3.547483283909969032e-03 4.563870222773402929e-02
-2.547484284150414169e-03 4.368512483779340982e-02
-3.752959004486910999e-03 3.654957201797515154e-02
-1.500034515629522502e-03 4.307922732550650835e-02
1.778042133082635701e-03 4.553221713285893202e-02
-2.179456219892017543e-03 4.730220208875834942e-02
5.754033758421428502e-03 4.198137368075549603e-02
2.625344350235536695e-04 4.428900568746030331e-02
-4.187236350844614208e-03 4.308038926683366299e-02
-5.195504330913536251e-03 3.730359557084739208e-02
-2.526507290895096958e-03 4.158816090784966946e-02
1.647604658501222730e-04 4.161524644950986840e-02
-2.401954305241815746e-03 4.092974833110929467e-02
2.165436468203552067e-03 3.999537940035224892e-02
5.135542902280576527e-03 4.861428833464742638e-02
9.482049572397954762e-03 4.011406342397094704e-02
1.559986922075040638e-03 3.786569636213243939e-02
5.080346905742771924e-03 4.230387730422080494e-02
3.183570413966663182e-03 4.041746131042600609e-02
-2.403937556664459407e-03 4.042098871332200360e-02
