-2.594003677123972451e-02 4.657698738471154065e-02
-9.466150775551795959e-03 9.929712861776351929e-03
-1.428835652768611908e-02 1.954584196209907532e-02
-1.820581452921032906e-02 2.953158784657716751e-02
-1.946324179880321026e-02 3.665668284520506859e-02
-2.043815265642479062e-02 4.361322801560163498e-02
-1.445115014212206006e-02 5.148444045335054398e-02
-1.649741810979321599e-02 5.699796555563807487e-02
-1.627324623405002058e-02 5.324873933568596840e-02
-1.633059722735197283e-02 5.395302420947700739e-02
-1.267089369139284827e-02 5.205963505432009697e-02
-1.786723919576616026e-02 5.076133739203214645e-02
-1.402963721557171084e-02 5.260865460149943829e-02
-1.315517747207195498e-02 5.324626929359510541e-02
-1.771898870720178820e-02 5.118002073140814900e-02
-1.864510361701832153e-02 5.247781047364696860e-02
-1.486211369410739280e-02 5.103390821022912860e-02
-1.932175696492777206e-02 5.409404885722324252e-02
-1.466422627345309593e-02 5.455504904966801405e-02
-1.673690445386455394e-02 5.480908643221482635e-02
-1.330739987679407932e-02 5.122639256296679378e-02
-1.226474537179456092e-02 5.647091352147981524e-02
-1.269313705051899888e-02 4.755269241286441684e-02
-1.355024346048594452e-02 3.960655041737481952e-02
-1.163576380713493563e-02 4.367106984136626124e-02
-1.315978600541711785e-02 4.456963250413537025e-02
-1.545049681226373650e-02 4.864688077941536903e-02
-1.367158792345435359e-02 4.399614688009023666e-02
-1.004722039579064585e-02 3.916089423000812531e-02
-1.239082008032710291e-02 4.229714162647724152e-02
-7.779361450957367197e-03 3.616981580853462219e-02
-1.399576734183938242e-02 3.677907423116266727e-02
-1.461866981480852701e-02 4.057445586659014225e-02
-1.248988154475227930e-02 4.100516380276530981e-02
-1.036893966738716699e-02 4.845763032790273428e-02
-1.526142581496969797e-02 5.015441239811480045e-02
-1.312856906224624254e-02 5.046976864105090499e-02
-1.097051374745205976e-02 4.196921869879588485e-02
-1.033377403291524388e-02 3.919550235150381923e-02
-1.451288198950351216e-02 3.556452755583450198e-02
-1.752836385639966466e-02 4.135110712377354503e-02
-1.542116690325201489e-02 3.826508385827764869e-02
-1.864362520063878037e-02 4.251503659179434180e-02
-1.302368438700796105e-02 3.664076275890693069e-02
-9.776223105291137472e-03 4.040466732112690806e-02
-1.213181240382255055e-02 3.764977300306782126e-02
-1.710237225415767170e-02 4.403406934579834342e-02
-1.186422340470016934e-02 4.139906953787431121e-02
-1.030761713991523720e-02 4.474090872099623084e-02
-1.306780695813358761e-02 4.647208383539691567e-02
-1.895949466052115895e-02 4.346424766117706895e-02
