-4.513330402893916266e-02 3.923555831299171959e-02
-9.591407142579555511e-03 9.971522726118564606e-03
-1.570345228537917137e-02 1.815175451338291168e-02
-2.511072577908635139e-02 2.786801476031541824e-02
-3.354280302301049232e-02 3.773048054426908493e-02
-2.715962473303079605e-02 3.687292349059134722e-02
-2.521956036798655987e-02 3.301624685991555452e-02
-2.596898266347125173e-02 4.178856976795941591e-02
-2.606750914128497243e-02 3.815416467841714621e-02
-3.213618864538148046e-02 3.842508446541614830e-02
-3.588783374289050698e-02 4.172648562234826386e-02
-3.610895207384601235e-02 4.547208899748511612e-02
-3.393799607874825597e-02 4.220923551474697888e-02
-2.871660079108551145e-02 4.113130344194360077e-02
-2.879454041976714507e-02 4.019512908416800201e-02
-2.896102632075781003e-02 4.393958111177198589e-02
-2.856463159696431831e-02 3.993243441800586879e-02
-2.320018283353419974e-02 3.711466651293449104e-02
-2.546460380108328536e-02 4.050198171171359718e-02
-2.237627271824749187e-02 3.951907969894818962e-02
-2.920830611401470378e-02 4.245775073650293052e-02
-2.687350044288905337e-02 3.617001205566339195e-02
-2.313399932609172538e-02 4.166618941235356033e-02
-2.740235499368282035e-02 3.441055931034497917e-02
-3.004244843759806827e-02 3.081650470267049968e-02
-2.228606760763796046e-02 3.551286316360346973e-02
-2.367931605112971738e-02 3.785396550665609539e-02
-2.672667732258560136e-02 4.006709062377922237e-02
-2.605203382699983194e-02 4.397108379635028541e-02
-2.620152703457279131e-02 3.770103605347685516e-02
-2.673625043098581955e-02 4.409756671520881355e-02
-2.633553556370316073e-02 4.471867691609077156e-02
-2.613585761719150469e-02 4.514288911013863981e-02
-1.898930122115416452e-02 4.619744312367402017e-02
-2.783608988829655573e-02 4.461253536283038557e-02
-3.133622107998235151e-02 4.634564890875481069e-02
-2.528243156120879576e-02 4.380125840543769300e-02
-2.697493164305342361e-02 4.171466859406791627e-02
-3.339743921969784424e-02 4.210256965598091483e-02
-2.711994508717907593e-02 4.290934116579592228e-02
-2.858603098866296932e-02 3.466927562840282917e-02
-2.803303219116060063e-02 4.028817894868552685e-02
-2.976855669840006158e-02 4.691616049967706203e-02
-2.766579074523178861e-02 4.253559582866728306e-02
-3.228117117396323010e-02 5.026065348647534847e-02
-2.796331291756359860e-02 4.487599316053092480e-02
-3.116124157531885430e-02 4.542012873571366072e-02
-2.426870015187887475e-02 4.846490675117820501e-02
-2.556785730848787352e-02 4.657882987521588802e-02
-2.223307638632832095e-02 4.548351175617426634e-02
-2.814905205013928935e-02 4.847917670849710703e-02
