1.392491920731289516e-02 4.902573718518742074e-02
8.836183696985244751e-03 9.827231988310813904e-03
6.867934716865420341e-03 1.936592720448970795e-02
8.849340956658124924e-03 2.857815753668546677e-02
1.423369674012064934e-02 3.660465031862258911e-02
1.170148118399083614e-02 4.271402256563305855e-02
1.200764760142192245e-02 4.563617124222218990e-02
1.714314561104401946e-02 4.944525356404483318e-02
1.201509399106726050e-02 4.796797037124633789e-02
1.048443181207403541e-02 4.300974123179912567e-02
9.387852449435740709e-03 4.894258221611380577e-02
1.049667649203911424e-02 4.461406683549284935e-02
1.289993204409256577e-02 4.512187576619908214e-02
1.402367273112758994e-02 4.418027377687394619e-02
9.852285904344171286e-03 4.971622885204851627e-02
6.144797138404101133e-03 5.516843707300722599e-02
1.020036282716318965e-02 4.785294574685394764e-02
1.189032971160486341e-02 4.545247484929859638e-02
9.959840856026858091e-03 5.129929003305733204e-02
3.853545233141630888e-03 5.065548594575375319e-02
1.058309542713686824e-02 4.778572858776897192e-02
1.089957580552436411e-02 4.822064458858221769e-02
1.262711387244053185e-02 4.853282630210742354e-02
8.391058334382250905e-03 4.795633495086804032e-02
1.346765251946635544e-02 4.822569311363622546e-02
1.500727856182493269e-02 5.249585321871563792e-02
1.456731522921472788e-02 5.389985971851274371e-02
8.907638140954077244e-03 4.973857215372845531e-02
1.048235106281936169e-02 5.219140340341255069e-02
9.407123783603310585e-03 5.092766095185652375e-02
1.191154867410659790e-02 5.297142436029389501e-02
1.057374209631234407e-02 5.135333113139495254e-02
1.271309459116309881e-02 5.176858714548870921e-02
7.065149373374879360e-03 5.300132447155192494e-02
1.227627822663635015e-02 5.753962305607274175e-02
1.475083304103463888e-02 5.552698700921609998e-02
9.751191246323287487e-03 5.724899371853098273e-02
1.269444345962256193e-02 5.313503363868221641e-02
1.049757853616029024e-02 4.848201846471056342e-02
1.084616317530162632e-02 4.277356242528185248e-02
1.075334801862481982e-02 5.069129815092310309e-02
1.028861718077678233e-02 5.204946507001295686e-02
7.351495863986201584e-03 4.903285374166443944e-02
5.176502119866199791e-03 5.156932567479088902e-02
6.465196216595359147e-03 5.599579663248732686e-02
3.037210393813438714e-03 4.994919738965108991e-02
4.717690593679435551e-03 5.107591702835634351e-02
5.393974439357407391e-03 5.274640984134748578e-02
1.303334762633312494e-02 5.159040103899315000e-02
8.867458862368948758e-03 5.083104741061106324e-02
8.316903855302371085e-03 5.309518711874261498e-02
