3.417130175787928131e-02 4.398043485838930289e-02
8.911345154047012329e-03 9.923574514687061310e-03
1.557446736842393875e-02 1.975086610764265060e-02
1.435948931612074375e-02 2.824009303003549576e-02
1.555097301024943590e-02 3.810223005712032318e-02
2.099236205685883760e-02 4.681782890111207962e-02
2.870662149507552385e-02 4.838461684994399548e-02
1.999167643953114748e-02 5.636907345615327358e-02
2.598849369678646326e-02 5.712631111964583397e-02
2.547656430397182703e-02 6.051102397032082081e-02
2.451668161666020751e-02 5.416813516058027744e-02
2.413096267264336348e-02 5.466070078546181321e-02
2.365464885951951146e-02 5.375510000158101320e-02
2.280527789844200015e-02 5.475600855425000191e-02
3.100254730088636279e-02 5.323771317489445210e-02
2.446609147591516376e-02 5.077862460166215897e-02
2.227762894472107291e-02 5.000102537451311946e-02
2.487284730887040496e-02 5.468080629361793399e-02
2.287838346092030406e-02 5.587543715955689549e-02
2.844699722481891513e-02 5.619729388854466379e-02
2.396902925102040172e-02 5.405712788342498243e-02
2.576457260875031352e-02 5.247111860080622137e-02
2.199075528187677264e-02 5.358493860694579780e-02
2.018838661024346948e-02 5.944251336040906608e-02
2.819199586519971490e-02 5.868000726331956685e-02
2.276239037746563554e-02 5.255690639023669064e-02
2.286734581139171496e-02 5.447990601533092558e-02
2.405057670694077387e-02 5.299208944779820740e-02
2.016157037724042311e-02 5.255180067615583539e-02
1.758594168495619670e-02 5.334365076851099730e-02
1.732470584829570726e-02 5.617285671178251505e-02
1.171429712121607736e-02 4.844443046022206545e-02
1.483823732269229367e-02 5.249315092805773020e-02
2.043985436466755345e-02 5.352894612587988377e-02
2.289912524429382756e-02 5.127361672930419445e-02
1.968018851039232686e-02 5.236488115042448044e-02
1.915998839103849605e-02 4.953351453877985477e-02
2.080549975653411821e-02 4.985899402527138591e-02
2.342371713166357949e-02 5.515060032485052943e-02
2.629895695281447843e-02 5.597555602435022593e-02
2.408085903880419210e-02 4.788312932942062616e-02
1.814238867518724874e-02 5.048241873737424612e-02
2.243071981501998380e-02 4.538381134625524282e-02
2.555389353801729158e-02 4.808110732119530439e-02
2.466992149857105687e-02 5.092983494978398085e-02
2.461169908565352671e-02 5.746624933090060949e-02
1.758971127492259257e-02 5.335249786730855703e-02
2.307233230021665804e-02 4.448717867489904165e-02
1.861514772099326365e-02 5.171331891324371099e-02
2.717429554832051508e-02 4.761497059371322393e-02
2.388697063361178152e-02 4.461201105732470751e-02
