-4.397296885398600808e-02 3.981301693054507818e-02
-9.588251821696758270e-03 9.989621117711067200e-03
-1.184191182255744934e-02 1.943261269479990005e-02
-1.720465626567602158e-02 2.933715935796499252e-02
-1.931342971511185169e-02 3.851664159446954727e-02
-2.150810020975768566e-02 4.657349642366170883e-02
-2.731503243558108807e-02 4.687675531022250652e-02
-2.544194099027663469e-02 4.829858837183564901e-02
-2.191764244344085455e-02 4.864671287941746414e-02
-2.671326173003762960e-02 4.965686969808302820e-02
-3.255025285761803389e-02 4.729160791612230241e-02
-2.399771742057055235e-02 5.199213497689925134e-02
-2.789977111387997866e-02 4.466776814660988748e-02
-3.400263853836804628e-02 5.231429668492637575e-02
-2.698245842475444078e-02 5.206414195708930492e-02
-2.199108351487666368e-02 5.645765387453138828e-02
-2.681252837646752596e-02 5.430474132299423218e-02
-3.027003270108252764e-02 5.980933131650090218e-02
-3.136764210648834705e-02 5.445713037624955177e-02
-2.882176684215664864e-02 4.905997123569250107e-02
-2.678296389058232307e-02 5.593782244250178337e-02
-2.805661375168710947e-02 5.492888332810252905e-02
-2.075883571524173021e-02 5.617172957863658667e-02
-2.387831208761781454e-02 5.941728816833347082e-02
-2.655397041235119104e-02 5.372608953621238470e-02
-2.284333819989115000e-02 5.180450621992349625e-02
-2.208369370782747865e-02 5.040027562063187361e-02
-2.360246825264766812e-02 5.415988375898450613e-02
-2.157823141897097230e-02 5.297657719347625971e-02
-2.623309200862422585e-02 5.139592697378247976e-02
-2.948177029611542821e-02 5.480225954670459032e-02
-2.499954384984448552e-02 5.767432844731956720e-02
-2.962310827570036054e-02 5.877141631208360195e-02
-2.175207930849865079e-02 5.439178855158388615e-02
-2.526273560943081975e-02 5.877047334797680378e-02
-2.285673219012096524e-02 5.535601009614765644e-02
-1.961231307359412313e-02 5.903987400233745575e-02
-2.685129578458145261e-02 5.707353586331009865e-02
-2.375978656345978379e-02 5.520856135990470648e-02
-2.820346789667382836e-02 5.768792389426380396e-02
-2.625654306029900908e-02 6.096755724865943193e-02
-2.624303426364349434e-02 5.310620099771767855e-02
-3.163718430096196244e-02 4.861212766263633966e-02
-3.025076117137359688e-02 5.414349597413092852e-02
-3.056809568897733698e-02 4.904896451625972986e-02
-2.199188510076055536e-02 5.569272220600396395e-02
-2.556166385420510778e-02 5.492516100639477372e-02
-2.082311601498076925e-02 5.839465191820636392e-02
-2.838084434279153356e-02 5.535382806556299329e-02
-2.576481441155920038e-02 6.169541395502164960e-02
-1.976271748662838945e-02 5.836604518117383122e-02
