-2.656227986819108614e-02 4.640770346919322054e-02
7.368857506662607193e-03 9.138287045061588287e-03
6.571266916580498219e-03 1.870671566575765610e-02
6.561783375218510628e-04 2.649006666615605354e-02
2.299362677149474621e-03 3.453988349065184593e-02
4.755282658152282238e-03 3.843599464744329453e-02
4.552599450107663870e-03 3.696355666033923626e-02
8.460995217319577932e-03 3.973525948822498322e-02
6.729749788064509630e-03 3.404392255470156670e-02
3.096945176366716623e-03 3.860213281586766243e-02
3.398114320589229465e-03 3.393036965280771255e-02
9.336357907159253955e-03 3.701021545566618443e-02
8.828515041386708617e-03 3.578693023882806301e-02
6.973198935156688094e-03 4.297733656130731106e-02
1.023849620833061635e-02 4.017966333776712418e-02
5.965484393527731299e-03 3.526245569810271263e-02
5.943981423115474172e-03 4.218543507158756256e-02
4.812411107195657678e-03 4.043837473727762699e-02
7.803752394465846010e-03 3.619829355739057064e-02
8.029688558963243850e-03 3.393688146024942398e-02
7.332970506467972882e-03 3.199435595888644457e-02
6.990133524595876224e-03 3.513993846718221903e-02
4.951716606228728779e-03 3.832113009411841631e-02
7.194653591795940883e-03 3.862183791352435946e-02
5.252129953078110702e-03 3.503692866070196033e-02
8.195867385438759811e-03 3.419580281479284167e-02
7.608572110257227905e-03 2.963508031098172069e-02
1.108387796739407349e-02 3.361288568703457713e-02
8.167230846083839424e-03 3.575660492060706019e-02
8.348616118382778950e-03 3.458571218652650714e-02
4.778423159223166294e-03 3.452806198038160801e-02
2.934068952527013607e-03 3.223781613633036613e-02
5.774450766693917103e-03 3.207108525384683162e-02
5.066131810963270254e-03 3.376233002927619964e-02
2.265338191136834212e-03 2.987948695954401046e-02
7.658554577574250288e-03 3.545334500086028129e-02
3.072301728025195189e-03 4.050607590761501342e-02
3.011639100805041380e-03 3.653546034183818847e-02
1.996426015466568060e-03 4.087081954639870673e-02
8.204673986256239004e-03 4.239454069465864450e-02
6.858383874714490958e-03 3.848016024858225137e-02
9.328675560027477331e-03 3.265703092620242387e-02
1.467456120190036017e-02 2.933797980949748307e-02
8.351301412403699942e-03 3.016482137900311500e-02
1.057706271421920974e-02 2.949433647154364735e-02
1.072653208575502504e-02 3.089142522367183119e-02
1.155515702157572377e-02 3.205975367745850235e-02
1.078225107812613714e-02 2.984900785668287426e-02
1.320601900988549460e-02 3.296479898563120514e-02
1.063442783379286993e-02 3.245242674893233925e-02
6.136469486591522582e-03 3.568592494411859661e-02
