-2.757038651247850636e-02 4.612426222110910246e-02
-8.492812514305114746e-03 9.886709973216056824e-03
-7.089759688824415207e-03 1.949968095868825912e-02
-7.530734525062143803e-03 2.931527234613895416e-02
-1.337673945818096399e-02 3.909767977893352509e-02
-7.611726992763578892e-03 4.879156220704317093e-02
-2.001630724407732487e-03 5.601217364892363548e-02
-1.093211735133081675e-02 5.391797167249023914e-02
-1.322546449955552816e-02 5.817039334215223789e-02
-8.026714320294559002e-03 5.909970006905496120e-02
-1.517881115432828665e-02 5.549206398427486420e-02
-1.111753785517066717e-02 6.034646416082978249e-02
-1.176574791315943003e-02 5.564295547083020210e-02
-1.075555651914328337e-02 5.566776411615137476e-02
-4.816513857804238796e-03 5.779355888262216467e-02
-5.638910108245909214e-03 5.812132005121384282e-02
-1.058171328622847795e-02 5.844867472660553176e-02
-1.354524667840451002e-02 5.931572795270767529e-02
-8.279357454739511013e-03 5.300319606794801075e-02
-1.138297829311341047e-02 5.445878677892324049e-02
-4.371222923509776592e-03 6.130680260139342863e-02
-1.001892692875117064e-02 6.058542190476146061e-02
-1.570106844883412123e-02 5.480057087152090389e-02
-1.187556970398873091e-02 5.591036523583170492e-02
-1.908000360708683729e-02 5.822926252039906103e-02
-1.850871695205569267e-02 5.577789461131033022e-02
-1.550328638404607773e-02 5.457182384452607948e-02
-7.458123378455638885e-03 5.200275352581229527e-02
-5.986230797134339809e-03 4.938022668829944450e-02
-6.482810189481824636e-03 5.161914874224748928e-02
-1.299329375615343451e-02 4.794496174326923210e-02
-1.126524066785350442e-02 5.166781896150496323e-02
-1.048428512876853347e-02 5.435415024294343311e-02
-1.018096902407705784e-02 4.733307652531948406e-02
-1.252981927245855331e-02 4.922629757675167639e-02
-1.471035019494593143e-02 5.504208248930808622e-02
-1.665854523889720440e-02 5.166602651479479391e-02
-1.237035845406353474e-02 5.857575083973642904e-02
-1.229774569219443947e-02 5.546817933100101072e-02
-1.559536474815104157e-02 5.228886338773008902e-02
-1.304380445799324661e-02 5.207539352886669803e-02
-6.482693264842964709e-03 5.178361330945335794e-02
-1.499777742719743401e-02 5.193504129601933528e-02
-1.128430794051382691e-02 5.848844300089695025e-02
-8.954392178566195071e-03 6.201216948284127284e-02
-7.722297465079464018e-03 6.078472393164702225e-02
-5.301472745486535132e-03 5.978699642764695454e-02
-1.347130445356015116e-02 6.394113748865493108e-02
-1.361128238204400986e-02 5.935439103814132977e-02
-1.594878097239416093e-02 5.467806346314318944e-02
-9.993688363465480506e-03 6.040239203321107198e-02
