-6.223250758514206789e-03 4.980616789555970814e-02
9.852838702499866486e-04 9.938914328813552856e-03
4.030798561871051788e-03 1.960571948438882828e-02
1.229231432080268860e-02 2.936197724193334579e-02
1.607890427112579346e-02 3.751304093748331070e-02
1.494604884646832943e-02 4.370361752808094025e-02
2.303394558839499950e-02 4.805035889148712158e-02
1.828928268514573574e-02 4.516793903894722462e-02
1.741739606950432062e-02 5.201031011529266834e-02
1.673621096415445209e-02 5.188343864574562758e-02
1.375157869188115001e-02 5.274713614198844880e-02
1.572764659067615867e-02 5.184238175570499152e-02
1.391107233939692378e-02 5.147166650567669421e-02
1.276226382469758391e-02 5.172253290947992355e-02
1.518309320090338588e-02 4.694957922038156539e-02
1.367671223124489188e-02 4.065471312787849456e-02
1.347073646320495754e-02 4.777260667469818145e-02
1.785916289372835308e-02 4.440184200939256698e-02
2.040921164734754711e-02 4.582935648795682937e-02
2.180955246149096638e-02 4.475305574305821210e-02
2.019386251049581915e-02 4.328642979089636356e-02
2.397111595200840384e-02 4.585734249849338084e-02
2.027129546331707388e-02 4.349129095498938113e-02
2.524872288631740957e-02 4.075971974816638976e-02
2.314173571357969195e-02 4.272718548600096256e-02
1.897508838737849146e-02 4.856369139451999217e-02
2.159109456988517195e-02 4.516736332152504474e-02
1.655761037545744330e-02 4.590805592306423932e-02
2.085114015790168196e-02 5.097215222485829145e-02
2.086910022990196012e-02 4.516806053288746625e-02
1.827878132098703645e-02 4.576866312709171325e-02
1.961787475374876522e-02 4.904320284549612552e-02
1.988734138649306260e-02 5.062240159895736724e-02
1.367476509403786622e-02 5.213962712150532752e-02
1.312416421933448873e-02 4.886800803069490939e-02
9.970073147997027263e-03 5.124697957944590598e-02
1.076772153828642331e-02 5.233217038039583713e-02
9.326412658992921934e-03 5.604412693355698138e-02
1.158200026475242339e-02 4.774741370056290179e-02
4.163023633736884221e-03 4.878686620213557035e-02
1.245388071038178168e-02 4.751357268833089620e-02
1.394815006278804503e-02 5.305672595568466932e-02
1.207562427953234874e-02 4.816583423234988004e-02
1.068704234421602450e-02 4.584424821950960904e-02
1.446975100770941935e-02 4.358924664848018438e-02
1.001728869960061274e-02 4.189900199708063155e-02
1.597662907079211436e-02 4.062330113083589822e-02
1.032197693348280154e-02 4.706785544112790376e-02
1.712975682676187716e-02 4.357322627038229257e-02
1.863904177662334405e-02 4.849091074720490724e-02
2.251670180339715444e-02 4.738152884237933904e-02
