-2.736465228424458593e-02 4.618303283512319168e-02
1.808404922485351562e-04 9.813612326979637146e-03
-5.145539995282888412e-03 1.973074954003095627e-02
-5.285613893647678196e-03 2.908647339791059494e-02
-1.349652810313273221e-02 3.782030567526817322e-02
-1.085672313638497144e-02 3.767711862747091800e-02
-1.255685144860763103e-02 4.193383090023417026e-02
-1.610113664355594665e-02 4.081326474261004478e-02
-1.797650435764808208e-02 3.929669009812641889e-02
-1.061793703411240131e-02 3.908102499553933740e-02
-1.496057592157740146e-02 3.938233005465008318e-02
-1.110524272371549159e-02 3.906622040085494518e-02
-1.340713289391715080e-02 4.401169414632022381e-02
-1.332239297335036099e-02 4.233748256228864193e-02
-1.068134329398162663e-02 3.645560634322464466e-02
-1.560902505298145115e-02 3.588599100476130843e-02
-1.090952570666559041e-02 4.072028532391414046e-02
-7.633587840246036649e-03 4.617039667209610343e-02
-1.074053955380804837e-02 3.860322426771745086e-02
-1.433996742707677186e-02 4.144226148491725326e-02
-1.376849357620812953e-02 3.795455599902197719e-02
-1.108236252912320197e-02 3.480003023287281394e-02
-1.207891284138895571e-02 4.072948585962876678e-02
-9.149184828856959939e-03 3.976160421734675765e-02
-1.007682617637328804e-02 4.411353723844513297e-02
-1.116887803073041141e-02 4.048678785329684615e-02
-1.366059106658212841e-02 4.061706691572908312e-02
-1.130280314828269184e-02 4.034255056467372924e-02
-1.567580454866401851e-02 4.207811255764681846e-02
-1.937687254394404590e-02 4.130645953409839422e-02
-1.316825018147937953e-02 4.200781423423904926e-02
-1.925588861922733486e-02 4.289220408827532083e-02
-1.820374510134570301e-02 4.630558211647439748e-02
-2.320861580665223300e-02 4.084038706787396222e-02
-1.770647053490392864e-02 3.941285349719692022e-02
-1.870628536562435329e-02 4.096683948591817170e-02
-1.603524872916750610e-02 4.013373762427363545e-02
-2.072891101124696434e-02 3.652612971200142056e-02
-1.458169586840085685e-02 3.747488903172779828e-02
-1.278514994191937149e-02 3.358464543998707086e-02
-1.543854011106304824e-02 3.760372097895015031e-02
-1.437684669508598745e-02 3.771446044265758246e-02
-1.022231727256439626e-02 3.555760909512173384e-02
-1.785574349923990667e-02 3.307680417492520064e-02
-1.701253329520113766e-02 3.661242993257474154e-02
-1.223331366782076657e-02 4.149871626577805728e-02
-1.658296494861133397e-02 4.222456137358676642e-02
-1.450645600561983883e-02 3.421181863814126700e-02
-1.506468091974966228e-02 3.866607467352878302e-02
-1.212895681965164840e-02 3.415220561146270484e-02
-1.558483412372879684e-02 3.068996621004771441e-02
