-4.410015501356663592e-02 3.975063413580649796e-02
-9.843287989497184753e-03 9.869673289358615875e-03
-1.958618406206369400e-02 1.983541622757911682e-02
-2.379801543429493904e-02 2.976007107645273209e-02
-2.767579210922122002e-02 3.835671860724687576e-02
-2.922164392657577991e-02 4.789474885910749435e-02
-3.524577501229941845e-02 4.938431538175791502e-02
-2.895281440578401089e-02 5.458423856180161238e-02
-3.204471594654023647e-02 4.911625280510634184e-02
-2.943090093322098255e-02 5.553491960745304823e-02
-3.444489999674260616e-02 5.828772077802568674e-02
-2.979144384153187275e-02 6.173351767938584089e-02
-2.987326134461909533e-02 5.626933730673044920e-02
-3.496627009008079767e-02 5.750361119862645864e-02
-3.079564601648598909e-02 6.095255643595010042e-02
-2.809731161687523127e-02 5.349336389917880297e-02
-3.244636452291160822e-02 5.009254219476133585e-02
-3.214293040218763053e-02 5.531213257927447557e-02
-2.966216483036987484e-02 5.261619796510785818e-02
-3.537001411314122379e-02 5.322485911892727017e-02
-3.107456394354812801e-02 5.842972156824544072e-02
-3.493773887748830020e-02 5.625228356802836061e-02
-3.162290059844963253e-02 5.167548503959551454e-02
-2.656461807782761753e-02 5.248702014796435833e-02
-3.093011767487041652e-02 5.269442404096480459e-02
-3.453944108332507312e-02 5.301185215648729354e-02
-3.447711846820311621e-02 5.621236872684676200e-02
-3.276445769733982161e-02 5.429165433451998979e-02
-3.865057515940861776e-02 5.814364967227447778e-02
-3.708558012294815853e-02 5.597264222160447389e-02
-3.931874497357057407e-02 5.684320263389963657e-02
-4.241070961143122986e-02 5.577739475120324641e-02
-4.025302636000560597e-02 5.313526520330924541e-02
-3.624933952960418537e-02 5.598614930931944400e-02
-3.817942605382995680e-02 5.999898545269388705e-02
-3.901586519350530580e-02 5.560307165433187038e-02
-3.729344241583021358e-02 5.691624067549128085e-02
-3.906795965303899720e-02 5.356103747908491641e-02
-3.586439486389281228e-02 5.296183559403289109e-02
-3.848976479639532045e-02 5.311023566173389554e-02
-3.405842534994008020e-02 5.082578986184671521e-02
-3.915769304876448587e-02 5.542756879003718495e-02
-3.849532450112747028e-02 5.728846386773511767e-02
-3.626587609323905781e-02 5.240189022151753306e-02
-3.432180622621672228e-02 5.165831273188814521e-02
-3.350963572302134708e-02 5.230256979120895267e-02
-3.518162342516006902e-02 5.650289234472438693e-02
-4.074431723711313680e-02 5.099417566088959575e-02
-3.711797553842188790e-02 5.456870066700503230e-02
-3.912307928112568334e-02 4.859809827757999301e-02
-3.708233079669298604e-02 5.389487667707726359e-02
