-7.698612737436226483e-02 1.382112653266526214e-02
-9.953656233847141266e-03 2.550482749938964844e-04
-1.988850068300962448e-02 -3.672800958156585693e-03
-2.969715744256973267e-02 4.218204878270626068e-03
-3.964737709611654282e-02 1.234819646924734116e-03
-4.951248876750469208e-02 7.535522803664207458e-03
-5.932427477091550827e-02 7.057719456497579813e-03
-6.435566907748579979e-02 7.122531162167433649e-03
-6.907944986596703529e-02 9.548312613333109766e-03
-7.549403375014662743e-02 5.985867246636189520e-04
-7.505622931057587266e-02 -4.127416665141936392e-03
-7.830638583982363343e-02 -5.806185290566645563e-04
-8.035224379273131490e-02 -3.210021459381096065e-04
-7.454709225567057729e-02 -1.908510392240714282e-03
-7.041371410014107823e-02 3.610725580074358732e-03
-7.429501769365742803e-02 1.854837122664321214e-03
-6.912311428459361196e-02 1.717060389637481421e-03
-7.635148271219804883e-02 6.646526562690269202e-03
-7.391285296762362123e-02 7.539997801359277219e-03
-6.831946974853053689e-02 1.496602708357386291e-04
-7.461218774551525712e-02 -3.507970322971232235e-04
-7.819046668009832501e-02 -3.213337338820565492e-03
-7.682949473382905126e-02 -7.694707674090750515e-04
-7.508995343232527375e-02 5.129810473590623587e-03
-7.280717074172571301e-02 2.422585435851942748e-03
-7.412521418882533908e-02 4.220926712150685489e-04
-6.954208452953025699e-02 -1.989489137486089021e-03
-7.011286873603239655e-02 2.806409080221783370e-03
-7.402108103269711137e-02 -2.357163182750809938e-03
-7.116846722783520818e-02 6.306832940026652068e-03
-7.071602030191570520e-02 4.325907262682449073e-03
-6.914158747531473637e-02 4.270007644663564861e-03
-6.961388155468739569e-02 1.018326757184695452e-02
-7.168189450749196112e-02 9.744744878844358027e-03
-7.009565996122546494e-02 2.076196149573661387e-03
-6.765230119344778359e-02 2.799866852001287043e-03
-7.005737957661040127e-02 6.224109456525184214e-03
-7.328528820653446019e-02 2.245011870400048792e-03
-7.589098394964821637e-02 5.996781546855345368e-04
-7.797116276924498379e-02 2.466894933604635298e-03
-7.077278292854316533e-02 6.135366405942477286e-03
-7.185093910084106028e-02 2.901871703215874732e-03
-7.475733655155636370e-02 -6.700081139570102096e-04
-7.074524080962873995e-02 2.104123137542046607e-03
-6.844946314231492579e-02 -3.493489217362366617e-03
-6.709217841853387654e-02 4.126807223656214774e-03
-7.363228828762657940e-02 5.573488204390741885e-03
-7.116417217184789479e-02 -1.301657044677995145e-03
-7.607466916670091450e-02 2.236845335573889315e-03
-6.884939179872162640e-02 6.883149180794134736e-04
-6.854085312807001173e-02 7.228858783491887152e-03
