-9.521273914232641911e-02 -1.942984617285505380e-02
-9.841084480285644531e-03 2.136828843504190445e-03
-1.963649410754442215e-02 7.132842205464839935e-03
-2.960625197738409042e-02 7.720857509411871433e-03
-3.954194113612174988e-02 8.578209497500211000e-03
-4.905910976231098175e-02 2.422405697870999575e-03
-5.766839999705553055e-02 1.817395328544080257e-03
-6.675545778125524521e-02 8.939446764998137951e-03
-7.519576884806156158e-02 1.126119901891797781e-02
-8.357718028128147125e-02 1.100361277349293232e-02
-8.974107448011636734e-02 9.480065084062516689e-03
-8.402323303744196892e-02 1.343410729896277189e-02
-8.032993506640195847e-02 9.085497236810624599e-03
-8.192682627122849226e-02 8.254280663095414639e-03
-7.422018551733344793e-02 1.018186262808740139e-02
-7.865891128312796354e-02 1.074367098044604063e-02
-7.507893361616879702e-02 1.420695695560425520e-02
-7.768305030185729265e-02 1.441445025557186455e-02
-7.769724812806089176e-02 1.901724711933638901e-02
-7.479516828880150570e-02 1.544913194084074348e-02
-7.666362430882145418e-02 1.496817612496670336e-02
-7.927764793839742197e-02 1.837234756385441869e-02
-8.401143206265260233e-02 1.969986454059835523e-02
-8.109175814297486795e-02 1.696665793133433908e-02
-8.274602242727269186e-02 1.267636868578847498e-02
-7.860454176534403814e-02 1.692314234969671816e-02
-7.493695132416178240e-02 1.415252963488455862e-02
-8.036975078266550554e-02 1.705278431472834200e-02
-7.972701725066144718e-02 2.175105850619729608e-02
-8.216413662285049213e-02 1.473740137589629740e-02
-8.273425982315529836e-02 1.823555141163524240e-02
-7.682868889514793409e-02 1.355165171844419092e-02
-7.724599830089573516e-02 1.233183847216423601e-02
-7.594073050404404057e-02 8.070477037108503282e-03
-7.836577295074675931e-02 1.163776962494011968e-02
-7.340044620195840253e-02 1.216941203165333718e-02
-7.459593120711360825e-02 1.557523098017554730e-02
-7.565049348613683833e-02 1.463131337368395180e-02
-7.148984015202586306e-02 1.608023791050072759e-02
-8.026133418297831668e-02 1.313166225736495107e-02
-8.647530606231157435e-02 1.043999519606586546e-02
-8.368240423715178622e-02 1.576203199510928243e-02
-8.650946441321138991e-02 1.999182532017584890e-02
-8.641546073613426415e-02 1.647018872608896345e-02
-8.823631767427286832e-02 1.844183167850133032e-02
-9.455599373450240819e-02 1.876294692920055240e-02
-8.707282848899922101e-02 1.950963218405377120e-02
-8.883282966689876048e-02 1.403915513947140425e-02
-8.310380769671610324e-02 1.166991754143964499e-02
-8.391774189203715650e-02 1.413495470478665084e-02
-8.561280555568373529e-02 2.088983920111786574e-02
