-9.506580485663335134e-02 -1.897593277855871841e-02
-9.701478295028209686e-03 -4.540824797004461288e-03
-1.940893195569515228e-02 -1.198479998856782913e-02
-2.923492807894945145e-02 -1.462107175029814243e-02
-3.917937353253364563e-02 -9.136581560596823692e-03
-4.900568351149559021e-02 -1.000562682747840881e-02
-5.881101358681917191e-02 -7.643523393198847771e-03
-6.835436448454856873e-02 -5.293789086863398552e-03
-7.328724581748247147e-02 -9.214329766109585762e-03
-7.834199722856283188e-02 -4.827955039218068123e-03
-7.935280550736933947e-02 4.046640824526548386e-04
-7.267279888037592173e-02 -7.042807759717106819e-03
-8.080723194871097803e-02 -4.519614391028881073e-03
-7.913360511884093285e-02 -4.898596205748617649e-03
-7.961935971979983151e-02 -3.345109638758003712e-03
-8.230343487230129540e-02 2.080086967907845974e-03
-8.413061339524574578e-02 -3.880630829371511936e-03
-7.976042226073332131e-02 -3.168987168464809656e-03
-7.425481991958804429e-02 -1.004499441478401423e-03
-7.820556804654188454e-02 4.924496752209961414e-04
-7.965104738832451403e-02 2.200059534516185522e-03
-7.924536149948835373e-02 1.862216246081516147e-03
-8.057038346305489540e-02 2.747620601439848542e-03
-8.393564261496067047e-02 -5.257798213278874755e-03
-8.184920460917055607e-02 2.330554794752970338e-03
-8.574164542369544506e-02 -2.682643331354483962e-03
-8.828386338427662849e-02 1.930128928506746888e-03
-8.186549600213766098e-02 4.337243415648117661e-03
-7.878376427106559277e-02 6.039435189450159669e-03
-7.860797111061401665e-02 -2.227566059445962310e-03
-7.943742335191927850e-02 -4.861465509748086333e-03
-8.019838630571030080e-02 -8.883062138920649886e-03
-7.793211643001995981e-02 -2.962708327686414123e-03
-8.658558674505911767e-02 -2.951191518150153570e-03
-8.148285219795070589e-02 1.049332540787872858e-03
-8.179505774751305580e-02 3.146303804896888323e-03
-8.400701405480504036e-02 7.172585337684722617e-04
-8.412459196551935747e-02 -2.194160608269157819e-03
-8.210362151294248179e-02 2.576150453023728915e-03
-8.459996531746583059e-02 -2.532693104512873106e-03
-8.559498081012861803e-02 -1.604335278898361139e-03
-8.457655442907707766e-02 -1.704109277852694504e-03
-7.980721753119723871e-02 2.998643049068050459e-04
-7.981266062733993749e-02 2.345693619645317085e-03
-8.089375838198975543e-02 -5.603372728728572838e-03
-7.687452777781800251e-02 -1.849132500865380280e-03
-8.111852516913131694e-02 -3.880370551996747963e-03
-8.244434818652734975e-02 -1.001522321530501358e-03
-8.537413580370412092e-02 -4.870995557212154381e-03
-8.266412122202382307e-02 4.012092338598449714e-03
-8.544323178966806154e-02 8.694232401467161253e-04
