-9.931528358915721333e-02 -3.831777223277681860e-02
-9.948709048330783844e-03 1.273704692721366882e-03
-1.950830966234207153e-02 -5.337423644959926605e-04
-2.945407480001449585e-02 -5.229051690548658371e-03
-3.935604449361562729e-02 -2.441411605104804039e-03
-4.913047421723604202e-02 5.930203478783369064e-04
-5.888614896684885025e-02 4.793709376826882362e-05
-6.859569251537322998e-02 -1.246482075657695532e-03
-7.833335828036069870e-02 -5.699692701455205679e-03
-8.732691686600446701e-02 -3.263878577854484320e-03
-8.682136103743687272e-02 -1.011526386719197035e-03
-8.447971643181517720e-02 -3.054223489016294479e-04
-9.041469759540632367e-02 -9.315512725152075291e-04
-9.176253440091386437e-02 -4.050844640005379915e-03
-8.722154988208785653e-02 -1.678101776633411646e-03
-8.728353393962606788e-02 -6.856849009636789560e-03
-8.732334387968876399e-02 -8.357042679563164711e-05
-9.228551204796531238e-02 -1.389859884511679411e-03
-8.959889461766579188e-02 3.189213399309664965e-03
-9.032609869973384775e-02 -3.053583845030516386e-03
-8.365931219668709673e-02 -3.740291926078498363e-03
-8.860608513714396395e-02 -1.853770343586802483e-03
-9.565570435734116472e-02 3.755453275516629219e-03
-9.364312605248414911e-02 3.348430618643760681e-05
-8.909769959063851275e-02 1.590189523994922638e-03
-9.338079856024705805e-02 -1.124484231695532799e-03
-9.387897179476567544e-02 1.774528296664357185e-03
-9.862457440249272622e-02 -1.529259840026497841e-03
-9.069232028923579492e-02 3.376622917130589485e-03
-9.459969812087365426e-02 -1.857501221820712090e-03
-9.761154037914820947e-02 -5.195798818022012711e-03
-9.508769974127062596e-02 -1.623892923817038536e-03
-9.714061362683423795e-02 1.628334401175379753e-03
-1.022709833086992148e-01 3.069060621783137321e-04
-9.977851380608626641e-02 1.971506397239863873e-03
-9.836091989200212993e-02 3.261045669205486774e-03
-1.030084798439929727e-01 4.024963127449154854e-04
-9.878974318053224124e-02 -1.519721234217286110e-03
-9.694252131521352567e-02 4.301581764593720436e-03
-9.730154989301809110e-02 2.134109614416956902e-03
-9.425437698155292310e-02 4.352791234850883484e-03
-9.555059022750356235e-02 -4.805480130016803741e-04
-1.008861861519108061e-01 4.688931629061698914e-03
-9.724588020253577270e-02 3.697734442539513111e-03
-9.557582371417083777e-02 4.382957762572914362e-03
-9.811148516382672824e-02 3.242090286221355200e-03
-9.722603913178318180e-02 3.646333760116249323e-03
-9.603399990373873152e-02 6.153076537884771824e-04
-9.602625129991793074e-02 5.241891427431255579e-03
-9.336543453173362650e-02 3.458953171502798796e-03
-8.798784387545310892e-02 -2.174642693717032671e-03
