-9.946139722628305480e-02 -6.036486670418562267e-02
-9.993080981075763702e-03 -9.881534613668918610e-03
-1.997989974915981293e-02 -1.965591963380575180e-02
-2.976772654801607132e-02 -2.917590457946062088e-02
-3.957905899733304977e-02 -3.724336251616477966e-02
-4.955082014203071594e-02 -4.645651206374168396e-02
-5.922273360192775726e-02 -5.106656718999147415e-02
-6.880364101380109787e-02 -5.854702927172183990e-02
-7.863774336874485016e-02 -6.357460748404264450e-02
-8.783666137605905533e-02 -6.389955530175939202e-02
-9.658510517328977585e-02 -6.775435974122956395e-02
-9.269226621836423874e-02 -6.014276092173531651e-02
-1.017240528017282486e-01 -6.305531674297526479e-02
-1.013175646367017180e-01 -6.351114265271462500e-02
-1.045336815586779267e-01 -6.813656739541329443e-02
-1.083219022548291832e-01 -7.217982146539725363e-02
-1.004582940659020096e-01 -6.583627327927388251e-02
-1.027488754189107567e-01 -5.787145360955037177e-02
-1.015110980079043657e-01 -6.240004734718240798e-02
-1.003909335995558649e-01 -6.109769063186831772e-02
-1.010829685546923429e-01 -6.497105912421829998e-02
-1.012603555427631363e-01 -6.212221345049329102e-02
-1.034461991948774084e-01 -5.538720337790437043e-02
-1.029722969833528623e-01 -5.967270329711027443e-02
-9.695391122659202665e-02 -5.558009099331684411e-02
-9.894420507771428674e-02 -5.563138615252682939e-02
-9.538393629190977663e-02 -6.129931103350827470e-02
-9.844057679583784193e-02 -5.718439262273022905e-02
-9.736731646989937872e-02 -6.000811726698884740e-02
-1.015115547779714689e-01 -6.184610809577861801e-02
-9.784205093455966562e-02 -6.556284140242496505e-02
-1.031736840814119205e-01 -6.520671319594839588e-02
-9.506969874200876802e-02 -6.314913105597952381e-02
-1.013390535808866844e-01 -6.123995621601352468e-02
-1.004964513558661565e-01 -6.344879352400312200e-02
-9.884446334035601467e-02 -5.773905738169560209e-02
-1.013570387003710493e-01 -6.060464963229605928e-02
-1.027458638272946700e-01 -5.550748951645800844e-02
-9.578709791821893305e-02 -5.175962349312612787e-02
-9.916408731078263372e-02 -5.669580031099030748e-02
-1.023656125034904107e-01 -6.473288874985883012e-02
-1.035264290258055553e-01 -6.715487040492007509e-02
-1.024565781553974375e-01 -6.992327425541589037e-02
-9.814610156172420830e-02 -6.137546900572488084e-02
-1.007830378221115097e-01 -6.876227589236805215e-02
-9.733866677561309189e-02 -6.452617844479391351e-02
-1.020836412062635645e-01 -6.352537117345491424e-02
-9.996511820645537227e-02 -5.890255180565873161e-02
-9.713410503172781318e-02 -6.210271074814954773e-02
-1.005272675392916426e-01 -6.655279958067694679e-02
-1.040574997750809416e-01 -6.859596624417463318e-02
