-9.972624053450945825e-02 -5.739438630673057706e-02
-9.881070815026760101e-03 -8.547063916921615601e-03
-1.984334830194711685e-02 -1.657272968441247940e-02
-2.971330471336841583e-02 -2.462557423859834671e-02
-3.966268803924322128e-02 -2.975844172760844231e-02
-4.906190373003482819e-02 -2.951427488005720079e-02
-5.898211523890495300e-02 -3.678443640819750726e-02
-6.860733218491077423e-02 -3.868800014606676996e-02
-7.841725181788206100e-02 -3.605293840519152582e-02
-8.769797906279563904e-02 -3.036021566367708147e-02
-9.482440259307622910e-02 -3.035718893988814671e-02
-1.024517961777746677e-01 -3.172737271415826399e-02
-1.046944828703999519e-01 -2.821626588593062479e-02
-1.002385243773460388e-01 -3.439429430181917269e-02
-9.919336892198771238e-02 -3.589784707764920313e-02
-9.629742137622088194e-02 -3.387554739492770750e-02
-1.001192334806546569e-01 -3.758717216442164499e-02
-1.035576440626755357e-01 -3.899614366127934773e-02
-1.015752627281472087e-01 -3.316035813077178318e-02
-9.807249566074460745e-02 -3.237772411557671148e-02
-9.753199119586497545e-02 -2.945409719723102171e-02
-9.721918482682667673e-02 -3.556699030923482496e-02
-9.883619737229309976e-02 -3.745535125381138641e-02
-9.793773127603344619e-02 -3.640529506265011150e-02
-1.046112675394397229e-01 -3.295978314599778969e-02
-1.014628656848799437e-01 -3.004518167472269852e-02
-1.024164386617485434e-01 -3.700596808812406380e-02
-9.727483722963370383e-02 -4.013870835660782177e-02
-9.333612924092449248e-02 -3.175345521776762325e-02
-1.027098527702037245e-01 -3.052898151690897066e-02
-1.077744538488332182e-01 -3.503008633742865641e-02
-1.052813298592809588e-01 -2.959149172420438845e-02
-1.040586550079751760e-01 -3.501675957704719622e-02
-1.006197592068929225e-01 -3.559757703806099016e-02
-1.063612641592044383e-01 -3.138822298387822229e-02
-1.049345280334819108e-01 -3.304717519677069504e-02
-1.076428671658504754e-01 -3.667274319923308212e-02
-1.068076404335442930e-01 -3.749933977269392926e-02
-1.045174583850894123e-01 -3.552931219928723294e-02
-1.056007966690231115e-01 -3.124579832547169644e-02
-1.041896328388247639e-01 -3.564243063920002896e-02
-1.004344973771367222e-01 -3.762910397381347138e-02
-1.037033101601991802e-01 -3.549678249873977620e-02
-1.020598027680534869e-01 -3.500280784101050813e-02
-1.054839024145621806e-01 -3.806860790245991666e-02
-9.840254185837693512e-02 -3.116694091477256734e-02
-1.007599411823321134e-01 -3.650083996944886167e-02
-1.025294951687101275e-01 -3.351421699517231900e-02
-9.790779664763249457e-02 -3.083827601403754670e-02
-1.049365989456418902e-01 -3.890595839948218782e-02
-1.025823824165854603e-01 -3.722346002359699924e-02
