-9.505204055903511418e-02 -1.893378707400042091e-02
-9.981713257730007172e-03 -9.908475913107395172e-03
-1.982637587934732437e-02 -1.884408481419086456e-02
-2.953556831926107407e-02 -2.845304738730192184e-02
-3.947178181260824203e-02 -3.529392788186669350e-02
-4.938360210508108139e-02 -4.040149878710508347e-02
-5.868358258157968521e-02 -4.330602125264704227e-02
-6.861728522926568985e-02 -4.122942639514803886e-02
-7.850568089634180069e-02 -3.935566497966647148e-02
-8.795929141342639923e-02 -3.799713682383298874e-02
-9.590686857700347900e-02 -3.246881812810897827e-02
-9.834130271337926388e-02 -3.692616708576679230e-02
-1.025041935499757528e-01 -3.622621903195977211e-02
-9.725125669501721859e-02 -2.968016779050230980e-02
-1.019920825492590666e-01 -3.368623647838830948e-02
-1.049514734186232090e-01 -3.751926263794302940e-02
-1.092002759687602520e-01 -3.556263283826410770e-02
-1.059655426070094109e-01 -3.258932661265134811e-02
-1.039570257999002934e-01 -3.533489769324660301e-02
-1.028965363511815667e-01 -3.329303814098238945e-02
-1.021807239158079028e-01 -3.485388052649796009e-02
-1.016502676066011190e-01 -3.025486948899924755e-02
-9.868547180667519569e-02 -3.410987858660519123e-02
-9.724473697133362293e-02 -3.288262372370809317e-02
-9.690837367088533938e-02 -3.662168269511312246e-02
-1.027798912546131760e-01 -3.441231849137693644e-02
-1.061625894217286259e-01 -3.144094243180006742e-02
-1.035486123582813889e-01 -3.118346587871201336e-02
-1.006563901028130203e-01 -2.800121580366976559e-02
-1.061626117734704167e-01 -3.187661667470820248e-02
-1.007781595981214195e-01 -3.560081732575781643e-02
-9.768835027352906764e-02 -3.132376217399723828e-02
-1.050797439238522202e-01 -3.287550111417658627e-02
-1.028863418905530125e-01 -3.641806312953121960e-02
-1.048048014345113188e-01 -3.688635415164753795e-02
-1.044483537552878261e-01 -3.102405992103740573e-02
-1.036741252173669636e-01 -3.446112241363152862e-02
-1.020018978160806000e-01 -3.249126992886886001e-02
-1.026647223043255508e-01 -3.044737776508554816e-02
-9.787342342315241694e-02 -3.146404580911621451e-02
-9.613779460778459907e-02 -2.975859009893611073e-02
-1.016751303686760366e-01 -3.468885115580633283e-02
-1.043464149697683752e-01 -2.725705347256734967e-02
-1.013080384000204504e-01 -3.062106930883601308e-02
-9.967661398695781827e-02 -2.745995373697951436e-02
-1.034008302376605570e-01 -2.430235251085832715e-02
-1.047372968751005828e-01 -2.723844634601846337e-02
-9.966382122365757823e-02 -2.367536310339346528e-02
-1.044863138231448829e-01 -2.504029212286695838e-02
-1.033429238595999777e-01 -2.555133996065706015e-02
-1.037093529303092510e-01 -2.651061589131131768e-02
