-8.726641414330400803e-02 -1.167910524232616820e-03
-9.877096861600875854e-03 -2.714644651859998703e-03
-1.973121613264083862e-02 -4.149845801293849945e-03
-2.965756319463253021e-02 -6.330765318125486374e-04
-3.954302519559860229e-02 -8.982206345535814762e-04
-4.942062776535749435e-02 1.954719831701368093e-03
-5.929295346140861511e-02 -1.428479154128581285e-03
-6.912611424922943115e-02 6.281486421357840300e-03
-7.867237646132707596e-02 2.194178465288132429e-03
-8.848217595368623734e-02 3.787185240071266890e-03
-9.331850381568074226e-02 6.090133392717689276e-03
-9.211133210919797421e-02 1.019657630240544677e-02
-9.416327672079205513e-02 4.147773550357669592e-03
-9.181998809799551964e-02 8.977361430879682302e-03
-9.651627251878380775e-02 9.583463193848729134e-03
-8.963477704674005508e-02 4.538191249594092369e-03
-8.957525584992254153e-02 1.118868659250438213e-02
-9.375845324393594638e-02 5.494335433468222618e-03
-8.810984399315202609e-02 5.947874306002631783e-03
-8.603356159437680617e-02 1.108868891606107354e-03
-8.913220381509745494e-02 6.000934081384912133e-03
-8.818737362889805809e-02 9.922566736349835992e-03
-8.722225167002761737e-02 4.263372073182836175e-03
-9.015855156030738726e-02 1.347791781881824136e-03
-8.325590249296510592e-02 2.917859150329604745e-03
-9.004695257317507640e-02 1.906960183987393975e-03
-8.792986241314793006e-02 3.282540041254833341e-03
-8.796744075516471639e-02 1.158907834906131029e-04
-8.654160708101699129e-02 7.831945840734988451e-04
-8.332005961710819975e-02 1.313060784013941884e-03
-8.857614946464309469e-02 -1.679660956142470241e-03
-8.731964897742727771e-02 3.433355392189696431e-03
-8.819026061246404424e-02 1.942193281138315797e-03
-8.762027449120068923e-02 -4.134941234951838851e-03
-8.571881600801134482e-02 -5.095954664284363389e-03
-8.170567252818727866e-02 -3.196761535946279764e-04
-8.651304743398213759e-02 -4.375006683403626084e-03
-8.141746916953707114e-02 -5.413282575318589807e-03
-8.772426829818869010e-02 -6.510507460916414857e-03
-8.937967287056380883e-02 -7.120721566025167704e-04
-9.175876944937044755e-02 -2.512913226382806897e-03
-8.951396073825890198e-02 1.913928397698327899e-03
-9.162192836083704606e-02 -3.406504663871601224e-03
-8.893087410979205742e-02 -5.053787521319463849e-03
-8.331428792007500306e-02 -6.711129826726391912e-03
-8.180001282744342461e-02 -2.665371896000579000e-03
-8.626726267539197579e-02 -3.252405527746304870e-03
-9.050886144541436806e-02 -9.930514119332656264e-03
-8.779114831850165501e-02 -2.368425339227542281e-03
-9.022070092760259286e-02 1.187676010886207223e-03
-8.963991326891118661e-02 -4.681578924646601081e-03
