-7.620985123003608253e-02 1.474610857415113718e-02
-9.903321042656898499e-03 -3.505742351990193129e-04
-1.983017101883888245e-02 4.976182972313836217e-03
-2.951654978096485138e-02 -1.989539916394278407e-03
-3.948271926492452621e-02 5.637128168018534780e-03
-4.945754539221525192e-02 1.045357927796430886e-02
-5.945032928138971329e-02 7.943956676172092557e-03
-6.919869873672723770e-02 -1.131147582782432437e-03
-7.844711653888225555e-02 6.193650449858978391e-03
-7.817627780605107546e-02 1.121132916887290776e-02
-8.078613632824271917e-02 2.905811212258413434e-03
-8.406520111020654440e-02 7.946413970785215497e-03
-8.441192371537908912e-02 -6.410756031982600689e-05
-8.740323170786723495e-02 4.993640846805647016e-03
-8.777723056846298277e-02 2.213149826275184751e-03
-8.514101142645813525e-02 5.782728811027482152e-03
-8.663060181424953043e-02 1.290209338185377419e-02
-9.365701480419375002e-02 1.149100650218315423e-02
-9.295655056484974921e-02 7.256324199261143804e-03
-8.744500685133971274e-02 1.179983819019980729e-02
-8.851749406312592328e-02 1.700337862712331116e-02
-9.407856318284757435e-02 1.321289411862380803e-02
-8.732093547587282956e-02 1.229434603010304272e-02
-8.575042468146421015e-02 1.751990665798075497e-02
-8.063796992064453661e-02 8.948097500251606107e-03
-8.977985745877958834e-02 8.928799305067514069e-03
-8.830689443857409060e-02 1.466238475586578716e-02
-8.780136003042571247e-02 1.067325682561204303e-02
-9.024528620648197830e-02 9.008366267153178342e-03
-8.889793753041885793e-02 5.679854542904649861e-03
-8.665931699215434492e-02 1.191430480866983999e-02
-8.174694198532961309e-02 9.380485282235895284e-03
-8.468471476226113737e-02 1.425808097883418668e-02
-9.006747658713720739e-02 1.276902342397079337e-02
-8.238922533928416669e-02 1.177591830673918594e-02
-7.736243176623247564e-02 8.597783746154163964e-03
-8.490778607665561140e-02 1.154338079686567653e-02
-8.761953152134083211e-02 5.760625239418004639e-03
-8.172755278064869344e-02 1.168993325154588092e-02
-8.636727472185157239e-02 7.097532741681789048e-03
-8.557987117092125118e-02 1.182120316843793262e-02
-7.905572556774131954e-02 8.992142744318698533e-03
-8.168871185625903308e-02 4.958507373885367997e-03
-8.302178882877342403e-02 7.905408741862629540e-03
-8.379337508813478053e-02 8.998276551210437901e-03
-9.040835211635567248e-02 1.584512728913978208e-02
-8.566702334792353213e-02 7.334489260756527074e-03
-8.007731559337116778e-02 6.976189646593411453e-03
-8.292491306201554835e-02 4.235346425048192032e-03
-8.614048818708397448e-02 9.850034579358180054e-03
-8.360847100266255438e-02 2.379277810177882202e-03
