-9.537877893313050082e-02 -1.995189641216899706e-02
-9.945733472704887390e-03 7.216080091893672943e-03
-1.987102162092924118e-02 1.213166676461696625e-02
-2.979447320103645325e-02 1.591524435207247734e-02
-3.955503180623054504e-02 1.645708631258457899e-02
-4.943735431879758835e-02 1.592584681930020452e-02
-5.908352136611938477e-02 1.021085010142996907e-02
-6.902052182704210281e-02 7.704570249188691378e-03
-7.855912949889898300e-02 1.506763213546946645e-02
-8.489566808566451073e-02 1.947644475148990750e-02
-8.938703034073114395e-02 1.582203159341588616e-02
-8.827648498117923737e-02 2.283349965000525117e-02
-9.191473457030951977e-02 1.618213026085868478e-02
-9.463835321366786957e-02 1.464975212002173066e-02
-8.781359298154711723e-02 1.941835141042247415e-02
-9.134801966138184071e-02 1.562934374669566751e-02
-9.837705804966390133e-02 1.859400962712243199e-02
-9.190298547036945820e-02 2.145197481149807572e-02
-9.672233578749001026e-02 1.635425124550238252e-02
-8.926160843111574650e-02 1.288352656411007047e-02
-8.682482875883579254e-02 1.784287608461454511e-02
-9.125682432204484940e-02 1.827501688967458904e-02
-9.554149676114320755e-02 1.807889735209755599e-02
-9.079924644902348518e-02 2.127045296947471797e-02
-8.861752459779381752e-02 1.325086780707351863e-02
-9.003562096040695906e-02 2.024715344305150211e-02
-9.409829077776521444e-02 2.190696154139004648e-02
-8.946104103233665228e-02 2.092950613587163389e-02
-9.310840361285954714e-02 1.753332404769025743e-02
-9.702833613846451044e-02 1.551864072098396719e-02
-9.324819769244641066e-02 1.668416659231297672e-02
-9.540578455198556185e-02 1.917665635119192302e-02
-9.043390967417508364e-02 1.486467660288326442e-02
-9.552850073669105768e-02 1.512332260608673096e-02
-8.931083057541400194e-02 2.187589230015873909e-02
-9.261008340399712324e-02 2.378674212377518415e-02
-8.558516844641417265e-02 2.492649015039205551e-02
-8.932609774637967348e-02 2.089819638058543205e-02
-8.384662133175879717e-02 1.862639887258410454e-02
-8.966153638903051615e-02 1.339394319802522659e-02
-8.675785327795892954e-02 1.713071926496922970e-02
-8.231645834166556597e-02 1.613313716370612383e-02
-8.393109205644577742e-02 2.139901195187121630e-02
-7.998671324457973242e-02 1.992460887413471937e-02
-8.687128440942615271e-02 2.493616275023669004e-02
-8.009679929818958044e-02 2.039255935233086348e-02
-8.375806210096925497e-02 2.397839853074401617e-02
-8.357119915308430791e-02 2.280541008803993464e-02
-8.804967749165371060e-02 2.949070523027330637e-02
-8.862381026847288013e-02 3.050500457175076008e-02
-9.400745172752067447e-02 2.957874664571136236e-02
