-8.666754606257798255e-02 -1.127625590379432996e-04
-8.225950412452220917e-03 9.491061791777610779e-03
-1.622737757861614227e-02 1.909451745450496674e-02
-2.571806684136390686e-02 2.444686880335211754e-02
-3.360177949070930481e-02 2.399106256780214608e-02
-3.828881401568651199e-02 2.689279665355570614e-02
-4.357785126194357872e-02 2.502882471890188754e-02
-3.925341973081231117e-02 2.098872084752656519e-02
-4.337174911051988602e-02 2.500581173808313906e-02
-4.629759560339152813e-02 2.142305290908552706e-02
-3.763480647467076778e-02 2.600765871466137469e-02
-3.701607929542660713e-02 2.964295787387527525e-02
-3.547822579275816679e-02 2.863373866421170533e-02
-3.436679707374423742e-02 2.604818230611272156e-02
-4.110163764562457800e-02 2.405527609516866505e-02
-4.053379967808723450e-02 2.438391820760443807e-02
-3.879546839743852615e-02 2.268063445808365941e-02
-3.387990919873118401e-02 2.348692552186548710e-02
-2.964429371058940887e-02 2.672693505883216858e-02
-3.379446826875209808e-02 2.860937244258821011e-02
-4.080833401530981064e-02 2.142797387205064297e-02
-3.304258920252323151e-02 2.300397306680679321e-02
-3.879836248233914375e-02 1.915576914325356483e-02
-4.056560795288532972e-02 2.365535590797662735e-02
-3.877417487092316151e-02 2.255743776913732290e-02
-3.827231685863807797e-02 2.451421890873461962e-02
-4.400960059138014913e-02 2.587299025617539883e-02
-4.711613972904160619e-02 2.041618921793997288e-02
-3.960681037278845906e-02 2.430672268383204937e-02
-3.758650628151372075e-02 2.312198386061936617e-02
-4.253627668367698789e-02 2.402011142112314701e-02
-3.958580858306959271e-02 2.269557816907763481e-02
-3.242811822565272450e-02 2.543222042731940746e-02
-3.323555312817916274e-02 2.218866092152893543e-02
-3.327191792050143704e-02 2.655700198374688625e-02
-4.184765632817288861e-02 2.263683662749826908e-02
-4.783681392291327938e-02 2.159686433151364326e-02
-4.877685065002879128e-02 2.413541777059435844e-02
-4.257888680876931176e-02 2.422472937178099528e-02
-3.814504024194320664e-02 2.981652701419079676e-02
-4.092567445331951603e-02 2.811321288027102128e-02
-3.905728828249266371e-02 2.460019148566061631e-02
-3.523839727131417021e-02 3.135754352115327492e-02
-4.178251275880029425e-02 2.898693222232395783e-02
-3.616381432948401198e-02 2.630535441130632535e-02
-3.715294921858003363e-02 2.856339535355800763e-02
-3.030730128375580534e-02 2.468079652317101136e-02
-3.497171770868590102e-02 3.035360665671760216e-02
-3.586657772393664345e-02 2.723307695850962773e-02
-3.906564538920065388e-02 2.372020224720472470e-02
-3.544495425740024075e-02 2.455568293953547254e-02
