-9.545352516867144921e-02 -2.019019401482446963e-02
-9.166969917714595795e-03 6.046991329640150070e-03
-1.905630435794591904e-02 -1.837902236729860306e-03
-2.866089250892400742e-02 -1.579833216965198517e-03
-3.840538114309310913e-02 -7.163693662732839584e-04
-4.807499051094055176e-02 2.710317028686404228e-03
-5.798017978668212891e-02 -8.508465252816677094e-04
-6.790593918412923813e-02 -1.089077341021038592e-03
-7.617908623069524765e-02 2.274839542224071920e-03
-8.347779279574751854e-02 1.356362990918569267e-03
-9.273169608786702156e-02 -5.509034570422954857e-03
-9.736279258504509926e-02 1.537284551886841655e-04
-9.828480909345671535e-02 2.080970720271579921e-03
-9.935643261997029185e-02 -1.473246331443078816e-03
-9.849430865142494440e-02 -1.417629238858353347e-03
-9.906711225630715489e-02 -3.997536186943762004e-04
-1.024757910636253655e-01 -6.384492553479503840e-03
-1.042197013157419860e-01 -2.661101454577874392e-03
-9.833541762782260776e-02 -2.152092107280623168e-03
-1.025978007237426937e-01 -3.998731699539348483e-05
-9.900213143555447459e-02 5.095798936963547021e-03
-1.012384560308419168e-01 1.237888303876388818e-03
-9.699975507101044059e-02 3.376575477886945009e-06
-1.014624367817305028e-01 2.829015786119271070e-03
-1.041974799591116607e-01 5.474293793668039143e-04
-9.952842787606641650e-02 -4.088841546035837382e-03
-1.034887732821516693e-01 1.080712136172223836e-03
-1.095376025768928230e-01 2.340780520171392709e-03
-1.032158031011931598e-01 -1.765464476193301380e-04
-9.927563573000952601e-02 -5.857239295437466353e-03
-9.795758995460346341e-02 -3.582056197046767920e-03
-1.038613354903645813e-01 -4.911804157018195838e-03
-1.013258540187962353e-01 -6.026366892911028117e-03
-1.039964722585864365e-01 -7.799364211678039283e-03
-1.087923136656172574e-01 -2.397454860329162329e-03
-1.087955239718212397e-01 -1.489153997681569308e-03
-1.061386995506836683e-01 -2.531210710003506392e-03
-1.033434587088777334e-01 -3.479097380477469414e-03
-1.063764468790395767e-01 -2.471240113663952798e-03
-1.083733871137155802e-01 8.449322849628515542e-04
-1.018942239252282889e-01 -5.544827945413999259e-04
-1.056989278667970211e-01 -6.776917136448901147e-03
-1.039967980259461910e-01 -9.919040247041266412e-03
-1.075708354846938164e-01 -5.254289011645596474e-03
-1.060357464966728003e-01 -4.908732276817318052e-03
-1.018115485576345236e-01 -6.078059108403977007e-03
-1.054453874030514271e-01 -2.182633405027445406e-03
-1.014605128229959519e-01 1.624861244636122137e-03
-1.014567732277100731e-01 3.198743310349527746e-03
-9.624450350429469836e-02 -3.592551242036279291e-03
-1.017365439261084248e-01 -7.074141896737273782e-03
