-8.704525674937017843e-02 -7.747699097685606384e-04
-9.972556494176387787e-03 3.323958953842520714e-03
-1.987429708242416382e-02 5.999473156407475471e-03
-2.978871855884790421e-02 -3.535507712513208389e-04
-3.956222813576459885e-02 3.776607336476445198e-03
-4.949515033513307571e-02 -9.980143513530492783e-04
-5.883232131600379944e-02 -1.897848385851830244e-03
-6.866297218948602676e-02 -5.950879480224102736e-03
-7.718368154019117355e-02 -4.775629669893532991e-03
-8.348167687654495239e-02 3.413264348637312651e-03
-8.836783794686198235e-02 6.460009317379444838e-03
-9.080858621746301651e-02 -1.773754891473799944e-03
-8.711121114902198315e-02 -1.415141159668564796e-03
-8.914261125028133392e-02 2.633022842928767204e-03
-9.146224567666649818e-02 1.269925851374864578e-04
-8.620440540835261345e-02 7.730225333943963051e-03
-8.716419694246724248e-02 3.641973948106169701e-03
-8.552121400134637952e-02 6.812687031924724579e-03
-8.521445153746753931e-02 1.320946495980024338e-03
-8.196347125340253115e-02 -5.853443872183561325e-05
-8.177103289926890284e-02 2.581831649877130985e-04
-8.352272993943188339e-02 5.257512035313993692e-03
-8.114709508663509041e-02 9.419880865607410669e-03
-8.036335960787255317e-02 6.147981679532676935e-03
-7.982209343754220754e-02 3.611895779613405466e-03
-7.811793226574081928e-02 9.305853454861789942e-03
-7.354441059578675777e-02 3.260743862483650446e-03
-7.450473676726687700e-02 2.077273384202271700e-03
-7.661635773547459394e-02 7.636741560418158770e-03
-7.876266301900614053e-02 6.749081774614751339e-03
-7.450172254175413400e-02 1.133653509896248579e-02
-8.055860405147541314e-02 6.556847481988370419e-03
-7.412089961871970445e-02 8.859482244588434696e-03
-8.144326736510265619e-02 9.037278126925230026e-03
-7.904326143034268171e-02 1.010666647925972939e-02
-7.823756041761953384e-02 7.677433313801884651e-03
-8.346713830542284995e-02 1.155357575044035912e-02
-8.063964669418055564e-02 7.852778770029544830e-03
-8.276011103589553386e-02 4.986783722415566444e-03
-8.510952217329759151e-02 3.395010135136544704e-03
-8.486472828371915966e-02 8.089217706583440304e-03
-8.176947817264590412e-02 9.011120360810309649e-03
-8.093806014221627265e-02 4.274357401300221682e-03
-8.235701064404565841e-02 1.970287470612674952e-03
-8.510407300491351634e-02 3.003258549142628908e-03
-8.165443998586852103e-02 8.754510723520070314e-03
-8.010688652575481683e-02 3.793641750235110521e-03
-8.114713833492714912e-02 6.089010566938668489e-03
-8.637948551040608436e-02 8.321874367538839579e-03
-8.470502293494064361e-02 6.115587020758539438e-03
-8.593710100103635341e-02 5.984987292322330177e-03
