-8.675708756230010588e-02 -2.686441195557803807e-04
-9.764635935425758362e-03 -4.921707790344953537e-03
-1.905491482466459274e-02 -8.126518223434686661e-03
-2.893488481640815735e-02 -1.990813761949539185e-03
-3.878498449921607971e-02 -1.981733590582734905e-03
-4.872691072523593903e-02 -6.900068130562431179e-03
-5.855072475969791412e-02 -1.339567583272582851e-03
-6.851878948509693146e-02 -4.901272934148437344e-03
-7.753375731408596039e-02 7.395472002826863900e-04
-8.398067671805620193e-02 1.699612310403608717e-03
-9.181020502001047134e-02 -9.603199341654544696e-04
-9.286341723054647446e-02 -1.019127665131236427e-03
-8.847295213490724564e-02 3.581810744435642846e-03
-8.787262847181409597e-02 -1.390396615533973090e-03
-8.954977081157267094e-02 6.147665439129923470e-03
-8.709135348908603191e-02 1.142141427408205345e-04
-8.588163438253104687e-02 4.759196659506415017e-03
-8.865494607016444206e-02 -2.377014589001191780e-04
-8.669525734148919582e-02 5.813240541101549752e-03
-8.288705465383827686e-02 2.881694121242617257e-03
-8.434857067186385393e-02 1.412604820870910771e-03
-8.744537888560444117e-02 3.797630961344111711e-05
-8.706063329009339213e-02 -1.348430638245190494e-03
-8.580961293773725629e-02 -1.288195378947420977e-03
-8.856348326662555337e-02 -3.976118057835265063e-03
-8.705267246114090085e-02 3.173494473230675794e-03
-8.688404734130017459e-02 -1.894051913041039370e-03
-8.263512185658328235e-02 -2.098492264849483036e-03
-8.803702468867413700e-02 2.375364385443390347e-03
-8.108986026491038501e-02 -1.601656351340352558e-03
-8.598720651934854686e-02 2.781331621008575894e-03
-9.163625209475867450e-02 -2.466430340064107440e-03
-8.395133723388426006e-02 -7.063481371005764231e-04
-8.874819843913428485e-02 -5.887293291380046867e-03
-8.366909946198575199e-02 -3.028938348506926559e-03
-8.715025984565727413e-02 1.417140209014178254e-03
-8.458219372550956905e-02 1.963983022505999543e-03
-8.515294632525183260e-02 1.814668032238841988e-03
-8.677954276208765805e-02 -4.181906149824499153e-03
-9.060074764420278370e-02 -4.531335382125689648e-03
-8.984893283923156559e-02 2.594256477095768787e-03
-9.084659119253046811e-02 -3.754477313123061322e-03
-9.029256724170409143e-02 -2.693867481866618618e-04
-8.787585524260066450e-02 3.134553489871905185e-03
-9.037667405209504068e-02 -3.420175815335824154e-03
-8.927124991896562278e-02 3.773813896259525791e-04
-8.922128692211117595e-02 -7.621580207342049107e-04
-8.598944205732550472e-02 -3.649279422461404465e-03
-9.110318390594329685e-02 -3.491427260087220930e-03
-8.806837406882550567e-02 -1.512350490884273313e-03
-8.878050591738428921e-02 -6.794560677008121274e-03
