-9.533829506454784275e-02 -1.982369316524614303e-02
-9.987660683691501617e-03 -6.882689427584409714e-03
-1.976295653730630875e-02 -1.355870207771658897e-02
-2.946475520730018616e-02 -2.018271340057253838e-02
-3.923303075134754181e-02 -2.581228082999587059e-02
-4.909447580575942993e-02 -2.510126656852662563e-02
-5.894383601844310760e-02 -2.931869705207645893e-02
-6.876581534743309021e-02 -2.324608550406992435e-02
-7.748057506978511810e-02 -1.900909165851771832e-02
-8.391503896564245224e-02 -2.141370810568332672e-02
-9.293872304260730743e-02 -2.098106779158115387e-02
-9.691663458943367004e-02 -2.086084045731695369e-02
-1.013877661898732185e-01 -2.148243762349011377e-02
-9.811113215982913971e-02 -2.255566686653764918e-02
-9.982667653821408749e-02 -2.693205781542928889e-02
-9.620644780807197094e-02 -2.100823110231431201e-02
-9.595039102714508772e-02 -1.402821520605357364e-02
-9.421410178765654564e-02 -1.546583453455241397e-02
-9.803056018427014351e-02 -1.898568135948153213e-02
-9.457762259989976883e-02 -1.700422389694722369e-02
-9.514814277645200491e-02 -1.720839423796860501e-02
-9.077764523681253195e-02 -1.999307551159290597e-02
-8.527703059371560812e-02 -1.393257674499182031e-02
-8.971650700550526381e-02 -1.315736234391806647e-02
-9.323224041145294905e-02 -1.546328351105330512e-02
-1.015697288094088435e-01 -2.017438341135857627e-02
-9.430767304729670286e-02 -2.443592878262279555e-02
-1.012612091144546866e-01 -2.698710164258955047e-02
-9.239058138336986303e-02 -2.659276447229785845e-02
-9.410199581179767847e-02 -2.142223336704773828e-02
-8.875347313005477190e-02 -2.774973393388791010e-02
-9.516295243520289660e-02 -2.061607263021869585e-02
-9.570629347581416368e-02 -2.580924930953187868e-02
-9.713480761274695396e-02 -2.280798850551946089e-02
-9.334022575058043003e-02 -2.345129666355205700e-02
-8.937371312640607357e-02 -2.633350789983524010e-02
-9.669814049266278744e-02 -2.621886671113315970e-02
-9.872160432860255241e-02 -2.482756077370140702e-02
-9.415153134614229202e-02 -2.874405904731247574e-02
-9.116537333466112614e-02 -2.394038242346141487e-02
-9.296728612389415503e-02 -1.990013512840960175e-02
-9.073967707809060812e-02 -2.874894010892603546e-02
-8.960423129610717297e-02 -3.172502260713372380e-02
-9.669385873712599277e-02 -2.529363626672420651e-02
-1.001482894644141197e-01 -1.993152139766607434e-02
-9.934986144071444869e-02 -1.803466679120901972e-02
-9.713349369121715426e-02 -2.473860654572490603e-02
-1.011308372835628688e-01 -2.373988904582802206e-02
-1.017189765698276460e-01 -2.314512409793678671e-02
-9.922520647523924708e-02 -2.605874022992793471e-02
-9.561667212983593345e-02 -1.950637182744685560e-02
