-8.812678344947214026e-02 -2.738281465335563880e-03
-9.928414598107337952e-03 -1.895951572805643082e-03
-1.988654956221580505e-02 -2.498201676644384861e-03
-2.985934261232614517e-02 -3.501322818920016289e-03
-3.965174872428178787e-02 -2.826238225679844618e-03
-4.947227798402309418e-02 -4.204795288387686014e-03
-5.946267675608396530e-02 -6.976595439482480288e-03
-6.932707782834768295e-02 -5.734187958296388388e-03
-7.907308824360370636e-02 -7.329165295232087374e-03
-8.795986138284206390e-02 -2.376548771280795336e-03
-9.135717642493546009e-02 -6.111499678809195757e-03
-8.966725005302578211e-02 -2.754635235760360956e-03
-8.706382184755057096e-02 3.389734192751348019e-04
-8.695281654217978939e-02 -3.890533524099737406e-03
-9.315787054219981655e-02 -1.070254488149657845e-02
-8.672923905396601185e-02 -2.017335093114525080e-03
-8.492390505125513300e-02 -4.500962852034717798e-03
-8.657088860491057858e-02 -7.438092143274843693e-04
-8.408729181246599182e-02 -6.718108488712459803e-03
-8.562661331234266981e-02 -1.068871060851961374e-03
-8.854394774971297011e-02 -8.777813578490167856e-03
-8.346672631887486205e-02 -1.234539377037435770e-03
-8.583076154900481924e-02 3.992882033344358206e-03
-9.258065741596510634e-02 -1.711114891804754734e-04
-9.510033294645836577e-02 -2.217930101323872805e-03
-9.281288316560676321e-02 1.521070429589599371e-03
-8.768824065191438422e-02 -4.671284055802971125e-03
-8.505819641140988097e-02 -7.870674657169729471e-03
-7.982347808865597472e-02 -7.533900090493261814e-03
-8.506978066725423560e-02 -2.067944617010653019e-03
-8.559772461740067229e-02 5.395389045588672161e-03
-8.990374902350595221e-02 3.978329477831721306e-04
-8.963398436753777787e-02 -7.392733474262058735e-03
-8.729593489988474175e-02 -4.874245380051434040e-03
-8.904449431429384276e-02 -3.267241059802472591e-03
-9.220817637833533809e-02 4.726581973955035210e-04
-8.965238532255170867e-02 -6.121190846897661686e-03
-8.403055625240085647e-02 -1.773848780430853367e-03
-9.005715906823752448e-02 -6.143839680589735508e-03
-9.232715958933113143e-02 -7.685631164349615574e-03
-8.740240358019946143e-02 -6.604352849535644054e-03
-9.129071141796885058e-02 -1.888565602712333202e-03
-8.913563400710700080e-02 -4.952442250214517117e-03
-8.463478716294048354e-02 2.863340661861002445e-03
-8.950301328877685592e-02 -3.696372150443494320e-03
-8.309793634543893859e-02 2.961317659355700016e-03
-9.020778047124622390e-02 -2.055385964922606945e-03
-9.094755636033369228e-02 3.638439462520182133e-03
-9.401522325788391754e-02 -4.709621309302747250e-03
-8.819717104051960632e-02 3.715885104611515999e-04
-8.811503107426688075e-02 -2.505471580661833286e-03
