-7.291588984566334600e-03 4.973380936312496448e-02
-5.735034588724374771e-03 9.950723499059677124e-03
-4.620059393346309662e-03 1.967743132263422012e-02
6.321086548268795013e-04 2.961498778313398361e-02
-2.495924127288162708e-04 3.954547643661499023e-02
4.906599118839949369e-03 4.669095017015933990e-02
1.201814680825918913e-03 5.491943098604679108e-02
7.507563743274658918e-03 6.040144897997379303e-02
4.910780058708041906e-03 6.367136561311781406e-02
7.425424817483872175e-03 5.692015332169830799e-02
3.946174110751599073e-03 5.637058895081281662e-02
-7.435132865794003010e-04 5.769692931789904833e-02
3.968882083427160978e-03 5.849372659577056766e-02
-7.889487897045910358e-04 6.206174049293622375e-02
1.187851128634065390e-03 5.383346363669261336e-02
2.316208730917423964e-03 6.045761139830574393e-02
5.644119519274681807e-03 6.102383165853098035e-02
-9.850848582573235035e-04 5.951214762171730399e-02
5.326338752638548613e-03 6.292359315557405353e-02
9.445909119676798582e-03 6.076310545904561877e-02
1.098674285458400846e-02 6.477018137229606509e-02
4.433192138094455004e-03 6.349751976085826755e-02
3.658979083411395550e-03 6.002159271156415343e-02
1.372240367345511913e-03 6.306070479331538081e-02
8.478804375045001507e-03 6.122659059474244714e-02
1.076670119073241949e-02 5.463197879726067185e-02
3.032784326933324337e-03 6.275314983213320374e-02
-3.890623454935848713e-03 6.285775240394286811e-02
1.806265558116137981e-03 6.470250533311627805e-02
5.284743383526802063e-04 6.542874258593656123e-02
6.595113780349493027e-03 5.873395261005498469e-02
2.269218675792217255e-03 5.897386725700926036e-02
4.701122641563415527e-03 5.895757790312927682e-02
5.856395349837839603e-03 6.134467105039220769e-02
5.333802720997482538e-03 5.515493218445044477e-02
1.519336190540343523e-03 6.283274198540311772e-02
-2.269880089443176985e-03 5.955311445177358110e-02
-4.592596262227743864e-03 6.112515831955533940e-02
-1.027363527100533247e-03 5.795121284791093785e-02
-3.852901922073215246e-03 5.815524669196747709e-02
-1.028018887154757977e-04 6.602965170350216795e-02
1.611706626135855913e-03 5.941242832523130346e-02
-1.057601475622504950e-03 5.340062096547626425e-02
-3.703149908687919378e-03 5.900243591349862982e-02
1.026007870677858591e-03 5.980755636301182676e-02
-2.558281586971133947e-03 6.212252556179009844e-02
-4.101183149032294750e-04 5.466286317277990747e-02
-1.223595347255468369e-03 5.703636529688083101e-02
-3.480349900200963020e-03 6.341464157048903871e-02
-5.784696433693170547e-03 6.235132928304665256e-02
-1.158621627837419510e-03 5.968930715062015224e-02
