-4.467095400805018435e-03 4.990017546871530763e-02
-3.723438829183578491e-03 9.962691925466060638e-03
-6.822593044489622116e-03 1.980737131088972092e-02
-4.271943354979157448e-03 2.914953138679265976e-02
-3.645043179858475924e-03 3.693138109520077705e-02
-7.348131039179861546e-04 4.334237286821007729e-02
7.445632887538522482e-03 4.567547747865319252e-02
9.412868588697165251e-03 4.959850618615746498e-02
1.413998164935037494e-02 4.351884219795465469e-02
7.135749969165772200e-03 5.100947944447398186e-02
7.329510364797897637e-03 5.155590263893827796e-02
9.015233445097692311e-03 5.795122677227482200e-02
8.832181629259139299e-03 6.067408848321065307e-02
9.920586307998746634e-03 5.590869853040203452e-02
1.365226850612089038e-02 4.947093914961442351e-02
7.175279490184038877e-03 4.899179947096854448e-02
1.405111624626442790e-02 5.082261213101446629e-02
1.150288427015766501e-02 4.725050949491560459e-02
6.287099269684404135e-03 4.881348274648189545e-02
1.113884564256295562e-02 5.008878605440258980e-02
1.039195951307192445e-02 4.981775302439928055e-02
1.200964505551382899e-02 4.874600307084619999e-02
1.308301504468545318e-02 5.160521995276212692e-02
9.264158725272864103e-03 4.851483716629445553e-02
1.460380729986354709e-02 5.057736160233616829e-02
8.797484159003943205e-03 5.162048223428428173e-02
9.898886142764240503e-03 4.641984286718070507e-02
9.720416128402575850e-03 3.936128201894462109e-02
1.344838141812942922e-02 4.709955002181231976e-02
1.012368811643682420e-02 4.383113537915050983e-02
1.245717410347424448e-02 4.892014781944453716e-02
9.662271797424182296e-03 4.724348348099738359e-02
1.522345640114508569e-02 4.993887932505458593e-02
1.345444782054983079e-02 5.279281770344823599e-02
1.734998807660304010e-02 5.034261744003742933e-02
9.772440273081883788e-03 5.122280516661703587e-02
1.541041987366043031e-02 5.573322554118931293e-02
9.586276340996846557e-03 4.902162100188434124e-02
1.477949539548717439e-02 4.893749798793578520e-02
1.286870051990263164e-02 5.165655687596881762e-02
8.360248029930517077e-03 5.079343452962348238e-02
6.379327707691118121e-03 5.425186156207928434e-02
6.535364314913749695e-03 4.897884911770233884e-02
5.167694063857197762e-03 5.020212234376231208e-02
6.393792573362588882e-03 4.810622582590440288e-02
2.181810326874256134e-03 5.579723479604581371e-02
5.434300983324646950e-03 5.325654164334991947e-02
9.685698663815855980e-03 4.860082051163772121e-02
8.193218032829463482e-03 4.302008605009177700e-02
1.083370496053248644e-02 4.983977057418087497e-02
1.058359254966489971e-02 4.427670935547212139e-02
