-7.597465038867611681e-03 4.971097494751108847e-02
-1.446568989194929600e-03 9.928119368851184845e-03
3.756176447495818138e-04 1.976402290165424347e-02
-5.846914020366966724e-03 2.959981746971607208e-02
-3.339176182635128498e-03 3.952674474567174911e-02
-7.640134193934500217e-03 4.793588910251855850e-02
-3.296532668173313141e-06 5.687935370951890945e-02
7.640438503585755825e-03 5.526909010950475931e-02
-4.363084444776177406e-04 5.850424070376902819e-02
3.872739616781473160e-04 5.658398533705621958e-02
5.777704762294888496e-03 6.193910038564354181e-02
1.198888779617846012e-02 5.823452759068459272e-02
3.704861039295792580e-03 5.811505366000346839e-02
-6.323412526398897171e-04 5.673141891020350158e-02
5.158581072464585304e-03 6.317830944317393005e-02
1.015023863874375820e-02 6.560416842694394290e-02
9.299421682953834534e-03 6.481708670617081225e-02
1.544855162501335144e-02 6.248349943780340254e-02
8.145868312567472458e-03 6.537064109579659998e-02
8.621657616458833218e-03 6.652516874601133168e-02
1.418262801598757505e-02 6.580939088598825037e-02
1.802257972303777933e-02 6.787762083695270121e-02
1.291904842946678400e-02 6.568176127620972693e-02
7.180835702456533909e-03 6.360570542165078223e-02
1.248746330384165049e-02 6.660105209448374808e-02
1.290255005005747080e-02 7.034232598380185664e-02
1.372224738588556647e-02 6.375059895799495280e-02
1.209773001028224826e-02 6.950793313444592059e-02
1.285392098361626267e-02 7.261960199684835970e-02
7.621156575623899698e-03 7.008075169869698584e-02
1.572725136065855622e-02 6.987278989981859922e-02
1.252235850552096963e-02 6.724075006786733866e-02
1.328738889424130321e-02 6.908199831377714872e-02
1.357082446338608861e-02 6.830764695769175887e-02
6.167045619804412127e-03 6.584687827853485942e-02
1.293471438111737370e-02 6.395273871021345258e-02
7.153676648158580065e-03 7.184680114733055234e-02
1.410277356626465917e-02 6.885991763556376100e-02
1.000716333510354161e-02 7.094293535919860005e-02
1.453181618126109242e-02 7.496271684067323804e-02
6.102118466515094042e-03 7.160603610100224614e-02
8.598707907367497683e-03 6.670054310234263539e-02
7.140170957427471876e-03 6.363528670044615865e-02
8.790602034423500299e-03 6.546953850192949176e-02
1.460157573455944657e-02 6.723121454706415534e-02
9.669614082667976618e-03 6.175316817825660110e-02
9.760509972693398595e-03 6.698467623209580779e-02
8.686144050443544984e-03 7.065365667222067714e-02
7.123876508558169007e-03 7.376689295051619411e-02
1.373524140217341483e-02 6.760180246783420444e-02
8.480595104629173875e-03 6.514877564040943980e-02
