1.513884709979277168e-02 4.884743450635983808e-02
7.736455183476209641e-03 9.973023086786270142e-03
1.638526050373911858e-02 1.973806135356426239e-02
2.425127336755394936e-02 2.917151991277933121e-02
2.240189921576529741e-02 3.885139431804418564e-02
2.935050113592296839e-02 4.827116709202528000e-02
2.202926448080688715e-02 5.356324417516589165e-02
2.544088417198508978e-02 5.888734804466366768e-02
3.417878632899373770e-02 6.628761999309062958e-02
3.341137059032917023e-02 6.664682022528722882e-02
3.082964802160859108e-02 6.151646870421245694e-02
3.326229588128626347e-02 5.442075646715238690e-02
2.949483646079897881e-02 6.291120621608570218e-02
3.506169095635414124e-02 5.878640647279098630e-02
3.196545271202921867e-02 5.877489979593519820e-02
2.764835860580205917e-02 5.651541833049122943e-02
3.064744616858661175e-02 6.239920469215576304e-02
3.172467369586229324e-02 5.522721993020240916e-02
2.717354940250515938e-02 6.034905869728390826e-02
3.218801179900765419e-02 5.276450548535649432e-02
2.717228187248110771e-02 5.991778044244711054e-02
2.374323504045605659e-02 6.241647630213265074e-02
2.222434664145112038e-02 5.456813062755827559e-02
2.842360874637961388e-02 6.020601476757292403e-02
2.770024380879476666e-02 5.969464509962563170e-02
3.147988399723544717e-02 6.152516090060089482e-02
3.571904037380591035e-02 5.761314135725115193e-02
3.157917741918936372e-02 5.203699179674003972e-02
2.851300552720203996e-02 5.310093703428719891e-02
2.783307450590655208e-02 5.562612459743832005e-02
2.903056872310116887e-02 6.043070460418675793e-02
2.719108475139364600e-02 5.810309852222417248e-02
3.138360840966925025e-02 5.794669117585726781e-02
3.677792655071243644e-02 5.575786496319778962e-02
2.914542512735351920e-02 5.336551566415437264e-02
3.092434472637251019e-02 5.906002188839920564e-02
3.037097759079188108e-02 5.555560614720889134e-02
2.781005564611405134e-02 5.880664720007189317e-02
2.938253816682845354e-02 5.140258989104040666e-02
3.328776417765766382e-02 5.160353501833014889e-02
2.711708436254411936e-02 5.741898744872742100e-02
3.195082314778119326e-02 5.900086014571570558e-02
3.671938518527895212e-02 6.225023715796851320e-02
3.379074565600603819e-02 6.793131324502610369e-02
3.185126057360321283e-02 6.233609764876746340e-02
2.927176409866660833e-02 6.349563802632474108e-02
3.462767542805522680e-02 6.280891446203895612e-02
3.420033576549030840e-02 6.191079470136173768e-02
3.005613238201476634e-02 6.021903793134697480e-02
2.902727996115572751e-02 6.716458837308891816e-02
3.360501912538893521e-02 6.029570533701189561e-02
