3.341339972150410981e-02 4.425255815653487967e-02
9.843193925917148590e-03 8.930794894695281982e-03
1.976941525936126709e-02 1.886141207069158554e-02
2.924574259668588638e-02 2.841108571738004684e-02
3.626479255035519600e-02 3.561319829896092415e-02
3.753692726604640484e-02 4.417333705350756645e-02
3.840856294846162200e-02 3.816373925656080246e-02
3.721443872200325131e-02 3.617507568560540676e-02
3.957871167222037911e-02 3.873268002644181252e-02
3.224734548712149262e-02 4.124691360630095005e-02
3.278601885540410876e-02 3.919125138781964779e-02
3.452277294127270579e-02 4.159058979712426662e-02
3.999958391068503261e-02 3.819592413492500782e-02
3.941657539689913392e-02 3.963640390429645777e-02
3.550081519642844796e-02 4.277400078717619181e-02
3.679990553064271808e-02 4.074848361779004335e-02
3.617492225021123886e-02 3.496479254681617022e-02
3.581250336719676852e-02 4.222089250106364489e-02
3.212092554895207286e-02 4.143019102048128843e-02
2.947558689629659057e-02 4.553877736907452345e-02
3.055479092290624976e-02 4.602835798868909478e-02
2.859331056242808700e-02 4.032623261446133256e-02
3.339619928738102317e-02 4.060265154112130404e-02
4.013107338687404990e-02 4.297659604344516993e-02
4.296996392076835036e-02 3.989587293472141027e-02
3.464422601973637938e-02 4.537263594102114439e-02
2.729312790324911475e-02 4.790804826188832521e-02
3.180491080274805427e-02 3.939623117912560701e-02
2.764508588006719947e-02 3.674601076636463404e-02
3.183184977388009429e-02 4.081051342654973269e-02
3.462669480359181762e-02 4.013425583252683282e-02
3.670689201680943370e-02 4.429002018878236413e-02
3.601365903159603477e-02 4.214163456344977021e-02
2.866786712547764182e-02 3.572139615425840020e-02
2.575582981808111072e-02 3.972301824251189828e-02
3.282498585758730769e-02 4.114473081426694989e-02
3.985026309965178370e-02 4.042213835055008531e-02
3.631420916644856334e-02 3.898616885999217629e-02
3.671205585123971105e-02 4.332530085230246186e-02
3.459536033915355802e-02 4.428874194854870439e-02
3.951475938083603978e-02 3.841505950549617410e-02
4.351981851505115628e-02 3.978840884519740939e-02
4.108225746313109994e-02 4.249622503994032741e-02
3.964696516050025821e-02 3.493202169192954898e-02
4.441581218270584941e-02 3.667991718975827098e-02
3.973152366233989596e-02 4.434814042178913951e-02
3.832364414120092988e-02 4.439286774504580535e-02
4.204310505883768201e-02 3.885390542927780189e-02
4.618951893644407392e-02 4.157225138987996615e-02
4.032373224617913365e-02 4.159049279405735433e-02
3.558992809848859906e-02 3.781563541269861162e-02
