3.325577238560844390e-02 4.430829021372725829e-02
9.508934803307056427e-03 9.518790058791637421e-03
1.684239460155367851e-02 1.903487090021371841e-02
1.361642801202833652e-02 2.756232954561710358e-02
1.593437744304537773e-02 3.448346443474292755e-02
1.537387561984360218e-02 3.873248165473341942e-02
7.950968807563185692e-03 3.802278346847742796e-02
1.037310366518795490e-02 4.106597008649259806e-02
8.054387057200074196e-03 3.737549006473273039e-02
3.343684831634163857e-03 3.742404400691157207e-02
1.028017303906381130e-02 4.448714877798920497e-02
1.464984077028930187e-02 3.957098841055994853e-02
6.743076024577021599e-03 4.328225485369330272e-02
1.358768227510154247e-02 3.750303133710986003e-02
1.230868347920477390e-02 4.131345359928673133e-02
1.297447568504139781e-02 3.529882992006605491e-02
9.524828230496495962e-03 3.816204147733515128e-02
1.680465781828388572e-02 3.210729502461617813e-02
1.337947224965319037e-02 3.490872031397884712e-02
1.304560757125727832e-02 3.173018458619480953e-02
1.947646445478312671e-02 2.982178460661089048e-02
2.468833603779785335e-02 2.986120115747326054e-02
1.656969820032827556e-02 3.584390654941671528e-02
1.760218894924037158e-02 3.591276779116014950e-02
1.099369346047751606e-02 3.852184656352619641e-02
1.268135369173251092e-02 3.622788963184575550e-02
2.135124508640728891e-02 3.298309635647456162e-02
1.726780724129639566e-02 3.693909248613636009e-02
1.109052248648367822e-02 3.848279318117420189e-02
1.262295906781218946e-02 3.157180179186980240e-02
1.028022062382660806e-02 3.624798640885273926e-02
1.344813834293745458e-02 3.535173819909687154e-02
1.064369696541689336e-02 3.165117567914421670e-02
1.794282774790190160e-02 3.898332184689934365e-02
1.288357944577001035e-02 3.614203059623832814e-02
9.092870721360668540e-03 3.589209522397140972e-02
7.001836173003539443e-03 3.713320339375059120e-02
8.678315760334953666e-03 3.611120434288750403e-02
1.336763109429739416e-02 3.413956441727350466e-02
9.625231934478506446e-03 3.805655163523624651e-02
1.135467502172105014e-02 3.342034636807511561e-02
1.018659802502952516e-02 3.694884587821434252e-02
1.337508516735397279e-02 3.113473967459867708e-02
9.949835104634985328e-03 3.002096367345075123e-02
1.278083267970941961e-02 3.711395458594779484e-02
1.029103700420819223e-02 3.684402005092124455e-02
6.968920904910191894e-03 3.672798530533327721e-02
1.279017361230216920e-02 3.845824132076813839e-02
1.286259086919017136e-02 4.068454628213657998e-02
1.008601117064245045e-02 3.707958891391172074e-02
9.170995879685506225e-03 3.901560610029264353e-02
