1.441800003085429854e-02 4.895514779489890111e-02
4.747533705085515976e-03 9.489171206951141357e-03
2.181917428970336914e-03 1.915259566158056259e-02
-4.188103601336479187e-03 2.864637598395347595e-02
-1.065802155062556267e-02 3.847691882401704788e-02
-6.308789830654859543e-03 4.776542074978351593e-02
-2.858000807464122772e-04 4.648982593789696693e-02
-5.334368906915187836e-03 4.249357245862483978e-02
-5.003077967558056116e-03 5.116897914558649063e-02
-2.397666044998914003e-03 5.008003034163266420e-02
-1.679824665188789368e-03 5.204923788551241159e-02
-3.813227405771613121e-03 5.072060087695717812e-02
6.770992185920476913e-04 5.272118421271443367e-02
-5.279172910377383232e-03 5.843870947137475014e-02
-9.531527524814009666e-03 5.160802695900201797e-02
-1.775647280737757683e-03 5.362388934008777142e-02
-6.672318791970610619e-03 5.402953352313488722e-02
-9.162492351606488228e-03 5.686548317316919565e-02
-1.302898232825100422e-02 5.140434077475219965e-02
-6.244693649932742119e-03 5.772229249123483896e-02
-5.937407870078459382e-03 5.140711751300841570e-02
-1.123789153643883765e-02 4.635278426576405764e-02
-3.026579652214422822e-03 5.297489941585808992e-02
-7.062645308906212449e-03 5.235605780035257339e-02
-4.225323587888851762e-03 5.238446537259733304e-02
1.934219006216153502e-03 5.576385781023418531e-02
-2.333436306798830628e-03 5.152381108928238973e-02
-1.917581859743222594e-03 4.740634364861762151e-02
-4.922901600366458297e-03 5.202323095727479085e-02
-6.339995597954839468e-04 5.202080862454749877e-02
-2.953734103357419372e-03 4.747813608355500037e-02
9.865701722446829081e-04 4.934838909048266942e-02
5.454755446407943964e-04 5.154117831352778012e-02
2.789893100271001458e-03 4.652488493684359128e-02
1.714427402475848794e-03 4.901376977886684472e-02
-8.790074789430946112e-04 5.128872633304126794e-02
1.173261465737596154e-03 5.178537964911811287e-02
-2.846788236638531089e-03 5.288098449909739429e-02
-4.506911704083904624e-03 4.688424640426092083e-02
-7.448768563335761428e-03 5.363414692783408100e-02
-1.601463503902778029e-03 5.081533244901947910e-02
1.423907378921285272e-03 5.059114865525771165e-02
7.341816672123968601e-05 5.115787200429622317e-02
2.393440721789374948e-03 5.615922370725456858e-02
-1.439547253539785743e-03 5.418327618190232897e-02
-3.181347565259784460e-04 4.844174701520387316e-02
-1.339106325758621097e-03 5.254885395788733149e-02
-1.110017066821455956e-03 5.207673453060124302e-02
-6.507064448669552803e-03 5.436873941016528988e-02
-4.208714235574007034e-04 5.222891357061598683e-02
1.538693206384778023e-03 5.725039162007306004e-02
