8.027403716637029896e-02 9.632868093126301101e-03
9.962526150047779083e-03 9.777731262147426605e-03
1.983940694481134415e-02 1.627954188734292984e-02
2.976761665195226669e-02 2.505844086408615112e-02
3.954375814646482468e-02 2.381009375676512718e-02
4.859810881316661835e-02 2.080460055731236935e-02
5.786321684718132019e-02 1.908770669251680374e-02
6.599326990544795990e-02 2.188771357759833336e-02
6.466125987935811281e-02 2.204656353569589555e-02
6.928380636963993311e-02 1.781520046642981470e-02
7.021334196906536818e-02 1.424694884917698801e-02
7.316496863495558500e-02 1.396243859198875725e-02
7.737211731728166342e-02 8.027883042814210057e-03
7.199002464767545462e-02 1.335445445147342980e-02
7.496098114643245935e-02 1.245110554737038910e-02
6.751807976979762316e-02 1.862406663713045418e-02
7.509709394071251154e-02 2.132121732574887574e-02
7.268805184867233038e-02 1.468696424853987992e-02
6.921360304113477468e-02 1.666738584754057229e-02
7.230508245993405581e-02 1.392839991603977978e-02
6.903459841851145029e-02 1.496720270370133221e-02
6.668293231632560492e-02 1.314390441984869540e-02
6.737043132307007909e-02 1.967473971308209002e-02
7.066783407935872674e-02 1.308221873478032649e-02
7.418837031582370400e-02 1.035027988837100565e-02
7.718225201824679971e-02 1.875225399271585047e-02
7.054786995286121964e-02 1.355248075560666621e-02
7.036765888915397227e-02 2.097763158963061869e-02
6.359324502409435809e-02 1.354476288543082774e-02
6.803350980044342577e-02 1.939640604541637003e-02
7.162982519366778433e-02 1.621455527492798865e-02
7.142833407851867378e-02 1.496747290366329253e-02
7.504588292795233428e-02 1.236221348517574370e-02
7.157374077360145748e-02 1.126316052977927029e-02
7.201591425109654665e-02 1.515430890140123665e-02
7.213668994518229738e-02 1.288444784586317837e-02
7.208550862924312241e-02 1.340953851467929780e-02
6.499095449180458672e-02 1.419946455280296504e-02
7.169764257923816331e-02 1.387631797115318477e-02
7.740421501875971444e-02 1.911216133157722652e-02
7.504407504529808648e-02 2.377808323944918811e-02
7.617057419338379987e-02 1.520811530645005405e-02
7.522306598912109621e-02 1.439239716273732483e-02
7.242929733547498472e-02 1.874015320208854973e-02
7.124760603255708702e-02 2.112585658323951066e-02
6.737845945826848038e-02 2.511824134853668511e-02
6.496293117015738972e-02 2.095598427695222199e-02
6.330734906441648491e-02 2.669771740329451859e-02
6.288802622657385655e-02 2.417660670471377671e-02
6.964892380710807629e-02 2.348563392297364771e-02
6.807377933364477940e-02 2.348389644760118244e-02
