9.287559611687423722e-02 -8.706917379623205222e-02
9.869928471744060516e-03 -9.826052933931350708e-03
1.972472202032804489e-02 -1.957204099744558334e-02
2.969175297766923904e-02 -2.874466218054294586e-02
3.967879712581634521e-02 -3.804805222898721695e-02
4.966364055871963501e-02 -4.549577459692955017e-02
5.940998066216707230e-02 -5.381863284856081009e-02
6.935424730181694031e-02 -6.121991807594895363e-02
7.915861997753381729e-02 -5.953007040079683065e-02
8.589940192177891731e-02 -5.365129082929342985e-02
9.411570662632584572e-02 -5.034669733140617609e-02
9.431157105427701026e-02 -5.519885628018528223e-02
9.594002350058872253e-02 -6.165221950504928827e-02
9.811720957804936916e-02 -5.844985286239534616e-02
1.012958263308973983e-01 -5.629959388170391321e-02
9.750075761985499412e-02 -5.961297068279236555e-02
1.040995450021000579e-01 -6.237941177096217871e-02
9.739312001329381019e-02 -6.128416093997657299e-02
9.520143464033026248e-02 -5.833339481614530087e-02
9.979390453372616321e-02 -6.012421334162354469e-02
9.536599375132936984e-02 -6.279714195989072323e-02
9.576406814449001104e-02 -5.875887000001966953e-02
9.368562973395455629e-02 -5.184488394297659397e-02
9.637861764349509031e-02 -5.304742429871112108e-02
9.464314854994881898e-02 -6.095368613023310900e-02
9.748174106061924249e-02 -6.092860211174411234e-02
9.726105426670983434e-02 -6.236151919256371912e-02
9.804106684168800712e-02 -5.370036267231625970e-02
8.968762954464182258e-02 -5.776510747637075838e-02
9.550703217973932624e-02 -5.926661518424225505e-02
9.295614174334332347e-02 -5.585295356831920799e-02
9.663543495116755366e-02 -5.943585535533202346e-02
9.675574096036143601e-02 -5.868289729369280394e-02
9.985033658449538052e-02 -5.687892104288039263e-02
9.899854331160895526e-02 -5.888892680195567664e-02
9.321858032490126789e-02 -6.051103973550198134e-02
9.688292487408034503e-02 -6.436806700912711676e-02
9.576555478270165622e-02 -6.529982049505633768e-02
9.982588139246217906e-02 -6.169354879784805235e-02
9.559086521039716899e-02 -6.062938656214100774e-02
1.004965109459590167e-01 -6.800440895858628210e-02
1.065126005269121379e-01 -6.232848168838245329e-02
1.004816791682969779e-01 -6.117218615509045776e-02
9.898271117708645761e-02 -5.908418655417335685e-02
1.022693231643643230e-01 -5.949768661776033696e-02
9.776381551637314260e-02 -6.531648901545850094e-02
9.869599397643469274e-02 -6.227947264233080205e-02
9.611375638633035123e-02 -6.599592701786605176e-02
9.779751484165899456e-02 -7.046974920922366437e-02
1.002801579597871751e-01 -6.522468622097221669e-02
9.985761824646033347e-02 -6.807366181419638451e-02
