9.381777678890221295e-02 -8.461538326218161210e-02
9.965279139578342438e-03 -9.485885500907897949e-03
1.992403343319892883e-02 -1.938257925212383270e-02
2.940728981047868729e-02 -2.859045658260583878e-02
3.933013044297695160e-02 -3.310556802898645401e-02
4.926244542002677917e-02 -3.940592706203460693e-02
5.849356204271316528e-02 -4.378101322799921036e-02
6.776772718876600266e-02 -4.313614818966016173e-02
7.752107363194227219e-02 -4.573723644716665149e-02
8.720318507403135300e-02 -4.140877461759373546e-02
9.615739062428474426e-02 -4.562394478125497699e-02
1.035570567473769188e-01 -4.561668851192735019e-02
1.045781068969517946e-01 -4.954116076942227664e-02
1.082396106794476509e-01 -4.700393423217974487e-02
1.102848153095692396e-01 -4.931526638347349945e-02
1.080656582489609718e-01 -4.175687448832832160e-02
1.038961377926170826e-01 -4.838121037710152450e-02
1.108391988091170788e-01 -5.060403079505704227e-02
1.078322411049157381e-01 -5.191619189236007514e-02
1.133671773131936789e-01 -4.763945990953288856e-02
1.076629392337054014e-01 -5.176288874599777046e-02
1.055286237969994545e-01 -5.260903628322921577e-02
1.074121556011959910e-01 -4.674326682243190589e-02
1.042844270123168826e-01 -5.041914067942343536e-02
1.027187178842723370e-01 -4.717982148531518760e-02
1.076586921699345112e-01 -5.015663111362300697e-02
1.043676419649273157e-01 -4.689581117372654262e-02
1.082814245019108057e-01 -4.063509574871204677e-02
1.038930157665163279e-01 -4.633441644500635448e-02
1.058525911066681147e-01 -4.858447199467263999e-02
1.029059311840683222e-01 -4.364038266021452728e-02
9.964828891679644585e-02 -3.979579855467818561e-02
1.052000583149492741e-01 -3.380992107804559055e-02
1.102523398585617542e-01 -4.253229156847737613e-02
1.062624766491353512e-01 -4.600566167164288345e-02
9.970195544883608818e-02 -4.420129438176445547e-02
1.040146113373339176e-01 -4.194336915634266916e-02
1.008079655002802610e-01 -3.877077852621368947e-02
9.898568945936858654e-02 -4.275308731257609907e-02
1.027711303904652596e-01 -4.690126511513881269e-02
1.021921898936852813e-01 -4.502836796700648847e-02
9.813489892985671759e-02 -4.842637498177282396e-02
1.015585492132231593e-01 -4.093621690071813646e-02
1.055569242453202605e-01 -4.591330020002715173e-02
1.021107673877850175e-01 -4.216320365912906709e-02
1.026605641818605363e-01 -4.687601067371360841e-02
1.012633168720640242e-01 -3.865016177542202058e-02
1.010094654629938304e-01 -4.572659330688111368e-02
1.017449700739234686e-01 -4.650388909749381128e-02
1.035702979424968362e-01 -4.888687371521882596e-02
1.043436384061351418e-01 -4.610718013964287820e-02
