8.439864252799789135e-02 -1.036364534568722795e-01
9.990489110350608826e-03 -9.774047881364822388e-03
1.993738114833831787e-02 -1.841783616691827774e-02
2.984677720814943314e-02 -2.811412885785102844e-02
3.950668685138225555e-02 -3.808893542736768723e-02
4.950097203254699707e-02 -4.620794951915740967e-02
5.947211850434541702e-02 -5.603615380823612213e-02
6.934609264135360718e-02 -6.512299925088882446e-02
7.911694329231977463e-02 -7.246340624988079071e-02
8.682193560525774956e-02 -7.741220807656645775e-02
9.655502112582325935e-02 -8.457432128489017487e-02
9.577311610337346792e-02 -8.005636790767312050e-02
1.024773236131295562e-01 -7.830121018923819065e-02
1.082351155346259475e-01 -7.571142888627946377e-02
1.026001459686085582e-01 -7.256840332411229610e-02
1.049360650358721614e-01 -8.099287073127925396e-02
9.792581794317811728e-02 -8.224149199668318033e-02
9.931802749633789062e-02 -8.386862720362842083e-02
9.873262583278119564e-02 -7.952936855144798756e-02
1.048190707806497812e-01 -8.043741009896621108e-02
9.716153633780777454e-02 -8.035169504728401080e-02
1.019684316124767065e-01 -7.411694210168207064e-02
9.800122748129069805e-02 -8.114439025666797534e-02
1.041965053882449865e-01 -7.530269641574705020e-02
9.799479949288070202e-02 -8.011321732919896021e-02
1.052167268935590982e-01 -7.737152404297376052e-02
1.059650608222000301e-01 -7.897229141235584393e-02
9.981875558150932193e-02 -8.593902199208969250e-02
1.021610989118926227e-01 -7.963807203486794606e-02
9.812483674613758922e-02 -8.058305239683249965e-02
9.951563127106055617e-02 -8.491873896127799526e-02
1.055812071426771581e-01 -8.945717119058826938e-02
1.090976497507654130e-01 -8.294944899535039440e-02
1.087652471615001559e-01 -7.912731558462837711e-02
1.071453503100201488e-01 -8.043636175716528669e-02
1.023746127029880881e-01 -8.284801038826117292e-02
1.043402688810601830e-01 -7.661573196673998609e-02
1.055230622878298163e-01 -7.832251096988329664e-02
1.072776298969984055e-01 -8.096200068393955007e-02
1.010887152515351772e-01 -7.735424259590217844e-02
1.000860000494867563e-01 -8.496591871517011896e-02
1.035648714751005173e-01 -8.537507360597373918e-02
1.036718880350235850e-01 -8.653369488456519321e-02
1.087117895076517016e-01 -8.173663810157449916e-02
1.107514353061560541e-01 -7.536113251262577251e-02
1.036797251144889742e-01 -7.728864358068676665e-02
1.035504068859154359e-01 -7.961625268944771960e-02
1.076285767048830166e-01 -8.443836204969557002e-02
1.000246436015004292e-01 -7.719906594866188243e-02
1.041146258503431454e-01 -7.990663068630965427e-02
1.005961620394373313e-01 -7.689201029279502109e-02
