7.108657358962461315e-02 -1.203327736925459551e-01
9.820142760872840881e-03 -9.540751576423645020e-03
1.940516103059053421e-02 -1.925213169306516647e-02
2.925747260451316833e-02 -2.577586425468325615e-02
3.913999907672405243e-02 -3.117622015997767448e-02
4.848231375217437744e-02 -3.878835961222648621e-02
5.170907313004136086e-02 -3.760487481486052275e-02
5.454116873443126678e-02 -3.679971385281533003e-02
5.999994790181517601e-02 -3.443052584771066904e-02
5.918845214182510972e-02 -3.039068880025297403e-02
6.535136845195665956e-02 -3.368572413455694914e-02
6.755489372881129384e-02 -3.469699737615883350e-02
6.684735621092841029e-02 -3.944839746691286564e-02
6.705518806120380759e-02 -4.404849908314645290e-02
6.727688037790358067e-02 -3.689690749160945415e-02
6.512779556214809418e-02 -3.555653977673500776e-02
5.878422968089580536e-02 -4.010177066083997488e-02
6.008222093805670738e-02 -4.410008469130843878e-02
6.256317370571196079e-02 -3.788118052762001753e-02
6.454577203840017319e-02 -4.179414676036685705e-02
6.732843979261815548e-02 -3.990963986143469810e-02
6.896560767199844122e-02 -3.221862763166427612e-02
6.482401944231241941e-02 -3.829052066430449486e-02
7.016953069251030684e-02 -3.623271803371608257e-02
6.556356174405664206e-02 -4.286496783606708050e-02
7.134105160366743803e-02 -3.798357979394495487e-02
6.268251396249979734e-02 -3.796510354732163250e-02
6.241090394905768335e-02 -3.672229070798493922e-02
6.703420387930236757e-02 -4.247060083434917033e-02
7.341624223045073450e-02 -4.500630209804512560e-02
7.724591213627718389e-02 -3.811391667113639414e-02
6.991843561991117895e-02 -3.836114302976056933e-02
6.708911395980976522e-02 -4.022264137165620923e-02
6.674059847136959434e-02 -3.618338966043666005e-02
6.495210278080776334e-02 -3.789784567197784781e-02
6.121220468776300550e-02 -3.722437279066070914e-02
6.369243009248748422e-02 -3.402954729972407222e-02
6.620895006926730275e-02 -3.857728856382891536e-02
7.413021364482119679e-02 -3.453689365414902568e-02
7.443313993280753493e-02 -3.905244794441387057e-02
6.491629726951941848e-02 -3.374655934749171138e-02
7.202493160730227828e-02 -3.154231415828689933e-02
6.884757842635735869e-02 -3.580808959668502212e-02
6.795332458568736911e-02 -3.537152014905586839e-02
7.501059089554473758e-02 -3.820378921227529645e-02
7.029321481240913272e-02 -3.890072065405547619e-02
6.821511260932311416e-02 -3.796725353458896279e-02
6.725778750842437148e-02 -3.115369664737954736e-02
6.874505215091630816e-02 -3.596882667625322938e-02
6.749106099596247077e-02 -4.251345066586509347e-02
7.190561940660700202e-02 -4.213425068883225322e-02
