9.331040345396401925e-02 -8.596065359887747337e-02
9.937946684658527374e-03 -9.525789879262447357e-03
1.991146150976419449e-02 -1.949611678719520569e-02
2.966681960970163345e-02 -2.866246271878480911e-02
3.966367430984973907e-02 -3.578181099146604538e-02
4.958588071167469025e-02 -4.004534380510449409e-02
5.953993741422891617e-02 -3.812739276327192783e-02
6.923110131174325943e-02 -4.456392046995460987e-02
7.793128024786710739e-02 -4.858222347684204578e-02
8.586866501718759537e-02 -4.362853500060737133e-02
8.931888453662395477e-02 -3.564355033449828625e-02
8.416597684845328331e-02 -3.985975752584636211e-02
8.446380455279722810e-02 -4.365250770933926105e-02
8.329288806999102235e-02 -3.607212961651384830e-02
8.428510866360738873e-02 -4.288902156986296177e-02
8.515714842360466719e-02 -3.730852273292839527e-02
8.658901171293109655e-02 -4.287624428980052471e-02
8.527829602826386690e-02 -4.355508094886317849e-02
8.771489805076271296e-02 -4.149432672420516610e-02
8.217182394582778215e-02 -3.911557217361405492e-02
8.338276261929422617e-02 -4.002720728749409318e-02
8.741245849523693323e-02 -4.283634183229878545e-02
8.651686890516430140e-02 -4.286229130957508460e-02
9.355197765398770571e-02 -3.606848125491524115e-02
8.859395619947463274e-02 -3.999391324032330886e-02
8.410493994597345591e-02 -4.199264231283450499e-02
9.037410619203001261e-02 -4.394870703254127875e-02
8.968655532225966454e-02 -3.876854605186963454e-02
8.661677199415862560e-02 -4.106388995569432154e-02
8.530860149767249823e-02 -4.408504194725537673e-02
8.501059317495673895e-02 -4.294951502379262820e-02
9.150398836936801672e-02 -3.659565057751024142e-02
9.046389395371079445e-02 -4.364132005866849795e-02
8.526309533044695854e-02 -4.684090973023558035e-02
8.991966536268591881e-02 -4.470995427254820243e-02
8.798195060808211565e-02 -4.102982054610038176e-02
9.039428282994776964e-02 -4.272030245192581788e-02
8.459447661880403757e-02 -4.257166993193095550e-02
9.015491756144911051e-02 -3.879430915549164638e-02
8.977539811166934669e-02 -3.773130443732952699e-02
8.796153703588061035e-02 -4.188381195854162797e-02
9.037537846597842872e-02 -3.890680558833992109e-02
8.717622092808596790e-02 -3.884759314314578660e-02
8.067591438884846866e-02 -3.948694713835720904e-02
8.217225674889050424e-02 -4.001327343939919956e-02
8.543925764388404787e-02 -3.900537088702549227e-02
8.837473634048365057e-02 -4.025304394963313825e-02
8.774862831342034042e-02 -4.199530436380882747e-02
8.754863863578066230e-02 -4.799770955651183613e-02
8.415116806281730533e-02 -4.520325079283793457e-02
8.962593803880736232e-02 -4.411809107477893122e-02
