9.832814365159815717e-02 -6.820923298853297234e-02
9.889744222164154053e-03 -9.084220975637435913e-03
1.976286433637142181e-02 -1.889312546700239182e-02
2.970224618911743164e-02 -2.850201539695262909e-02
3.968737181276082993e-02 -3.838003613054752350e-02
4.967530071735382080e-02 -4.457443999126553535e-02
5.967093724757432938e-02 -5.381194176152348518e-02
6.964442413300275803e-02 -5.837301444262266159e-02
7.961365953087806702e-02 -5.384823773056268692e-02
8.933123387396335602e-02 -5.674689495936036110e-02
9.540732530876994133e-02 -5.319844931364059448e-02
1.035945448093116283e-01 -5.765203665941953659e-02
1.051912542898207903e-01 -5.340113956481218338e-02
1.025174895767122507e-01 -5.032802303321659565e-02
1.039538613986223936e-01 -5.430823261849582195e-02
1.043938485672697425e-01 -4.628587304614484310e-02
9.876316541340202093e-02 -5.422895657829940319e-02
1.009105896810069680e-01 -4.981836094520986080e-02
1.033172047464177012e-01 -4.878607881255447865e-02
1.054530370747670531e-01 -4.945839592255651951e-02
1.062285054358653724e-01 -4.792542173527181149e-02
1.022417509811930358e-01 -5.096107837744057178e-02
9.896814468083903193e-02 -5.398393492214381695e-02
9.823324746685102582e-02 -5.098508694209158421e-02
1.024080387433059514e-01 -5.080799320421647280e-02
1.020964173367246985e-01 -4.992252092051785439e-02
1.064708664780482650e-01 -5.073059418646153063e-02
1.012292354134842753e-01 -5.033259968331549317e-02
1.063508408842608333e-01 -4.675448047055397183e-02
1.021952613955363631e-01 -5.160524476377759129e-02
1.042726774467155337e-01 -5.128109922225121409e-02
1.049010689603164792e-01 -5.194616488006431609e-02
1.036282797576859593e-01 -5.057141122233588248e-02
9.872538933996111155e-02 -5.025226292491424829e-02
1.037760056788101792e-01 -5.547661655873525888e-02
1.049653006484732032e-01 -5.022925273806322366e-02
1.003970660967752337e-01 -5.589315477118361741e-02
1.034182062139734626e-01 -5.779276073735672981e-02
1.028096398222260177e-01 -5.568153092463035136e-02
1.097911006654612720e-01 -5.496552058320958167e-02
1.024795721168629825e-01 -5.810226134781260043e-02
1.035361824906431139e-01 -5.715411239361856133e-02
1.062444040435366333e-01 -5.698387080337852240e-02
1.012286708573810756e-01 -5.489807308185845613e-02
1.031353435828350484e-01 -5.879339028615504503e-02
1.064236317179165781e-01 -6.066414038650691509e-02
1.098923026002012193e-01 -5.505106016062200069e-02
1.071109847980551422e-01 -5.403043073602020741e-02
1.066837214166298509e-01 -5.144724645651876926e-02
1.088084791554138064e-01 -5.671617039479315281e-02
1.046288226498290896e-01 -5.264520202763378620e-02
