9.286650804481329236e-02 -8.709193555966888989e-02
9.976646862924098969e-03 -9.107843041419982910e-03
1.994867343455553055e-02 -1.900379545986652374e-02
2.984513062983751297e-02 -2.873556222766637802e-02
3.968193847686052322e-02 -3.750080987811088562e-02
4.946897365152835846e-02 -4.722595028579235077e-02
5.805617384612560272e-02 -5.623979400843381882e-02
6.761874444782733917e-02 -6.244337838143110275e-02
7.494690176099538803e-02 -6.934569450095295906e-02
8.308055251836776733e-02 -6.921803804289083928e-02
8.984572021290659904e-02 -6.438512673776131123e-02
9.103673300705850124e-02 -6.850430362101178616e-02
9.489845344796776772e-02 -6.458643071528058499e-02
9.749195165932178497e-02 -6.909600172366481274e-02
9.437453467398881912e-02 -6.420671373780351132e-02
9.089329210110008717e-02 -6.965913150634150952e-02
9.455696772783994675e-02 -6.367605079140048474e-02
9.042541030794382095e-02 -6.434995755262207240e-02
9.100944758392870426e-02 -6.665992182388436049e-02
9.190020797541365027e-02 -6.837334313604515046e-02
9.307629341492429376e-02 -6.266704962763469666e-02
8.635468414286151528e-02 -7.049914186063688248e-02
8.676627566455863416e-02 -6.591669253248255700e-02
9.239451083703897893e-02 -6.858090560126584023e-02
8.738718516542576253e-02 -7.415023415524046868e-02
8.626197880948893726e-02 -7.424339859426254407e-02
9.020603491808287799e-02 -6.855562070995802060e-02
8.536442971671931446e-02 -6.987614846002543345e-02
8.886878818157128990e-02 -6.983585810667136684e-02
9.177641590940766037e-02 -7.211529595224419609e-02
8.874186591128818691e-02 -6.648745892016449943e-02
9.262577231856994331e-02 -6.981216176791349426e-02
9.002421909826807678e-02 -7.043962102761724964e-02
8.936617310973815620e-02 -6.597024310758570209e-02
9.116534641361795366e-02 -7.027327563992002979e-02
8.756418045959435403e-02 -6.555911820760229602e-02
8.834987456793896854e-02 -6.502141277451300994e-02
9.180830416153185070e-02 -6.508727411710424349e-02
9.409834907273761928e-02 -7.009694532462162897e-02
9.507849146029911935e-02 -6.179606256046099588e-02
8.884681187919341028e-02 -6.655391066306037828e-02
8.623691656976006925e-02 -5.911469825514359400e-02
9.003898230730555952e-02 -6.753513582953019068e-02
8.863115342683158815e-02 -6.561233178217662498e-02
8.916873842827044427e-02 -6.363293440517736599e-02
8.726929940166883171e-02 -6.222389259346527979e-02
9.025577220018021762e-02 -6.161578220053343102e-02
9.495010503451339900e-02 -6.485422758123604581e-02
9.542068728478625417e-02 -6.356325058004586026e-02
9.409481234615668654e-02 -6.380018083291361108e-02
9.519562189234420657e-02 -6.570510290475795045e-02
