9.863724208618691869e-02 -6.645279531359203629e-02
9.842583909630775452e-03 -9.980094619095325470e-03
1.964727323502302170e-02 -1.990339811891317368e-02
2.963513974100351334e-02 -2.974199224263429642e-02
3.954534139484167099e-02 -3.963825479149818420e-02
4.948384501039981842e-02 -4.943230841308832169e-02
5.915578920394182205e-02 -5.808590818196535110e-02
6.897344905883073807e-02 -6.696661561727523804e-02
7.838814985007047653e-02 -6.454978929832577705e-02
8.536668540909886360e-02 -7.330088922753930092e-02
8.573047997197136283e-02 -6.981013971380889416e-02
8.988103125011548400e-02 -6.502776942215859890e-02
8.765299356309697032e-02 -6.283116899430751801e-02
8.913782151648774743e-02 -6.828756583854556084e-02
8.676542254397645593e-02 -6.895945919677615166e-02
9.056491224328055978e-02 -7.538367668166756630e-02
8.962474140571430326e-02 -7.232989720068871975e-02
8.876767609035596251e-02 -7.522272877395153046e-02
9.088043187512084842e-02 -7.408284477423876524e-02
9.673222404671832919e-02 -6.809433631133288145e-02
9.225895273266360164e-02 -6.745750003028661013e-02
8.582679944811388850e-02 -6.947420642245560884e-02
8.978110383031889796e-02 -6.658815906848758459e-02
9.375672059832140803e-02 -6.812647380866110325e-02
8.713883784366771579e-02 -6.952951708808541298e-02
9.136155265150591731e-02 -6.467075040563941002e-02
9.246815572259947658e-02 -6.846289685927331448e-02
9.576030744938179851e-02 -7.325578550808131695e-02
9.014601371018216014e-02 -6.643867748789489269e-02
9.135470405453816056e-02 -6.647582965888432227e-02
9.124739662365755066e-02 -6.567542630000389181e-02
9.274094233842333779e-02 -7.320199304012930952e-02
9.247334967221831903e-02 -6.608225174932158552e-02
8.676309012662386522e-02 -7.110863274647272192e-02
9.108944297622656450e-02 -6.439448662786162458e-02
8.492707195546245202e-02 -6.754289616583264433e-02
8.840100224915659055e-02 -6.042111295028007589e-02
8.633143491897499189e-02 -6.301186329437769018e-02
9.135499540570890531e-02 -6.107796556534594856e-02
9.694353388476883993e-02 -6.711177542092627846e-02
9.313846463192021474e-02 -6.187109058009809814e-02
8.989666532579576597e-02 -6.839987510102218948e-02
8.913585854315897450e-02 -6.669307828633463942e-02
8.412774031603476033e-02 -6.657168031597393565e-02
8.517222941009094939e-02 -6.100550661722081713e-02
9.037302803335478529e-02 -6.396331726500648074e-02
8.989629818097455427e-02 -7.008043951282161288e-02
9.210395876289112493e-02 -7.338545257152873091e-02
9.050838770781410858e-02 -6.555075077267247252e-02
9.413932967436267063e-02 -6.924639008866506629e-02
9.076103503321064636e-02 -7.217192551979678683e-02
