9.153212031614750555e-02 -9.727541043160800593e-03
9.836807847023010254e-03 -6.833848077803850174e-03
1.980735361576080322e-02 -1.647297618910670280e-02
2.942570764571428299e-02 -2.607339853420853615e-02
3.932258673012256622e-02 -3.572726016864180565e-02
4.915312118828296661e-02 -4.382336372509598732e-02
5.913888476788997650e-02 -4.950028052553534508e-02
6.888682395219802856e-02 -5.428230995312333107e-02
7.865983992815017700e-02 -5.650073639117181301e-02
8.826086204499006271e-02 -5.212865700013935566e-02
8.776078681694343686e-02 -5.827717646025121212e-02
9.554970945464447141e-02 -5.351537582464516163e-02
9.150742489146068692e-02 -5.132925859652459621e-02
9.723827085690572858e-02 -5.892427475191652775e-02
9.876835305476561189e-02 -5.657146614976227283e-02
9.643561026314273477e-02 -5.404938384890556335e-02
9.715498704463243484e-02 -5.221950227860361338e-02
9.528320934623479843e-02 -5.182900960789993405e-02
9.809110546484589577e-02 -5.313675390789285302e-02
9.142857277765870094e-02 -5.411766510223969817e-02
9.327630477491766214e-02 -5.020272958790883422e-02
9.759375045541673899e-02 -5.716066056629642844e-02
9.436152770649641752e-02 -5.342692550038918853e-02
9.222123830113559961e-02 -5.867464694892987609e-02
9.638818085659295321e-02 -5.467367585515603423e-02
9.572572231991216540e-02 -5.669928429415449500e-02
9.190612559905275702e-02 -6.022007571300491691e-02
9.867025021230801940e-02 -5.354139435803517699e-02
9.848219934792723507e-02 -4.737748013576492667e-02
1.032659773336490616e-01 -5.259828682756051421e-02
9.862463954777922481e-02 -5.371234827907755971e-02
1.025422572711249813e-01 -5.540594627382233739e-02
9.658087078423704952e-02 -5.056290590437129140e-02
9.956934988440480083e-02 -5.097213230328634381e-02
9.652321772591676563e-02 -5.607277323724702001e-02
9.685092167637776583e-02 -4.717032593907788396e-02
1.022441166423959658e-01 -4.735220175643917173e-02
1.001439630490494892e-01 -5.013817989674862474e-02
9.536178181588184088e-02 -5.309744433907326311e-02
9.039748790382873267e-02 -5.336789503053296357e-02
9.413518667861353606e-02 -5.874346145719755441e-02
9.233870629395823926e-02 -5.629574898921418935e-02
9.646117074589710683e-02 -5.110962288745213300e-02
9.304345834243576974e-02 -5.640168180980253965e-02
9.507839304569642991e-02 -5.098839169659186155e-02
1.030868200323311612e-01 -5.330577022687066346e-02
9.800267468381207436e-02 -5.005637901194859296e-02
9.971810346178244799e-02 -5.178652897302526981e-02
9.680392271548043936e-02 -5.648652145464438945e-02
1.005140042834682390e-01 -5.229735940520185977e-02
9.520188746682833880e-02 -5.687059143383521587e-02
