5.242082124742979826e-02 3.515901302707197251e-02
9.408516809344291687e-03 9.802121669054031372e-03
8.469636959489434958e-03 1.893517468124628067e-02
1.656936708604916930e-02 2.806919813156127930e-02
1.582446281099691987e-02 3.797927498817443848e-02
2.019711170578375459e-02 4.713518917560577393e-02
2.379285130882635713e-02 5.383477034047245979e-02
2.729177736910060048e-02 6.112874438986182213e-02
2.814973850036039948e-02 5.502054747194051743e-02
2.726989350048825145e-02 4.814226226881146431e-02
2.310961036710068583e-02 4.930670093744993210e-02
3.040168312145397067e-02 5.811568070203065872e-02
2.910395112121477723e-02 5.594311398454010487e-02
2.480396727332845330e-02 6.000766414217650890e-02
2.934914693469181657e-02 5.375688127242028713e-02
2.584633399965241551e-02 4.924334050156176090e-02
2.949812455335631967e-02 5.153098702430725098e-02
2.627267997013404965e-02 5.346387263853102922e-02
2.894417551578953862e-02 4.823563864920288324e-02
2.632284426363185048e-02 4.584793385583907366e-02
2.435461484128609300e-02 4.617507275543175638e-02
2.938989369431510568e-02 4.724361709668301046e-02
2.597824303666129708e-02 4.641441753483377397e-02
2.574673503113444895e-02 5.122986607602797449e-02
2.880146469397004694e-02 5.016093849553726614e-02
3.590671972779091448e-02 4.836935756611637771e-02
3.640624122635927051e-02 5.254037465783767402e-02
2.960185740084853023e-02 5.044718363205902278e-02
2.947214816231280565e-02 5.215037436573766172e-02
3.305472468491643667e-02 4.984943251474760473e-02
3.122115950100123882e-02 5.429017878486774862e-02
2.761327964253723621e-02 5.425431109324563295e-02
3.086742851883172989e-02 5.317465339612681419e-02
2.538327360525727272e-02 5.039858266536612064e-02
3.005375992506742477e-02 4.863672897045034915e-02
3.286682488396763802e-02 5.443298730824608356e-02
3.334829927189275622e-02 5.222823408257681876e-02
3.304814876173622906e-02 5.206281927530653775e-02
3.128201494109816849e-02 5.606011630152352154e-02
3.567976949852891266e-02 5.381801075418479741e-02
3.109295133617706597e-02 5.215700218104757369e-02
2.865024333004839718e-02 5.123110362910665572e-02
2.950505379703827202e-02 5.213552303030155599e-02
3.125068187364377081e-02 5.679893083288334310e-02
2.939153197803534567e-02 5.017033228068612516e-02
3.555374607094563544e-02 5.380188216804526746e-02
3.044224312179721892e-02 5.414144266978837550e-02
2.923958472092635930e-02 5.394494523352477700e-02
2.592605169047601521e-02 5.253267813532147557e-02
2.683626706129871309e-02 5.480366027040872723e-02
2.953512602834962308e-02 5.767060200741980225e-02
