3.206137368849637515e-02 4.472100251373288538e-02
9.745879098773002625e-03 8.355557918548583984e-03
1.969461608678102493e-02 1.729630958288908005e-02
2.810455486178398132e-02 2.676529064774513245e-02
3.803621511906385422e-02 3.014181018806993961e-02
4.644209239631891251e-02 3.096055384958162904e-02
4.991484736092388630e-02 2.485453436383977532e-02
5.711441137827932835e-02 2.106549945892766118e-02
5.434968345798552036e-02 2.861717884661629796e-02
5.576596851460635662e-02 3.015768592013046145e-02
4.863385926000773907e-02 2.862109133275225759e-02
5.522685055620968342e-02 2.671799791278317571e-02
5.878416774794459343e-02 2.217183244647458196e-02
5.093308491632342339e-02 2.304364932933822274e-02
5.799974827095866203e-02 2.507033600704744458e-02
5.771023541456088424e-02 2.452073944732546806e-02
6.133935245452448726e-02 2.311552956234663725e-02
5.581819795770570636e-02 2.162605954799801111e-02
5.474943906301632524e-02 2.614941319916397333e-02
5.749270931119099259e-02 2.698277076706290245e-02
6.243092758813872933e-02 3.029669355601072311e-02
5.944820638978853822e-02 2.591196494176983833e-02
6.293376797111704946e-02 2.786272601224482059e-02
5.738018715055659413e-02 2.857601240975782275e-02
6.173664546804502606e-02 3.167184669291600585e-02
5.752956616925075650e-02 2.755895763402804732e-02
6.458552909316495061e-02 3.175374300917610526e-02
6.722983537474647164e-02 3.041628102073445916e-02
6.031923653790727258e-02 2.577256789663806558e-02
5.728087789611890912e-02 2.825006103375926614e-02
5.279438040452077985e-02 3.085513674886897206e-02
6.108422979013994336e-02 2.593926509143784642e-02
5.379415984498336911e-02 2.470130828442052007e-02
5.580733047099784017e-02 2.675736678065732121e-02
5.594166742230299860e-02 2.632544591324403882e-02
5.339660031313542277e-02 2.785138558829203248e-02
5.967474544013384730e-02 2.325973712140694261e-02
5.459564087504986674e-02 2.821354806656017900e-02
5.788104773091617972e-02 2.692982979351654649e-02
5.555716228263918310e-02 2.729743786039762199e-02
5.288451515662018210e-02 2.913613858981989324e-02
5.310205183923244476e-02 2.893866899830754846e-02
5.849056690931320190e-02 2.858298127830494195e-02
5.325379781424999237e-02 2.157095116854179651e-02
4.673548089340329170e-02 1.625630860507953912e-02
5.360807292163372040e-02 1.875753044441808015e-02
5.547267897054553032e-02 1.781088115239981562e-02
5.693658685777336359e-02 2.429115168342832476e-02
5.968287202995270491e-02 2.910173499549273401e-02
5.509201611857861280e-02 3.062471108569297940e-02
5.520233954302966595e-02 2.732763918174896389e-02
