3.123949188178521547e-02 4.499523223282247963e-02
7.146229501813650131e-03 8.985786698758602142e-03
1.585359172895550728e-02 1.868273038417100906e-02
2.498884638771414757e-02 2.766621392220258713e-02
2.252444718033075333e-02 3.410083102062344551e-02
2.302511665038764477e-02 3.085142606869339943e-02
2.721336786635220051e-02 3.640429023653268814e-02
3.240286535583436489e-02 3.492273634765297174e-02
3.212126859580166638e-02 3.011311509180814028e-02
3.491153128561563790e-02 3.850507840979844332e-02
2.963022029143758118e-02 3.943678602809086442e-02
3.056663545430637896e-02 3.583090129541233182e-02
3.193884520442225039e-02 4.059637367026880383e-02
3.375441455864347517e-02 3.956270572962239385e-02
3.626909028389491141e-02 4.169800394447520375e-02
3.598202180000953376e-02 3.663689579116180539e-02
3.307438149931840599e-02 4.246335692005231977e-02
3.632276176358573139e-02 4.283478923025541008e-02
3.660025596036575735e-02 4.520419889013282955e-02
3.622501491918228567e-02 4.432879740488715470e-02
3.169011147110722959e-02 4.335524319321848452e-02
3.531644595204852521e-02 4.340237854557926767e-02
2.922683311044238508e-02 4.537515282208914869e-02
3.118261400959454477e-02 4.262821921656723134e-02
3.730582058778963983e-02 5.017498960296506993e-02
3.684013846213929355e-02 4.578686492095584981e-02
3.370206613908521831e-02 4.972271188671584241e-02
3.975996046210639179e-02 4.795734687286312692e-02
3.205264496500603855e-02 4.897879527925397269e-02
3.528700277092866600e-02 5.178391256413306110e-02
3.727593456278555095e-02 5.437954210719908588e-02
3.367990299011580646e-02 4.795520960396970622e-02
3.081832520547322929e-02 4.643820527053321712e-02
3.239042274071834981e-02 4.370229014239157550e-02
2.523374566226266325e-02 4.744048112115706317e-02
3.123972433968447149e-02 5.120145550972665660e-02
3.536906707449816167e-02 4.927475504155154340e-02
2.685224972083233297e-02 5.342991496945614927e-02
2.632430338417179883e-02 4.939463255504961126e-02
2.594605291960760951e-02 4.367982256735558622e-02
2.453554415842518210e-02 4.838620392183656804e-02
2.965348720317706466e-02 4.444836252878303640e-02
2.599282161099836230e-02 4.454095715118455701e-02
3.002068650675937533e-02 4.259730696139740758e-02
3.258308902150020003e-02 4.446460721010225825e-02
2.913378312950953841e-02 4.840665212759631686e-02
3.178806853247806430e-02 4.215481220671790652e-02
3.083351330133154988e-02 4.532408756131189875e-02
3.155525040347129107e-02 4.663637916019069962e-02
3.045303479302674532e-02 4.848216923346626572e-02
2.797036140691488981e-02 4.178898252939688973e-02
