1.241748554028630769e-02 4.922603515638816762e-02
7.617289666086435318e-03 9.826166555285453796e-03
1.678127748891711235e-02 1.947062928229570389e-02
1.246063923463225365e-02 2.698026597499847412e-02
9.282723534852266312e-03 3.358525456860661507e-02
1.344383694231510162e-02 3.758047893643379211e-02
1.059182919561862946e-02 4.100286914035677910e-02
9.973551437724381685e-03 3.533341828733682632e-02
1.781158440280705690e-03 3.708538471255451441e-02
7.778112601954489946e-03 3.834430873394012451e-02
1.054520561592653394e-02 3.810548366163857281e-02
1.554402784677222371e-02 4.463701884378679097e-02
1.065318688051775098e-02 4.901699585025198758e-02
8.745627303142100573e-03 4.243682094966061413e-02
1.431817171396687627e-02 3.808118918095715344e-02
1.119926694082096219e-02 4.286700443481095135e-02
1.277640339685603976e-02 4.438145950553007424e-02
1.766701665474101901e-02 4.350201864144764841e-02
1.134942768840119243e-02 4.813698664656840265e-02
1.080524385906755924e-02 4.545255386619828641e-02
3.618459450080990791e-03 4.802208495675586164e-02
7.399317808449268341e-03 4.390242704539559782e-02
1.095909415744245052e-02 5.011593698873184621e-02
7.960497867316007614e-03 4.499451685114763677e-02
1.333689643070101738e-02 4.252851902856491506e-02
1.483057928271591663e-02 4.192514120950363576e-02
1.605848979670554399e-02 4.679640950052998960e-02
1.464858546387404203e-02 5.175738883554004133e-02
9.528454742394387722e-03 4.548427611007355154e-02
1.273514411877840757e-02 4.560037999181076884e-02
1.212499226676300168e-02 4.347408696776255965e-02
9.771360375452786684e-03 4.635959182633087039e-02
1.018780490267090499e-02 4.578456078888848424e-02
1.515433072927407920e-02 5.053993716137483716e-02
1.207594151492230594e-02 4.545733641134575009e-02
1.270072217448614538e-02 4.250041750492528081e-02
1.761423712014220655e-02 4.395486373687162995e-02
1.620147595531307161e-02 4.059171403059735894e-02
1.425583739182911813e-02 4.735583957517519593e-02
9.658974915510043502e-03 4.641338525107130408e-02
1.450183321139775217e-02 4.442095215199515224e-02
1.414240529993548989e-02 4.739020526176318526e-02
1.760660327272489667e-02 4.320559412008151412e-02
1.696705259382724762e-02 4.422316822456195951e-02
1.879735616967082024e-02 5.169522558571770787e-02
1.695090858265757561e-02 4.720013943733647466e-02
1.293464377522468567e-02 4.915564140537753701e-02
1.095437537878751755e-02 4.470542172202840447e-02
1.271344069391489029e-02 4.904865479329600930e-02
1.285939816443715245e-02 5.520918831462040544e-02
1.608622669300530106e-02 4.786631284514442086e-02
