1.224160738405725979e-02 4.924788687249011254e-02
7.992398459464311600e-04 9.767034091055393219e-03
9.228551993146538734e-03 1.956496480852365494e-02
1.648642099462449551e-02 2.665886282920837402e-02
1.425942988134920597e-02 3.571816813200712204e-02
1.930645317770540714e-02 4.355263337492942810e-02
1.860682637197896838e-02 4.879095638170838356e-02
1.117356651229783893e-02 4.795824078610166907e-02
1.775555004132911563e-02 4.737238498637452722e-02
1.258687925292178988e-02 4.303508490556851029e-02
1.651314570335671306e-02 4.645459732273593545e-02
1.124617661116644740e-02 4.496313055278733373e-02
1.780955604044720531e-02 4.750005673849955201e-02
1.797764947696123272e-02 5.205127183580771089e-02
1.359808877168688923e-02 5.171091441297903657e-02
8.570181802497245371e-03 5.123453383566811681e-02
1.072027267946396023e-02 4.644730809377506375e-02
7.037554532871581614e-03 4.814583534607663751e-02
4.270175370038487017e-03 4.412530414992943406e-02
5.268821390927769244e-03 4.367115552304312587e-02
4.740103744552470744e-03 4.388604813721030951e-02
6.847870667115785182e-03 4.087217815686017275e-02
6.178751311381347477e-03 4.537428973708301783e-02
1.258243359916377813e-02 4.514457164623308927e-02
1.250019647704903036e-02 3.963870201550889760e-02
1.144092962204013020e-02 4.366347911127377301e-02
6.032705437974072993e-03 4.552687886462081224e-02
5.494465367519296706e-03 4.754237640008796006e-02
5.278040334815159440e-04 4.424342741549480706e-02
8.038512212806381285e-03 4.667196744412649423e-02
1.051628278219141066e-03 4.836843007069546729e-02
9.444435374462045729e-03 4.188976420846302062e-02
5.789121627458371222e-03 4.603372218844015151e-02
3.613176537328399718e-03 4.283502286125440150e-02
5.232993527897633612e-03 4.769566848699469119e-02
-5.073710199212655425e-04 5.473046384577173740e-02
8.118353332974947989e-03 5.225556770164985210e-02
6.524585318402387202e-03 5.632324384350795299e-02
1.037854993774089962e-02 5.394881062966305763e-02
7.994122235686518252e-03 4.813251302402932197e-02
1.015092096349690109e-02 4.935468240000773221e-02
4.829356344998814166e-03 5.059762760356534272e-02
5.941017545410431921e-03 4.746909668028820306e-02
3.992137048044241965e-03 4.654275586653966457e-02
6.918040817254222929e-03 4.839955731586087495e-02
1.674487866694107652e-04 4.377076910168398172e-02
6.218338166945613921e-03 4.286355305521283299e-02
7.030596854747273028e-03 4.642402440367732197e-02
2.448296538204886019e-03 4.870985298475716263e-02
4.383368795970454812e-04 4.585561309067998081e-02
5.804210566566325724e-03 4.724375276418868452e-02
