-7.831744122961264293e-03 4.969284720576729042e-02
6.328806746751070023e-03 9.998366236686706543e-03
1.151083549484610558e-02 1.952945068478584290e-02
1.381388981826603413e-02 2.932126820087432861e-02
1.491104438900947571e-02 3.926840145140886307e-02
2.093725977465510368e-02 4.649399360641837120e-02
1.867776224389672279e-02 5.388451647013425827e-02
1.913188645266927779e-02 5.157946189865469933e-02
2.351340712630189955e-02 5.046595481690019369e-02
1.735021002241410315e-02 4.811455111484974623e-02
2.384171137236990035e-02 4.968129249755293131e-02
2.505579477292485535e-02 5.143436638172715902e-02
2.469995923456735909e-02 5.528138589579612017e-02
2.159424967248924077e-02 5.383247276768088341e-02
2.477787670795805752e-02 5.548967735376209021e-02
2.381218792288564146e-02 5.271115328650921583e-02
2.001685867435298860e-02 5.607114091981202364e-02
2.029775507980957627e-02 5.482114513870328665e-02
1.980756886769086123e-02 5.313881242182105780e-02
2.273797162342816591e-02 5.344795191194862127e-02
1.807800552342087030e-02 5.660789448302239180e-02
2.133553766179829836e-02 5.199094244744628668e-02
2.223608753411099315e-02 5.484923778567463160e-02
1.791635312838479877e-02 5.757929489482194185e-02
2.340407267911359668e-02 5.206810415256768465e-02
2.441820752574130893e-02 5.779642530251294374e-02
1.890586892841383815e-02 5.509154626633971930e-02
1.652016275329515338e-02 5.196424794849008322e-02
1.791801088256761432e-02 4.763511044438928366e-02
1.568563346518203616e-02 5.686742661055177450e-02
1.931376330321654677e-02 5.705244776618201286e-02
2.166732418118044734e-02 5.739768977218773216e-02
1.961081026820465922e-02 5.357490653113927692e-02
1.338195399148389697e-02 5.411399835429619998e-02
6.539042282383888960e-03 5.072915372147690505e-02
1.348758972017094493e-02 5.744757461070548743e-02
1.469127094605937600e-02 5.412822174548637122e-02
1.367591897724196315e-02 5.343855013779830188e-02
1.117695373250171542e-02 5.898523777432274073e-02
1.280489127384498715e-02 5.974606126255821437e-02
1.173806708538904786e-02 5.497217811353038996e-02
1.577666081720963120e-02 6.002314462966751307e-02
1.659720338648185134e-02 5.489542083523701876e-02
1.890854275552555919e-02 5.196026041812729090e-02
1.943256531376391649e-02 5.201370551731088199e-02
1.359553693328052759e-02 4.635976351346471347e-02
1.124330412130802870e-02 5.231965662460424937e-02
1.560847868677228689e-02 5.294737816802808084e-02
9.204401983879506588e-03 5.216001332519226708e-02
8.407864603213965893e-03 4.853809191627078690e-02
1.269682624842971563e-02 4.897119116867543198e-02
