1.293981466365505366e-02 4.915927186335254662e-02
5.518634337931871414e-03 8.916297927498817444e-03
5.246109998552128673e-03 1.783138327300548553e-02
1.229980235802941024e-02 2.771317306905984879e-02
1.532474879059009254e-02 3.733855020254850388e-02
1.497689192183315754e-02 4.538759961724281311e-02
1.134600839577615261e-02 4.983512172475457191e-02
6.151859415695071220e-03 5.134435894433408976e-02
1.414218056015670300e-02 4.746325861196964979e-02
1.494268880924209952e-02 5.605981673579663038e-02
1.513407216407358646e-02 6.316651159431785345e-02
1.494057760282885283e-02 5.959909025114029646e-02
1.600852473347913474e-02 6.245538045186549425e-02
1.388160097121726722e-02 5.446227279026061296e-02
1.305046193010639399e-02 5.523139797151088715e-02
1.130654271400999278e-02 5.563687166431918740e-02
1.899698171473573893e-02 5.629632429918274283e-02
1.947274360281880945e-02 5.147473973920568824e-02
1.358786107448395342e-02 5.636009381851181388e-02
1.554970488359685987e-02 5.898455547867342830e-02
2.313537102600093931e-02 5.497646628646180034e-02
1.580623675545211881e-02 5.790833401260897517e-02
1.148645438661333174e-02 5.488530820002779365e-02
2.025688670983072370e-02 6.134484562790021300e-02
1.756048596871551126e-02 5.612943874439224601e-02
1.651859444973524660e-02 5.350273888325318694e-02
1.818452401494141668e-02 5.760040454333648086e-02
2.138671184366103262e-02 5.208631412824615836e-02
2.063820922921877354e-02 6.040438258787617087e-02
1.672227254312019795e-02 5.241983191808685660e-02
1.523967918183188885e-02 5.628557683667168021e-02
1.723589601169805974e-02 5.411910236580297351e-02
1.921831180516164750e-02 4.788249748526141047e-02
2.337864662695210427e-02 5.322389834327623248e-02
1.670951505366247147e-02 5.546017031883820891e-02
2.320150721061509103e-02 6.048504909267649055e-02
1.570926296699326485e-02 5.582603899529203773e-02
1.745280127215664834e-02 5.485196440713480115e-02
1.891344883188139647e-02 5.894714576425030828e-02
2.091734860732685775e-02 5.558244331041350961e-02
1.429820251360069960e-02 5.538479430833831429e-02
2.257069763436447829e-02 5.966887815156951547e-02
2.429116777784656733e-02 6.190708844223991036e-02
2.760458625562023371e-02 5.908059800276532769e-02
2.313291402242612094e-02 6.478899071225896478e-02
2.175131654075812548e-02 5.850321479374542832e-02
1.891328561760019511e-02 6.136864126892760396e-02
2.341556669853162020e-02 5.932636378565803170e-02
2.449692010122817010e-02 5.546354904072359204e-02
2.432194590801373124e-02 5.779984017135575414e-02
2.317481039790436625e-02 6.258492480264976621e-02
