-2.533506555904610144e-02 4.673745114028401981e-02
1.986443967325612903e-04 9.751553647220134735e-03
4.764467288623563945e-03 1.941845659166574478e-02
2.846399947884492576e-03 2.926788665354251862e-02
4.983123784768395126e-03 3.807289525866508484e-02
-2.780412396532483399e-03 4.705061577260494232e-02
1.908882913994602859e-03 5.275598634034395218e-02
5.046867227065376937e-03 5.148646642919629812e-02
2.787050252663902938e-03 4.943284869659692049e-02
2.820394282025517896e-03 5.263682117220014334e-02
3.254347091569798067e-03 5.544727307278662920e-02
6.143033580883638933e-03 4.867638053838163614e-02
2.210168244346277788e-03 4.633491334971040487e-02
3.436213086388306692e-03 5.291986733209341764e-02
-2.629321934364270419e-04 5.712754128035157919e-02
-1.121705972764175385e-04 5.548566346988081932e-02
6.523185766127426177e-04 5.722176795825362206e-02
5.456822214910062030e-03 5.523144081234931946e-02
9.137854900473030284e-03 6.037445599213242531e-02
5.571328791120322421e-03 5.462253326550126076e-02
6.010899920511292294e-03 5.677829729393124580e-02
5.453510693769203499e-03 5.934306117706000805e-02
-9.916848321154247969e-04 5.869335983879864216e-02
8.952337266237009317e-04 5.648671602830290794e-02
4.321594624343561009e-03 5.509983643423765898e-02
7.759681466268375516e-06 5.500950082932831720e-02
3.818785207840846851e-03 5.956357927789213136e-02
1.692678681138204411e-03 5.877960357611300424e-02
-1.340296450507594272e-03 5.909830961172701791e-02
5.077510741102742031e-03 5.469373404775978997e-02
9.698199708509491757e-03 6.017882261221529916e-02
6.370181585225509480e-03 6.154760148638160899e-02
3.939054109650896862e-03 5.788509932608576491e-02
3.989688255387591198e-03 5.253401876689167693e-02
6.550392037752317265e-03 6.014708721340866759e-02
2.332373423996614292e-03 5.346551875845761970e-02
6.699595036479877308e-03 5.644517869950504974e-02
4.017345509055303410e-03 5.886491144337924197e-02
2.147685521777020767e-03 5.665394583047600463e-02
7.038974919851170853e-03 5.873971491382690147e-02
6.101690716604935005e-03 6.097380782739492133e-02
4.001422104920493439e-03 5.507704953924985602e-02
3.354922129801707342e-03 5.307929020636947826e-02
6.595880451641278341e-03 5.459035374951781705e-02
3.401953686989145353e-03 5.684577208739938214e-02
3.756916023121448234e-03 6.072963798214914277e-02
7.687807887123199180e-03 6.393942423892440274e-02
8.243341046181740239e-03 6.044865865987958387e-02
1.347792572414618917e-02 5.606617220473708585e-02
9.581524926034035161e-03 6.209840393421472982e-02
8.224038687330903485e-03 5.533235194889130071e-02
