-2.679501738090099561e-02 4.634327710617495988e-02
-8.447393774986267090e-03 9.856149554252624512e-03
-1.106909569352865219e-02 1.299878163263201714e-02
-1.589959021657705307e-02 2.292880462482571602e-02
-1.322113280184566975e-02 3.271419508382678032e-02
-1.343378607998602092e-02 4.135197354480624199e-02
-1.563955491292290390e-02 3.736884891986846924e-02
-9.538604615954682231e-03 4.268409404903650284e-02
-1.262100084568373859e-02 3.630608320236206055e-02
-1.567105387221090496e-02 3.671647547162137926e-02
-2.018642888288013637e-02 4.338224171078763902e-02
-1.380628344486467540e-02 4.582947966991923749e-02
-1.756670579197816551e-02 4.133981847553513944e-02
-1.526906245271675289e-02 4.637470850138925016e-02
-1.677558288793079555e-02 4.301969436346553266e-02
-1.338558780844323337e-02 4.084817631519399583e-02
-1.325025307596661150e-02 4.682830054662190378e-02
-1.595737683237530291e-02 4.659547944902442396e-02
-1.635102377622388303e-02 4.735962054110132158e-02
-1.819394805352203548e-02 4.328981586149893701e-02
-1.536941502126865089e-02 4.747271476662717760e-02
-1.704244231223128736e-02 4.640983344870619476e-02
-1.715664421499241143e-02 4.730380294495262206e-02
-1.915398678102064878e-02 5.335360640310682356e-02
-2.065998870239127427e-02 4.787660777219571173e-02
-2.122911527112592012e-02 4.851269660866819322e-02
-1.931982238602358848e-02 4.679214066709391773e-02
-2.120921209279913455e-02 4.536106888554058969e-02
-1.453126881096977741e-02 4.952188659808598459e-02
-1.965361608017701656e-02 5.110144297941587865e-02
-2.228799003933090717e-02 5.011901663965545595e-02
-2.042628669005353004e-02 4.885870983707718551e-02
-1.320988110092002898e-02 4.195713877561502159e-02
-9.706763623398728669e-03 4.658231951179914176e-02
-1.029720601218286902e-02 4.719331240630708635e-02
-1.590906434284988791e-02 4.968364219530485570e-02
-1.571393542690202594e-02 4.642165111727081239e-02
-1.378257333999499679e-02 4.570324646192602813e-02
-1.632021478144451976e-02 4.376042060903273523e-02
-2.018295571906492114e-02 5.088580757728777826e-02
-2.136214118218049407e-02 5.427736425190232694e-02
-1.673737395321950316e-02 4.991225255071185529e-02
-1.723131584003567696e-02 4.447293010889552534e-02
-1.672942447476089001e-02 4.983032410382293165e-02
-1.569187093991786242e-02 4.938526873593218625e-02
-1.640543446410447359e-02 4.395665836636908352e-02
-1.240319956559687853e-02 3.783763202955015004e-02
-6.175556336529552937e-03 4.099073683028109372e-02
-1.106811652425676584e-02 4.788718002964742482e-02
-1.333227509167045355e-02 4.378061325405724347e-02
-8.154624956659972668e-03 4.603953615878708661e-02
