-4.487062867157840668e-02 3.936792871392581772e-02
-9.902764111757278442e-03 9.921918623149394989e-03
-1.927602570503950119e-02 1.971223205327987671e-02
-2.814215607941150665e-02 2.935470174998044968e-02
-3.115307516418397427e-02 3.733159508556127548e-02
-3.439734457060694695e-02 4.136986704543232918e-02
-3.016152139753103256e-02 4.750459641218185425e-02
-2.896264079026877880e-02 4.818637698190286756e-02
-3.489680471830070019e-02 4.962214437546208501e-02
-3.140466404147446156e-02 5.366742546902969480e-02
-2.762437891215085983e-02 4.837947693886235356e-02
-3.189050033688545227e-02 4.576098901452496648e-02
-3.420581296086311340e-02 4.588055235217325389e-02
-3.104350529611110687e-02 5.379492879728786647e-02
-2.939456549938768148e-02 5.501822949736379087e-02
-3.149213630240410566e-02 4.999030483304522932e-02
-3.125986774102784693e-02 5.182479388895444572e-02
-3.323270860710181296e-02 5.472543949144892395e-02
-3.484979926724918187e-02 5.012323727714829147e-02
-3.109103025053627789e-02 4.751640438917092979e-02
-3.361972144921310246e-02 5.485006442177109420e-02
-3.546351604745723307e-02 5.617050637374632061e-02
-3.201792054460383952e-02 5.555306604946963489e-02
-3.703705585212446749e-02 5.088430034811608493e-02
-3.758169742650352418e-02 5.113246905966661870e-02
-3.735374423558823764e-02 5.619132713763974607e-02
-4.168967853183858097e-02 5.266313030733726919e-02
-4.159967313898960128e-02 5.627715526497922838e-02
-3.607512397138634697e-02 5.164839079952798784e-02
-3.595239681453676894e-02 5.032792684505693614e-02
-3.666052799235330895e-02 5.054391380690503865e-02
-3.586456878838362172e-02 4.942490284156519920e-02
-3.352248902228893712e-02 4.907102174183819443e-02
-3.471903433819534257e-02 5.011803809611592442e-02
-4.107924807613017038e-02 4.394850101380143315e-02
-3.289032984321238473e-02 4.250467453675810248e-02
-3.144430090469541028e-02 4.760976207035128027e-02
-3.090955783409299329e-02 4.707574560598004609e-02
-3.576171911117853597e-02 4.426416051865089685e-02
-3.617647026112535968e-02 5.162510271475184709e-02
-4.085443323856452480e-02 5.044432399154175073e-02
-3.773799484042683616e-02 4.837458366819191724e-02
-3.832198444433743134e-02 4.907728069520089775e-02
-3.638364861399168149e-02 4.299593613541219383e-02
-3.796678430080646649e-02 4.821538961550686508e-02
-4.244412735715741292e-02 4.611293355992529541e-02
-4.506200736068421975e-02 4.699913064541760832e-02
-4.208130550250643864e-02 4.910081649722997099e-02
-4.273992250818992034e-02 4.807131855341140181e-02
-4.101154753152513877e-02 4.849573581304866821e-02
-4.249017182883108035e-02 4.746050383255351335e-02
