-2.724121406134480047e-02 4.621806616464493866e-02
-9.739807806909084320e-03 9.874045848846435547e-03
-1.853923220187425613e-02 1.984496787190437317e-02
-2.662759274244308472e-02 2.969974931329488754e-02
-2.200245112180709839e-02 3.937712591141462326e-02
-2.278086927253752947e-02 4.836673662066459656e-02
-2.242120887967757881e-02 5.419685039669275284e-02
-2.334307218552567065e-02 5.857921019196510315e-02
-2.032048130058683455e-02 5.455419700592756271e-02
-1.772455839090980589e-02 5.469895522401202470e-02
-1.781308738281950355e-02 5.242748135060537606e-02
-2.188357798149809241e-02 5.516156433441210538e-02
-1.925315841799601912e-02 5.455929158779326826e-02
-2.373956184601411223e-02 5.576378108526114374e-02
-1.802689064061269164e-02 5.460405653866473585e-02
-1.710630528395995498e-02 5.827308121661189944e-02
-2.181820006808266044e-02 5.930928177258465439e-02
-2.061439602402970195e-02 5.515628670400474221e-02
-1.865189772797748446e-02 4.853624048701021820e-02
-2.062306430889293551e-02 5.293363043165300041e-02
-1.973933365661650896e-02 5.331421560549642891e-02
-2.142055239528417587e-02 5.569967102201189846e-02
-1.784600340761244297e-02 5.322659677767660469e-02
-1.914273225702345371e-02 5.326929754301090725e-02
-2.053516590967774391e-02 6.056433143749018200e-02
-1.545209158211946487e-02 5.570536172672291286e-02
-2.260284218937158585e-02 5.768631371392984875e-02
-1.656582858413457870e-02 5.824706227940623648e-02
-1.573878078488633037e-02 5.226389588278834708e-02
-1.234118844149634242e-02 5.076754572291974910e-02
-1.478670857613906264e-02 5.079295279756479431e-02
-1.633099693572148681e-02 5.047642652243666817e-02
-1.362240448361262679e-02 4.911263895519368816e-02
-7.461770845111459494e-03 4.765900681559287477e-02
-1.463415747275575995e-02 5.330101764593564440e-02
-1.572493620915338397e-02 4.761969010178290773e-02
-1.395364472409710288e-02 5.264322683979116846e-02
-1.588252425426617265e-02 5.390408440325700212e-02
-1.206001878017559648e-02 5.493039408065669704e-02
-1.091803080635145307e-02 5.093429147564165760e-02
-1.491727755637839437e-02 5.139910159232385922e-02
-8.982834231574088335e-03 5.269216708438761998e-02
-1.208259334089234471e-02 5.135980606610246468e-02
-1.430993952089920640e-02 5.107412219695106614e-02
-1.382361690048128366e-02 5.158560991003469098e-02
-1.114180486183613539e-02 5.069503665617958177e-02
-1.231137791182845831e-02 4.660177009827748407e-02
-1.345815637614578009e-02 5.407303816355124582e-02
-8.670624229125678539e-03 5.228254269059107173e-02
-9.396065201144665480e-03 5.133719934565306176e-02
-1.231309975264593959e-02 5.215345154465467203e-02
