-2.477031946033585175e-02 4.688359651578231924e-02
-9.570551104843616486e-03 9.631071239709854126e-03
-1.862748805433511734e-02 1.957832090556621552e-02
-2.355764387175440788e-02 2.695563994348049164e-02
-2.745280857197940350e-02 3.528506215661764145e-02
-2.867078362032771111e-02 3.840799257159233093e-02
-3.385158209130167961e-02 3.880017800838686526e-02
-2.765416540205478668e-02 3.643302494310773909e-02
-2.534385723993182182e-02 3.509974470944143832e-02
-2.346326154656708241e-02 4.377422286779619753e-02
-3.093305532820522785e-02 4.532343105529434979e-02
-3.571289614774286747e-02 4.393796101794578135e-02
-2.974192448891699314e-02 3.571484275744296610e-02
-3.203278477303683758e-02 3.929078151122666895e-02
-3.252681903541088104e-02 3.722453294903971255e-02
-3.799880901351571083e-02 4.519565022201277316e-02
-3.837437907350249588e-02 4.676754030515439808e-02
-3.160107441362924874e-02 4.329150708508677781e-02
-3.396345608052797616e-02 4.286531003890559077e-02
-4.000730419647879899e-02 4.096379555994644761e-02
-3.393918208894319832e-02 3.577286569634452462e-02
-3.754139461671002209e-02 3.728844370925799012e-02
-3.210768292774446309e-02 4.318398662144318223e-02
-3.613865844090469182e-02 4.130705544957891107e-02
-3.274910923209972680e-02 3.518347680801525712e-02
-2.885290377889759839e-02 4.152183939004316926e-02
-2.694626923766918480e-02 4.691439779708161950e-02
-3.554185692337341607e-02 4.657031211536377668e-02
-2.958600342390127480e-02 4.560080979717895389e-02
-3.114929018192924559e-02 4.251233086688444018e-02
-3.049123226082883775e-02 3.580163716105744243e-02
-3.050766168416885193e-02 3.611388205899856985e-02
-2.382312603549507912e-02 4.066224218695424497e-02
-2.091147010469285306e-02 3.371226842864416540e-02
-2.370572141626325902e-02 3.727781827910803258e-02
-2.449395768599060830e-02 3.773766453377902508e-02
-2.584212883630243596e-02 4.459836031310260296e-02
-2.918015029536036309e-02 4.027441306971013546e-02
-2.491693552838114556e-02 3.354912973009049892e-02
-2.283751783215848263e-02 3.586491197347640991e-02
-2.688416890123335179e-02 3.722601023036986589e-02
-2.469464000569132622e-02 3.401074267458170652e-02
-2.905934239061025437e-02 3.644647810142487288e-02
-3.202204481021908578e-02 4.423628037329763174e-02
-2.414568774656800088e-02 3.919075138401240110e-02
-3.086755965159682091e-02 3.881511517101898789e-02
-2.320105051876453217e-02 4.213902290211990476e-02
-3.069202676670101937e-02 3.686488914536312222e-02
-2.592571294189838227e-02 3.607477713376283646e-02
-2.145270612345484551e-02 4.044384742155671120e-02
-2.589733042077568825e-02 4.726106906309723854e-02
