-7.756801376943474498e-03 4.969870627244191152e-02
-8.109367452561855316e-03 9.968440048396587372e-03
-1.230798475444316864e-02 1.980115659534931183e-02
-1.614936091937124729e-02 2.945806458592414856e-02
-1.234981394372880459e-02 3.831504564732313156e-02
-1.414672879036515951e-02 4.778031446039676666e-02
-1.447941688820719719e-02 5.206063482910394669e-02
-1.003029756247997284e-02 5.073558364529162645e-02
-1.561659434810280800e-02 5.125659139594063163e-02
-1.149275666102766991e-02 5.361136113060638309e-02
-9.969798382371664047e-03 5.521124746883288026e-02
-1.140490476973354816e-02 6.169393664458766580e-02
-1.777683594264090061e-02 5.626651976490393281e-02
-9.217859478667378426e-03 5.468146182829514146e-02
-1.181747787632048130e-02 5.872269585961475968e-02
-5.439611850306391716e-03 6.250937172444537282e-02
-9.992073988541960716e-03 5.430108384462073445e-02
-1.108744402881711721e-02 5.802910757483914495e-02
-1.521287939976900816e-02 5.870692682219669223e-02
-1.600454648723825812e-02 5.281810293672606349e-02
-1.756872079567983747e-02 5.716076371027156711e-02
-1.190188789041712880e-02 5.702357587870210409e-02
-9.586956875864416361e-03 5.448445735964924097e-02
-1.562797563383355737e-02 6.010601820889860392e-02
-7.751846744213253260e-03 5.694839137140661478e-02
-6.150481000076979399e-03 6.258766551036387682e-02
-6.507505662739276886e-03 6.244770188641268760e-02
-8.806739235296845436e-03 5.547068019222933799e-02
-6.267491960898041725e-03 5.735840213310439140e-02
-8.813344640657305717e-03 6.046403183427173644e-02
-4.181918455287814140e-03 5.172783958551008254e-02
-1.108183129690587521e-02 5.136159110406879336e-02
-4.523084266111254692e-03 5.735758460650686175e-02
-1.199032180011272430e-03 5.195786153490189463e-02
4.026137292385101318e-03 5.598942657525185496e-02
-2.981154248118400574e-03 5.312075886467937380e-02
-4.199744900688529015e-03 4.729761696944478899e-02
-8.098673075437545776e-03 5.290244428033474833e-02
-8.818757371045649052e-03 5.944809132779482752e-02
-1.081881683785468340e-02 5.350122741947416216e-02
-5.427557625807821751e-03 5.557446043530944735e-02
-8.055097307078540325e-03 6.003667601908091456e-02
-5.797559511847794056e-03 6.068749674886930734e-02
-1.453863561619073153e-02 5.734008034050930291e-02
-1.071648544166237116e-02 5.981565192632842809e-02
-5.068826139904558659e-03 6.205493649758864194e-02
-1.301965734455734491e-02 5.917211687483359128e-02
-1.217353006359189749e-02 5.921247160222264938e-02
-1.064197800587862730e-02 5.927830373912001960e-02
-1.619990856852382421e-02 6.319232469468261115e-02
-1.580838355585001409e-02 5.885691519870306365e-02
