1.351292300569345052e-02 4.908279826408921964e-02
-1.679828157648444176e-03 9.694099426269531250e-03
3.902966855093836784e-03 1.946548651903867722e-02
7.719371002167463303e-03 2.920151874423027039e-02
9.440138004720211029e-03 3.866548463702201843e-02
1.573540177196264267e-02 4.830885864794254303e-02
1.234055683016777039e-02 5.349490838125348091e-02
1.678813016042113304e-02 5.735144438222050667e-02
1.035923883318901062e-02 4.942066175863146782e-02
1.432395726442337036e-02 5.794711550697684288e-02
1.223532948642969131e-02 5.440564476884901524e-02
1.778049487620592117e-02 5.497983534587547183e-02
2.343741059303283691e-02 5.585788562893867493e-02
1.517575420439243317e-02 5.943405581638216972e-02
2.159391529858112335e-02 5.541843269020318985e-02
2.082165307365357876e-02 5.455791926942765713e-02
2.462921314872801304e-02 5.224379990249872208e-02
2.646470360923558474e-02 5.458995187655091286e-02
2.266037871595472097e-02 5.936180660501122475e-02
2.517623116727918386e-02 5.551138170994818211e-02
2.304966852534562349e-02 5.544394561002263799e-02
1.879163610283285379e-02 5.157098363997647539e-02
1.933650835417211056e-02 5.192205380444647744e-02
2.124763827305287123e-02 5.538196978886844590e-02
1.953875168692320585e-02 5.061178771575214341e-02
2.477518178056925535e-02 4.990934400848345831e-02
2.318615233525633812e-02 5.175499461620347574e-02
2.268625830765813589e-02 4.880069645150797442e-02
2.154378930572420359e-02 5.400971446215407923e-02
1.750318577978760004e-02 5.070222897484200075e-02
1.984802295919507742e-02 4.889491241920040920e-02
1.452094258274883032e-02 5.564693822088884190e-02
1.938403060194104910e-02 5.533018185087712482e-02
2.159568353090435266e-02 5.331278045923681930e-02
1.617643341887742281e-02 5.055725540296407416e-02
1.497651450335979462e-02 4.370649357588263229e-02
1.216883887536823750e-02 5.365381961019011214e-02
1.014734921045601368e-02 4.897824780346127227e-02
1.124470529612153769e-02 4.665033834317000583e-02
1.230201299767941236e-02 5.222879665234358981e-02
1.260879333131015301e-02 4.838934576400788501e-02
1.323921972652897239e-02 5.645952316262992099e-02
7.894439564552158117e-03 5.222232163214357570e-02
1.401817420264706016e-02 5.144593242584960535e-02
8.081210718955844641e-03 4.928202747396426275e-02
6.559564324561506510e-03 4.680087866290705279e-02
9.683167154435068369e-03 5.265494046761887148e-02
5.619581381324678659e-03 4.966740665986435488e-02
8.839457586873322725e-03 4.959755001618759707e-02
1.197713665897026658e-02 4.269006924732821062e-02
1.143994979793205857e-02 4.227441806142451242e-02
