-2.428467428213512691e-02 4.700646676902836552e-02
-9.975454770028591156e-03 9.843345731496810913e-03
-1.888825185596942902e-02 1.976665575057268143e-02
-2.819906640797853470e-02 2.942307014018297195e-02
-3.215035190805792809e-02 3.889032080769538879e-02
-3.848470794036984444e-02 4.766142740845680237e-02
-3.878931328654289246e-02 5.621971283107995987e-02
-3.856023357366211712e-02 5.392753705382347107e-02
-3.905288860551081598e-02 4.970009019598364830e-02
-4.049110572668723762e-02 4.650832898914813995e-02
-3.660143070737831295e-02 5.210721725597977638e-02
-3.985856330837123096e-02 5.237250559730455279e-02
-3.694805197301320732e-02 5.566905013984069228e-02
-3.321562471683137119e-02 5.646823276765644550e-02
-3.575011060456745327e-02 5.278696422465145588e-02
-3.387421424849890172e-02 5.139139725361019373e-02
-3.651439593522809446e-02 5.282659246586263180e-02
-3.870898656896315515e-02 5.398914171382784843e-02
-4.154592551640234888e-02 5.909155681729316711e-02
-4.530411385348998010e-02 5.322150373831391335e-02
-3.949862983427010477e-02 5.158520967233926058e-02
-3.952278699944145046e-02 5.252657202072441578e-02
-4.034594140466651879e-02 5.086375866085290909e-02
-3.607905257013044320e-02 5.772311333566904068e-02
-4.318710902225575410e-02 5.559638980776071548e-02
-4.267434219582355581e-02 5.987831111997365952e-02
-4.636132626546896063e-02 6.168375012930482626e-02
-4.486859592361724935e-02 6.689485430251806974e-02
-4.488692971608543303e-02 6.146772706415504217e-02
-3.807661290011310484e-02 5.884164653252810240e-02
-3.517914054646098521e-02 6.450022046919912100e-02
-3.676802098016196396e-02 6.376623635878786445e-02
-3.669123112740635406e-02 5.752411991124972701e-02
-3.994654834787070286e-02 6.261556543176993728e-02
-3.884567919703840744e-02 6.526577257318422198e-02
-3.823213284886151087e-02 6.046633300138637424e-02
-3.760492271794646513e-02 5.832936166552826762e-02
-3.684280346897139680e-02 6.017173879081383348e-02
-3.335248422627046239e-02 6.315852381521835923e-02
-3.590316837471618783e-02 5.656241398537531495e-02
-3.694196231481328141e-02 6.381340097868815064e-02
-3.877004561763897073e-02 5.894714460009709001e-02
-3.843377291741489898e-02 5.855272160260938108e-02
-3.556796855809807312e-02 6.409833775251172483e-02
-3.382122592120140325e-02 6.142713906592689455e-02
-3.234067995617806446e-02 6.310995094827376306e-02
-3.664671600381552707e-02 6.570402611396275461e-02
-3.328503196644305717e-02 5.878694853163324296e-02
-3.568591171460866462e-02 6.283052530488930643e-02
-3.636381798241927754e-02 6.644581872387789190e-02
-3.918855124902620446e-02 6.121351112960837781e-02
