-5.898936176678155202e-03 4.982586113820144935e-02
-8.041896857321262360e-03 9.210924617946147919e-03
-9.985489887185394764e-03 1.834571547806262970e-02
-8.657407830469310284e-03 2.803070005029439926e-02
-8.912840537959709764e-03 3.614353574812412262e-02
-6.991369213210418820e-03 4.118485376238822937e-02
-8.771457738475874066e-03 4.856923967599868774e-02
-4.660296748625114560e-03 4.978141572792083025e-02
-2.733290573814883828e-03 5.017387773841619492e-02
-5.044839024776592851e-03 5.173126840963959694e-02
-8.578939887229353189e-04 4.696019459515810013e-02
-5.289963592076674104e-03 4.639158892678096890e-02
-1.096734000020660460e-02 5.290716822491958737e-02
-1.135569286998361349e-02 5.198002874385565519e-02
-3.532135277055203915e-03 4.807662370149046183e-02
-3.163546120049431920e-03 4.623707477003335953e-02
-6.403754028724506497e-03 4.709731996990740299e-02
-1.318525386159308255e-02 5.194012471474707127e-02
-4.516140121268108487e-03 4.754235525615513325e-02
-5.262839695205911994e-03 4.455340164713561535e-02
-6.727459345711395144e-03 5.216878536157310009e-02
-5.454649886814877391e-03 5.345081444829702377e-02
-7.703597395448014140e-03 5.683325161226093769e-02
-1.149090632679872215e-02 4.792614025063812733e-02
-4.965208674548193812e-03 4.601959756109863520e-02
-7.843175408197566867e-03 4.472410492599010468e-02
-2.811028127325698733e-03 4.521839547669515014e-02
-3.592835419112816453e-03 4.669462371384724975e-02
-2.145340229617431760e-03 4.667779553528816905e-02
-5.593622598098590970e-03 4.259885737519653048e-02
-7.278166624018922448e-03 4.825671605613024440e-02
-6.258751993300393224e-03 4.749226745298074093e-02
-4.453364323126152158e-03 5.035267037419544067e-02
4.230157355777919292e-05 4.872297333167807665e-02
-6.886383547680452466e-03 4.832481191806436982e-02
-1.041288630221970379e-02 4.684493953209312167e-02
-1.480103845824487507e-02 4.588956531915755477e-02
-1.646657221135683358e-02 4.905450629848928656e-02
-1.021966224652715027e-02 5.118691974166722503e-02
-8.947306923801079392e-03 4.326834303174109664e-02
-1.456451663398183882e-02 4.496996495254279580e-02
-1.262887011398561299e-02 4.538850399512739386e-02
-1.233928691362962127e-02 5.169406027380318847e-02
-9.430735313799232244e-03 4.877893842603953090e-02
-7.551780028734356165e-03 5.198179750550480094e-02
-7.936877867905423045e-03 5.007857893906475510e-02
-4.912171018077060580e-03 4.658056953303457703e-02
-5.801885941764339805e-03 4.984092916674853768e-02
-1.010686354129575193e-02 4.504176107548119035e-02
-4.833068320294842124e-03 5.368851655475737061e-02
-9.754306724062189460e-03 5.414847366591857281e-02
