3.426236017630280434e-02 4.394727603900658308e-02
9.768178686499595642e-03 9.933844208717346191e-03
1.765563338994979858e-02 1.974216755479574203e-02
2.603033650666475296e-02 2.956948522478342056e-02
3.061259351670742035e-02 3.915383201092481613e-02
3.107407054631039500e-02 4.519469803199172020e-02
2.696059894515201449e-02 5.346506601199507713e-02
3.369755455059930682e-02 6.128118513152003288e-02
3.081549232592806220e-02 6.701702577993273735e-02
3.341756988083943725e-02 7.007603859528899193e-02
3.415251302067190409e-02 6.668140157125890255e-02
3.572891873773187399e-02 5.917326151393353939e-02
3.066647693049162626e-02 6.009300047298893332e-02
3.631791879888623953e-02 6.501523166662082076e-02
3.250117588322609663e-02 6.820899638114497066e-02
3.772049245890229940e-02 7.007241871906444430e-02
3.087115369271486998e-02 6.127760437084361911e-02
3.083692095606238581e-02 6.354358227690681815e-02
3.049673102577799000e-02 6.368589789781253785e-02
3.492395402645342983e-02 6.354947776708286256e-02
4.262514095535152592e-02 6.152144951920490712e-02
3.426883239080780186e-02 5.943730233411770314e-02
3.691352726673358120e-02 6.394610407005529851e-02
2.893557129209511913e-02 6.687202460307162255e-02
3.334494875525706448e-02 6.577168770309071988e-02
3.132977369023137726e-02 6.732175887736957520e-02
2.912379740519099869e-02 6.970881523739080876e-02
2.439187080381088890e-02 6.467393545608501881e-02
3.019742374090128578e-02 6.315553402237128466e-02
3.854030729053192772e-02 5.589482355571817607e-02
3.409996381742530502e-02 6.332000419206451625e-02
3.818872649935656227e-02 6.434203548997174948e-02
3.522320776028209366e-02 6.646609822928439826e-02
3.481609374648542143e-02 6.198580893396865577e-02
3.346221894389600493e-02 5.914922761439811438e-02
3.092800826198072173e-02 6.540225776552688330e-02
3.667051252341479994e-02 6.351052147510927171e-02
3.749389225049526431e-02 6.482414579659234732e-02
4.131690785652608611e-02 6.417649010836612433e-02
3.694662964335293509e-02 6.602914426184725016e-02
3.198412480196566321e-02 6.778428172401618212e-02
3.649320081240148284e-02 6.879519431095104665e-02
4.223501868909806944e-02 6.936445679457392544e-02
3.871046612403006293e-02 6.800776928139384836e-02
4.128290247535915114e-02 6.653265211207326502e-02
4.365374637200147845e-02 6.273345880617853254e-02
4.349120629558456130e-02 6.897643486445304006e-02
4.311011448226054199e-02 6.321240820398088545e-02
3.656373960620840080e-02 6.094454576668795198e-02
3.822314595527132042e-02 6.338691267592366785e-02
4.509109347782214172e-02 6.421621712797787040e-02
