5.118107929741695650e-02 3.590981970619842867e-02
9.800042957067489624e-03 9.932617656886577606e-03
1.916085183620452881e-02 1.926427055150270462e-02
2.907678484916687012e-02 2.724061999469995499e-02
3.903368301689624786e-02 2.630477520870044827e-02
4.883860237896442413e-02 3.349841927411034703e-02
5.290513532236218452e-02 3.377928945701569319e-02
6.188893085345625877e-02 3.581789217423647642e-02
6.519169686362147331e-02 3.536915147560648620e-02
5.953262699767947197e-02 3.902120419661514461e-02
5.772032099775969982e-02 3.914676613931078464e-02
5.781545001082122326e-02 3.476391274307388812e-02
6.247167405672371387e-02 3.293636169109959155e-02
6.307769351406022906e-02 3.029273294669110328e-02
6.213558249874040484e-02 3.428292072203475982e-02
6.160467321751639247e-02 3.522650631202850491e-02
5.798108590533956885e-02 3.479720863106194884e-02
6.406702514505013824e-02 3.728263873199466616e-02
5.922962300246581435e-02 3.804723518260288984e-02
5.913818828412331641e-02 3.567348672368098050e-02
5.058592013665474951e-02 4.176808307238388807e-02
5.633608964853920043e-02 3.605221510224509984e-02
6.271685022511519492e-02 3.838661192276049405e-02
6.348657383932732046e-02 3.638206953473854810e-02
5.943460491835139692e-02 3.930495721579063684e-02
5.744614344439469278e-02 3.650648817711044103e-02
5.590444311383180320e-02 4.336937628977466375e-02
5.820249413955025375e-02 3.753793025680352002e-02
5.918644284247420728e-02 3.739060128282289952e-02
5.858392754453234375e-02 4.105971886019688100e-02
6.028495341888628900e-02 3.868321671325247735e-02
6.035226136737037450e-02 3.530079631309490651e-02
6.068568855698686093e-02 4.452405443589668721e-02
6.341457871894817799e-02 4.176404343161266297e-02
5.725100303243380040e-02 4.310719836212228984e-02
6.337038885976653546e-02 4.237722563266288489e-02
6.030556342739146203e-02 4.281862424977589399e-02
6.532692226755898446e-02 3.481482221104670316e-02
5.719240258622448891e-02 4.109113170125056058e-02
6.416509782138746232e-02 4.272302224126178771e-02
5.864162200305145234e-02 3.939434381027240306e-02
5.937195172009523958e-02 4.305906624358613044e-02
6.165719845739658922e-02 3.579538252961356193e-02
5.898440581222530454e-02 3.676486156473401934e-02
5.867763679998461157e-02 3.999364517221692950e-02
5.894322077801916748e-02 3.817183642240706831e-02
5.983492413361091167e-02 3.217418516578618437e-02
5.984756150974135380e-02 3.547147220524493605e-02
5.723457560634415131e-02 3.129489791172090918e-02
5.876559599528263789e-02 3.516024468990508467e-02
5.800306964192714076e-02 3.458384158147964627e-02
