5.039793286934825256e-02 3.637157149488869090e-02
9.726923890411853790e-03 8.151296526193618774e-03
1.942145731300115585e-02 1.527989981696009636e-02
2.902387268841266632e-02 1.889732945710420609e-02
3.890162799507379532e-02 1.500799297355115414e-02
4.819128382951021194e-02 1.074684993363916874e-02
5.377669911831617355e-02 1.740234275348484516e-02
6.249806750565767288e-02 2.012400049716234207e-02
6.675164075568318367e-02 2.138058561831712723e-02
6.248568650335073471e-02 2.678093314170837402e-02
6.189137697219848633e-02 2.984338160604238510e-02
6.096597079886123538e-02 2.414483064785599709e-02
5.825211777118965983e-02 2.448181028012186289e-02
6.381614430574700236e-02 2.057077747303992510e-02
6.551954365568235517e-02 2.217372751329094172e-02
6.567006326804403216e-02 1.989309058990329504e-02
6.219389896432403475e-02 1.511695270892232656e-02
6.684961171413306147e-02 1.402268838137388229e-02
7.011887153203133494e-02 1.830497430637478828e-02
6.423449424619320780e-02 2.562874369323253632e-02
5.804449880088213831e-02 2.855880535207688808e-02
6.171111065486911684e-02 2.206756384111940861e-02
5.696156249905470759e-02 2.900902298279106617e-02
6.278850279340986162e-02 2.258179266937077045e-02
5.453498430142644793e-02 2.118290623184293509e-02
5.884295517171267420e-02 2.763228851836174726e-02
5.700101553520653397e-02 1.985502557363361120e-02
5.593889894953463227e-02 2.541554754134267569e-02
5.774098810798022896e-02 3.268450673203915358e-02
5.568309537193272263e-02 2.861684269737452269e-02
4.879791139683220536e-02 2.150763466488569975e-02
5.625398027768824250e-02 2.815947716590017080e-02
6.454852446040604264e-02 3.058824350591748953e-02
6.383221731812227517e-02 2.334348380099982023e-02
6.615713700011838228e-02 2.520052844192832708e-02
6.401719078712631017e-02 2.939070051070302725e-02
6.450672728533390909e-02 2.553567115683108568e-02
6.156078867206815630e-02 2.395403455011546612e-02
6.363168872485402972e-02 3.044399083591997623e-02
6.688351790944579989e-02 2.562812832184135914e-02
6.003145269642118365e-02 2.988939895294606686e-02
6.038467578764539212e-02 2.821271552238613367e-02
6.030454509163973853e-02 3.112147923093289137e-02
6.310339550691423938e-02 2.584092167671769857e-02
5.762926255556521937e-02 2.602307822962757200e-02
5.761074220026785042e-02 2.077122450282331556e-02
5.466545388298982289e-02 2.768923014809843153e-02
4.782592846277111676e-02 2.871687615697737783e-02
5.735234791609400418e-02 2.046107406204100698e-02
6.470602300214522984e-02 2.385791040433105081e-02
6.572533390681201126e-02 1.814648670551832765e-02
