1.488132423854249611e-02 4.888653188835863361e-02
9.931978769600391388e-03 9.982666000723838806e-03
1.962294243276119232e-02 1.993126887828111649e-02
2.805433887988328934e-02 2.755027078092098236e-02
3.584249876439571381e-02 3.640731889754533768e-02
3.720683115534484386e-02 4.580169264227151871e-02
4.139944701455533504e-02 5.218366440385580063e-02
3.535059257410466671e-02 5.121224222239106894e-02
4.115100041963160038e-02 5.158805902465246618e-02
4.421289800666272640e-02 5.432763145654462278e-02
3.861944819800555706e-02 4.668459537788294256e-02
3.651791531592607498e-02 4.153332542045973241e-02
4.114158079028129578e-02 4.230538677074946463e-02
3.918619151227176189e-02 4.493212528177537024e-02
4.205759521573781967e-02 4.814373786211945117e-02
3.704470628872513771e-02 5.304342173621989787e-02
3.924306272529065609e-02 5.579345594742335379e-02
4.329123604111373425e-02 5.466153510496951640e-02
3.964591491967439651e-02 4.789351476938463748e-02
4.131921986117959023e-02 5.437426586286164820e-02
4.609011998400092125e-02 5.275155921117402613e-02
4.683855164330452681e-02 5.297379750118125230e-02
4.007485497277230024e-02 5.314879554498475045e-02
3.670923702884465456e-02 5.418293135880958289e-02
3.936770895961672068e-02 5.342014929919969290e-02
4.224824870470911264e-02 5.889393952384125441e-02
4.113453417085111141e-02 5.782357002317439765e-02
3.401006269268691540e-02 5.574474255263339728e-02
3.649863763712346554e-02 5.431140521250199527e-02
4.374231607653200626e-02 5.554396011575590819e-02
3.794268169440329075e-02 5.445261397107969970e-02
4.467238229699432850e-02 5.555542865477036685e-02
4.014546587131917477e-02 6.030546342663001269e-02
3.856601496227085590e-02 5.788864060014020652e-02
3.600615775212645531e-02 5.519985714636277407e-02
3.557704962440766394e-02 5.557972825772594661e-02
3.557855046938129817e-02 5.924067045270930976e-02
3.957561978722878848e-02 6.274391552142333239e-02
3.797960775091269170e-02 5.616718791134189814e-02
3.499500784209885751e-02 5.539643192605581135e-02
3.774491702324667131e-02 6.123899096564855427e-02
3.761119579257865553e-02 5.703016171173658222e-02
3.217649969565172796e-02 5.714856275881174952e-02
3.414377125272949343e-02 6.400009246135596186e-02
3.045297062317331438e-02 5.843878725136164576e-02
2.893002666360189323e-02 6.095863204973284155e-02
3.028406060593624716e-02 5.484261248784605414e-02
3.422962219747205381e-02 5.173549942264799029e-02
2.793436075853605871e-02 5.622585352102760226e-02
2.937752029220064287e-02 6.274303236568812281e-02
3.361497281412084703e-02 5.881551794300321490e-02
