6.766485502274363628e-02 2.363061452107463600e-02
9.986383840441703796e-03 9.969682432711124420e-03
1.997301448136568069e-02 1.947382278740406036e-02
2.976179216057062149e-02 2.841096650809049606e-02
3.965512104332447052e-02 3.486909857019782066e-02
4.946292005479335785e-02 2.877544285729527473e-02
5.725105339661240578e-02 3.351530060172080994e-02
6.399315409362316132e-02 3.551148623228073120e-02
6.355115288170054555e-02 4.029288468882441521e-02
6.989027588861063123e-02 3.564419085159897804e-02
6.551552499877288938e-02 3.571702295448631048e-02
6.277394859353080392e-02 3.445825155358761549e-02
6.338073103688657284e-02 3.425235148461069912e-02
5.672622914426028728e-02 3.374615723441820592e-02
6.211195583455264568e-02 3.926873013551812619e-02
6.453484296798706055e-02 3.442601340066175908e-02
5.942621547728776932e-02 3.487621799285989255e-02
6.220773048698902130e-02 3.477575913711916655e-02
6.095771444961428642e-02 3.500477448687888682e-02
6.467872275970876217e-02 4.015642069862224162e-02
6.201763171702623367e-02 4.012127660826081410e-02
6.310745736118406057e-02 4.117754483741009608e-02
5.800657474901527166e-02 3.769871927943313494e-02
5.458856432233005762e-02 3.813686825014883652e-02
6.071578117553144693e-02 3.058306218736106530e-02
6.015385541832074523e-02 3.714318478159839287e-02
6.021932634757831693e-02 3.618805911537492648e-02
5.329000978963449597e-02 3.306102971691871062e-02
5.703678872669115663e-02 3.094109157245839015e-02
5.741618658066727221e-02 3.787450175877893344e-02
5.335871121496893466e-02 3.076344086002791300e-02
5.817063470021821558e-02 2.943548988696420565e-02
5.607776078977622092e-02 3.709434541087830439e-02
4.991287240409292281e-02 3.704167815158143640e-02
5.017433295142836869e-02 3.008635208243504167e-02
5.437288645771332085e-02 3.619929921114817262e-02
6.114761697244830430e-02 3.264107304858043790e-02
5.765956154209561646e-02 3.264389115611265879e-02
5.875347126857377589e-02 3.500569656716834288e-02
5.680959034361876547e-02 3.277883607188414317e-02
5.609394001658074558e-02 3.148546417469333392e-02
5.600638734904350713e-02 3.310152840094815474e-02
5.404649908450664952e-02 3.476533594766806345e-02
5.362021443579578772e-02 3.605946477728139143e-02
5.131277498003328219e-02 3.281843497643421870e-02
5.704553527903044596e-02 2.920227612594317179e-02
6.222945368062937632e-02 3.384301739970396738e-02
6.005432536039734259e-02 3.252924639491538983e-02
5.491581265960121527e-02 2.590411375967960339e-02
5.608292399119818583e-02 2.608012627570133191e-02
5.690004645293811336e-02 3.394832681624393445e-02
