9.757607916662318359e-02 -2.811601557145302147e-02
9.935763664543628693e-03 -8.162897429428994656e-04
1.984606310725212097e-02 4.380384052637964487e-03
2.889803238213062286e-02 1.109318865928798914e-03
3.856466710567474365e-02 2.990305481944233179e-03
4.847310855984687805e-02 7.597702613566070795e-03
5.837755277752876282e-02 9.663444536272436380e-03
6.768147647380828857e-02 6.060389161575585604e-03
7.683242205530405045e-02 2.480012481100857258e-04
8.202116703614592552e-02 -2.976980700623244047e-03
8.820379571989178658e-02 4.534999665338546038e-03
8.906273200409486890e-02 2.035054669249802828e-03
9.153255174169316888e-02 3.065163560677319765e-03
8.610760053852573037e-02 -2.818690787535160780e-03
9.072483616182580590e-02 2.116900228429585695e-03
8.266577689209952950e-02 2.067039753455901518e-03
8.427040179958567023e-02 -5.114755731483455747e-04
8.582020836183801293e-02 5.863446076546097174e-03
8.781484683277085423e-02 5.908194860239746049e-03
8.063275768654420972e-02 1.420664997567655519e-03
8.898919011699035764e-02 4.985942901839734986e-03
8.264156506629660726e-02 1.706833882053615525e-03
8.804098033579066396e-02 5.148743442987324670e-03
9.450374153675511479e-02 1.043697090426576324e-02
8.809935656609013677e-02 2.815969917719485238e-03
8.768695383332669735e-02 5.322819739376427606e-03
9.290473232977092266e-02 2.364881111134309322e-04
8.574671368114650249e-02 1.286704024096252397e-03
8.792477706447243690e-02 8.005170082469703630e-03
9.109393460676074028e-02 -2.237614935438614339e-04
8.668663864955306053e-02 5.167517741938354447e-03
9.300133679062128067e-02 7.468905463611008599e-03
9.378803585423156619e-02 1.187196483442676254e-02
9.505925391567870975e-02 3.892014898156048730e-03
9.234751079929992557e-02 5.092169903946341947e-03
9.088785684434697032e-02 6.268075365369440988e-03
9.300587436882779002e-02 9.808988241275073960e-03
9.383834619075059891e-02 5.902179447730304673e-03
9.403537768230307847e-02 8.344281861354829744e-03
9.191193613514769822e-02 -2.561952678661327809e-04
9.273897322418633848e-02 -3.001955872605321929e-03
8.655143973010126501e-02 -9.425742155144689605e-03
9.023430921661201864e-02 -2.133113866875646636e-03
9.417744983511511236e-02 -1.347203982732025906e-03
8.769813949766103178e-02 -5.300259461364476010e-03
9.160082020389381796e-02 2.807000408211024478e-03
9.614452884125057608e-02 9.589860903361113742e-03
9.367984115669969469e-02 2.780812548735411838e-03
9.913195903936866671e-02 3.291675577202113345e-03
9.280358442629221827e-02 3.877194645610870793e-03
8.897240531223360449e-02 1.219000481796683744e-03
