5.004674087285357342e-02 3.657553769977665847e-02
9.529292583465576172e-03 9.834315627813339233e-03
1.513350708410143852e-02 1.921210996806621552e-02
1.552836518385447562e-02 2.886239998042583466e-02
1.701552249141968787e-02 3.861308284103870392e-02
1.497446993016637862e-02 4.677090141922235489e-02
1.883250442915596068e-02 5.548337846994400024e-02
2.337184050702489913e-02 5.613243486732244492e-02
1.501567909144796431e-02 5.671466735657304525e-02
1.669837781810201705e-02 5.666347650549141690e-02
1.881913971737958491e-02 5.943888087494997308e-02
2.482023547054268420e-02 6.312179809174267575e-02
1.726058908388949931e-02 6.225669034029124305e-02
2.540747579769231379e-02 5.907946963998256251e-02
2.539609607902093558e-02 6.042023677582619712e-02
2.890929023396893172e-02 5.968879959982587025e-02
2.391973326575680403e-02 5.525157978263450786e-02
2.063081159849389223e-02 5.238675238069845363e-02
2.213682423007412581e-02 5.002504289586795494e-02
1.599938611161633162e-02 5.304504679952515289e-02
1.323789290745480685e-02 5.712010181014193222e-02
1.418122581799252657e-02 5.460564587701810524e-02
9.698472708805638831e-03 5.815458256256533787e-02
1.604566376317961840e-02 5.384345264610601589e-02
1.215151350606902270e-02 4.991034144040895626e-02
1.930957359854801325e-02 5.446880921226693317e-02
1.736381035425438313e-02 5.744617926393402740e-02
1.222749464341177372e-02 5.654081096145091578e-02
1.929415799804701237e-02 5.646537353459279984e-02
2.311800690495147137e-02 5.275020834233146161e-02
1.882158722855820088e-02 5.124915302440058440e-02
1.314383130647911457e-02 4.970930346462409943e-02
1.600964171939267544e-02 5.763591841969173402e-02
1.776575311214401154e-02 5.463532886642497033e-02
1.227484890387131600e-02 5.310601198289077729e-02
1.601961082906200318e-02 5.146362869709264487e-02
1.094232234299852280e-02 5.207215515838470310e-02
1.140103730267583160e-02 5.006156895251479000e-02
1.634245420700608520e-02 5.216494538763072342e-02
1.446270310680120019e-02 4.571334515640046448e-02
1.468463026230892865e-02 4.711351786681916565e-02
1.278402778098097770e-02 4.756259116402361542e-02
1.417725771443656413e-02 4.701145978469867259e-02
1.064474210852495162e-02 5.159020757128018886e-02
1.650617207178584067e-02 4.905289977614302188e-02
1.551835628470144002e-02 5.003908842627424747e-02
1.707154238374641864e-02 4.756368005473632365e-02
1.499616243654600112e-02 4.890275684010703117e-02
1.209985772857180564e-02 4.789071048435289413e-02
1.341624772885552375e-02 4.820993506291415542e-02
1.191361405199131696e-02 4.671486826555337757e-02
