-5.062705384754730489e-03 4.987176284709896046e-02
-2.300038933753967285e-03 9.808899834752082825e-03
2.626982051879167557e-03 1.957987248897552490e-02
-1.180127495899796486e-03 2.954257372766733170e-02
-1.847498642746359110e-03 3.912719804793596268e-02
5.021998600568622351e-03 4.693926405161619186e-02
1.234001887496560812e-03 4.815064615104347467e-02
-4.569785261992365122e-03 4.406401247251778841e-02
-2.806622709613293409e-03 4.821823223028331995e-02
1.774528354872018099e-03 4.716487217228859663e-02
5.373837018851190805e-03 5.248954228591173887e-02
5.304152036842424423e-03 5.101445852778851986e-02
3.526438733388204128e-03 5.089931487600551918e-02
-3.496896701108198613e-03 5.177263258519815281e-02
5.266491862130351365e-04 5.340390798664884642e-02
-5.505081026058178395e-03 5.543766852497356012e-02
-1.337768735538702458e-03 4.972614284633891657e-02
1.266649000172037631e-03 4.866008513636188582e-02
6.520152099255938083e-03 4.980106937728123739e-02
2.931258713942952454e-04 4.907780636131064966e-02
4.591487355355639011e-03 4.655001388891832903e-02
3.680364818137604743e-03 4.522663407988147810e-02
2.538691514928359538e-03 4.449976620526285842e-02
-2.451780943374615163e-03 4.567901313566835597e-02
1.760896535415668041e-03 4.643527686857851222e-02
4.924288958136457950e-03 4.264725803659530357e-02
4.465272722882218659e-04 3.921373969205887988e-02
3.467765782261267304e-05 4.643808480614097789e-02
1.313242573814932257e-03 4.657476778811542317e-02
5.944891810941044241e-03 4.657413717097824701e-02
1.692182828264776617e-03 4.034084966144746431e-02
-1.183374770334921777e-04 4.081566384149937221e-02
1.900586161355022341e-03 4.299941225065140316e-02
1.438829589460510761e-03 4.556400686590222904e-02
-4.958473138685803860e-03 5.198248274712113925e-02
1.339036512945313007e-03 4.719976227818278858e-02
-2.148620777006726712e-03 4.379473495384900161e-02
1.724988462228793651e-03 4.418051885761542508e-02
5.269804045383352786e-03 4.336087274452893325e-02
3.520894686516840011e-03 4.804094097664801666e-02
5.826120854180771858e-03 4.521266612312047073e-02
-2.839146523911040276e-03 4.055090583017317840e-02
8.055487487581558526e-04 3.764450046321599075e-02
2.698363394301850349e-03 3.584443134343473503e-02
6.719570264976937324e-03 3.319636740809528419e-02
3.745562054973561317e-03 4.078893697908370086e-02
3.094959487498272210e-03 3.956018722703902313e-02
1.079830290109384805e-03 3.755988352088479587e-02
-4.113785042136441916e-03 3.885199417447893211e-02
1.901452378660906106e-03 3.886821975095244852e-02
-1.811227812140714377e-03 4.344112116007181612e-02
