-7.493448958544562076e-03 4.971884587531931465e-02
-9.624280035495758057e-03 9.491061791777610779e-03
-1.516848988831043243e-02 1.938255969434976578e-02
-1.541036673006601632e-02 2.901335526257753372e-02
-6.728702486725524068e-03 3.891406115144491196e-02
-1.562347289291210473e-02 4.830436967313289642e-02
-9.310041816206648946e-03 5.535267619416117668e-02
-9.658817201852798462e-03 5.826890724711120129e-02
-1.228061621077358723e-02 5.799025614396668971e-02
-7.462008623406291008e-03 5.458021434606052935e-02
-6.306650117039680481e-03 5.534642844577319920e-02
-1.003750623203814030e-02 6.011831670184619725e-02
-6.529950536787509918e-03 5.774453913909383118e-02
-4.861058667302131653e-03 5.310088422265835106e-02
-3.343419521115720272e-03 4.854288630303926766e-02
-6.130723399110138416e-03 5.228987013106234372e-02
-9.080992429517209530e-03 5.430653601069934666e-02
-8.268481004051864147e-03 5.469172028824687004e-02
-1.004166912753134966e-02 5.540090467547997832e-02
-1.032824229332618415e-02 4.893053689738735557e-02
-8.727553620701655746e-03 5.541516089579090476e-02
-3.863926831400021911e-03 5.378982453839853406e-02
-5.531354778213426471e-03 5.426929859095253050e-02
-9.238586033461615443e-03 5.110754040651954710e-02
-9.932946151820942760e-03 5.316362172015942633e-02
-1.121105448692105711e-02 5.381050970754586160e-02
-1.331334732822142541e-02 5.386575486772926524e-02
-9.580466983607038856e-03 5.033832521439762786e-02
-8.802037482382729650e-03 4.812215653510065749e-02
-1.658853542176075280e-02 5.357676803396316245e-02
-1.262237111222930253e-02 5.302854954061331227e-02
-1.717328166705556214e-02 5.252465129160555080e-02
-1.101680126157589257e-02 5.825675361120374873e-02
-1.040071694296784699e-02 5.621240859181853011e-02
-7.625659491168335080e-03 6.281465537176700309e-02
-9.974774933652952313e-03 5.747037533001275733e-02
-6.695377436699345708e-03 5.196484935731859878e-02
-7.674572087125852704e-03 5.440837506466777995e-02
-1.489628807757981122e-02 6.113387819641502574e-02
-1.796726955217309296e-02 5.507143203431041911e-02
-1.561118036624975502e-02 5.640822824352653697e-02
-1.089105175924487412e-02 5.627484496653778479e-02
-1.537882609409280121e-02 5.705130629212362692e-02
-1.250169196282513440e-02 6.008951475814683363e-02
-8.023602451430633664e-03 5.810560465761227533e-02
-6.346420763293281198e-03 5.836086870840517804e-02
-1.096842289553023875e-02 6.283249390980927274e-02
-1.561035486520268023e-02 6.149079160968540236e-02
-1.243771999725140631e-02 5.834969365241704509e-02
-1.505645355791784823e-02 5.784520890301791951e-02
-1.068503121496178210e-02 5.847267532226396725e-02
