-2.619842401979851146e-02 4.650721516487170415e-02
-4.502861294895410538e-03 9.903841651976108551e-03
-1.130384718999266624e-02 1.948534511029720306e-02
-1.385126146487891674e-02 2.931176219135522842e-02
-7.762692635878920555e-03 3.884418029338121414e-02
-1.134282234124839306e-02 4.722188040614128113e-02
-1.718141720630228519e-02 5.256580375134944916e-02
-1.319804252125322819e-02 5.032901791855692863e-02
-1.186604087706655264e-02 4.529672581702470779e-02
-1.019396376796066761e-02 4.803016246296465397e-02
-1.274211122654378414e-02 4.749767307657748461e-02
-1.263414456479949877e-02 4.860105155967175961e-02
-1.494893262133700773e-02 5.084196431562304497e-02
-7.032995279587339610e-03 4.630001960322260857e-02
-1.478420354396803305e-02 4.929950414225459099e-02
-1.004204869241220877e-02 5.080609256401658058e-02
-1.588581379473907873e-02 5.418956209905445576e-02
-8.951762392825912684e-03 5.018840427510440350e-02
-1.039150595170212910e-02 4.697941546328365803e-02
-1.031430482544237748e-02 4.836522822733968496e-02
-1.365829093992942944e-02 4.501127020921558142e-02
-1.405130429338896647e-02 4.809270857367664576e-02
-7.576000039989594370e-03 4.560861235950142145e-02
-1.522224778454983607e-02 4.712234495673328638e-02
-1.060271645110333338e-02 5.146528931800276041e-02
-1.493074894096935168e-02 5.110498878639191389e-02
-1.092623230215394869e-02 5.188690993236377835e-02
-1.418113461841130629e-02 4.747177689569070935e-02
-1.117817275371635333e-02 5.230022763134911656e-02
-8.570639976824168116e-03 4.999127850169315934e-02
-1.016633198742056265e-02 5.196815595263615251e-02
-1.507969279919052497e-02 5.231148228631354868e-02
-1.379816674307221547e-02 5.273551805294118822e-02
-1.099256540328497067e-02 5.045495866215787828e-02
-1.426422128133708611e-02 5.307738421834073961e-02
-9.455692001210991293e-03 4.753096573404036462e-02
-1.257468548283213750e-02 4.595198979950509965e-02
-1.775153514608973637e-02 5.056391595280729234e-02
-1.207948078081244603e-02 4.702510949573479593e-02
-1.004392022878164425e-02 4.624600886018015444e-02
-7.239195030706468970e-03 4.704823254724033177e-02
-5.053083856182638556e-03 5.135487674851901829e-02
-1.113893089495832101e-02 5.294539805618114769e-02
-1.350585741602117196e-02 5.480457298108376563e-02
-1.319771214184584096e-02 5.338901633513160050e-02
-1.597157214564504102e-02 5.602677821298129857e-02
-1.192715252545895055e-02 5.306591515545733273e-02
-1.181385244126431644e-02 5.303101305980817415e-02
-8.556482585845515132e-03 5.228634184823022224e-02
-1.308697063359431922e-02 4.740585160107002594e-02
-1.691240488435141742e-02 5.006021686494932510e-02
