-7.003223137598904753e-03 4.975447291066702193e-02
-9.574653580784797668e-03 9.963192977011203766e-03
-1.356453727930784225e-02 1.996122114360332489e-02
-1.483297836966812611e-02 2.812086511403322220e-02
-1.127199665643274784e-02 3.743526153266429901e-02
-1.458817836828529835e-02 4.666043445467948914e-02
-1.129525061696767807e-02 5.478577036410570145e-02
-8.088314672932028770e-03 6.387954112142324448e-02
-8.281674527097493410e-03 5.850751278921961784e-02
-6.462882913183420897e-03 6.171581498347222805e-02
-8.145912957843393087e-03 6.521485792472958565e-02
-4.987372260075062513e-03 6.033337349072098732e-02
-7.569804263766855001e-03 6.214576470665633678e-02
-1.551306282635778189e-03 6.405704596545547247e-02
-8.840524533297866583e-03 5.664513527881354094e-02
-1.148969534551724792e-02 5.647705376031808555e-02
-1.687606790801510215e-02 5.655981718882685527e-02
-8.661289641167968512e-03 5.813151053007459268e-02
-1.137302484130486846e-02 5.468694157752906904e-02
-1.337864965898916125e-02 5.668925344798481092e-02
-7.912326778750866652e-03 5.957693620439385995e-02
-1.102309784619137645e-02 5.423971186246490106e-02
-4.415244970005005598e-03 5.584800245560472831e-02
-1.408205076586455107e-03 5.625365973537554964e-02
-4.356703197117894888e-03 5.545976405119290575e-02
-8.319038839545100927e-03 5.391548942861845717e-02
-7.227581285405904055e-03 5.727759302681079134e-02
-7.809006085153669119e-03 5.862499059730907902e-02
-8.071460179053246975e-04 6.177324111195048317e-02
-7.209526782389730215e-03 5.778147241653641686e-02
-1.056524313753470778e-02 6.193238271953305230e-02
-4.175282025244086981e-03 5.931544800841948017e-02
-6.059101142454892397e-03 5.530508545780321583e-02
-5.050180538091808558e-03 6.025567309552570805e-02
-2.586754097137600183e-03 6.056518092373153195e-02
-9.111901337746530771e-03 6.425755036616465077e-02
-7.532941002864390612e-03 6.781299722933908924e-02
-4.975432122591882944e-03 7.365093597763916478e-02
-2.226364624220877886e-03 6.596231119328876957e-02
1.687614887487143278e-03 6.401904959784587845e-02
7.277673576027154922e-04 6.891982451634248719e-02
-5.147233838215470314e-03 6.609083789953729138e-02
-6.318759522400796413e-03 6.443620050413301215e-02
-1.435012440197169781e-03 6.711394755257060751e-02
-1.555081820697523654e-03 6.941983426077058539e-02
-6.790168481529690325e-03 6.836521831428399310e-02
-1.363462666631676257e-03 6.225479693239321932e-02
-8.353376659215427935e-03 6.674843161454191431e-02
-7.471999226254411042e-03 6.896351902832975611e-02
-1.074910310853738338e-02 7.260358423081925139e-02
-7.787560651195235550e-03 6.984816278418293223e-02
