1.500093880878768104e-02 4.886845722906273115e-02
5.077820736914873123e-03 9.831530973315238953e-03
8.416605880483984947e-03 1.953714340925216675e-02
1.475788443349301815e-02 2.941817138344049454e-02
1.056226692162454128e-02 3.840688336640596390e-02
1.333601679652929306e-02 4.574447264894843102e-02
7.902691606432199478e-03 5.331360315904021263e-02
1.039460790343582630e-02 5.540894251316785812e-02
1.526638749055564404e-02 5.202911235392093658e-02
1.158562372438609600e-02 4.725865926593542099e-02
1.909778523258864880e-02 5.013197264634072781e-02
1.750487380195409060e-02 4.826669301837682724e-02
1.642191526480019093e-02 5.119808763265609741e-02
1.366592058911919594e-02 4.856164427474141121e-02
1.792176626622676849e-02 5.119808157905936241e-02
1.781973741890396923e-02 4.427309660241007805e-02
1.594436970481183380e-02 5.065325740724802017e-02
9.215637212037108839e-03 5.435010557994246483e-02
1.785338587069418281e-02 5.259287543594837189e-02
2.420281442755367607e-02 4.830619459971785545e-02
1.744439416506793350e-02 4.912339692236855626e-02
2.165133516245987266e-02 4.948028805665671825e-02
1.405139091366436332e-02 4.561058059334754944e-02
1.249092885700520128e-02 4.393942910246551037e-02
2.004782830772455782e-02 3.864948102273046970e-02
2.071668060671072453e-02 4.634251282550394535e-02
2.547968870203476399e-02 4.236896499060094357e-02
1.766617356042843312e-02 4.742100904695689678e-02
1.965794379066210240e-02 4.892623017076402903e-02
2.144998118455987424e-02 4.901998947025276721e-02
1.669741321529727429e-02 5.393672399804927409e-02
2.476385135378222913e-02 5.539814164512790740e-02
2.353571557614486665e-02 4.946620450937189162e-02
2.164171547337900847e-02 4.664464588859118521e-02
2.421262236020993441e-02 4.889153005206026137e-02
2.233175844594370574e-02 5.284996019327081740e-02
1.914783222309779376e-02 4.888860337086953223e-02
1.644876836508046836e-02 5.364160393946804106e-02
1.916756508580874652e-02 5.281013288185931742e-02
1.408209073997568339e-02 5.552415168494917452e-02
1.810705177194904536e-02 5.451455633738078177e-02
2.073908322199713439e-02 5.388082846184261143e-02
1.657349480956327170e-02 5.733613113989122212e-02
1.351656466431450099e-02 5.950018859584815800e-02
1.499540002259891480e-02 5.611874329042620957e-02
1.401096144400071353e-02 5.952310774591751397e-02
1.862462684221100062e-02 6.050051903002895415e-02
1.278781452856492251e-02 5.448834938579238951e-02
1.338595907145645469e-02 5.592315472313202918e-02
9.420078815310262144e-03 5.739258081302978098e-02
1.680121255049016327e-02 5.861829899367876351e-02
