1.527049987318798187e-02 4.882718165374831665e-02
4.324994049966335297e-03 9.813310578465461731e-03
6.357307313010096550e-03 1.920647174119949341e-02
6.363395331391075160e-03 2.911349292844533920e-02
8.756455126786022447e-04 3.898079879581928253e-02
5.736089507081487682e-03 4.728773795068264008e-02
1.829820414968708064e-03 5.293558072298765182e-02
1.899439833323413040e-03 5.050644837319850922e-02
8.067761074016743805e-03 5.096731981029734015e-02
5.055963911217986606e-04 4.827159194974228740e-02
4.002253982434922364e-03 5.437161232111975551e-02
3.893772335686662700e-03 5.395204093656502664e-02
-3.595756171307584736e-03 4.990009948960505426e-02
3.217781623789051082e-03 5.489904791465960443e-02
-1.100633097848913167e-03 4.978364551789127290e-02
2.837817845829704311e-03 5.234775863937102258e-02
6.923971427568176296e-03 5.151497092447243631e-02
-8.161941450453014113e-04 5.043006266350857913e-02
5.602019568868854549e-03 5.559216436813585460e-02
5.120732929754012730e-03 5.294578729080967605e-02
1.029844504046195652e-03 5.317428169655613601e-02
1.295253086937009357e-04 5.507970866165123880e-02
-2.068088006126345135e-04 5.416773734032176435e-02
2.328591645891719963e-03 5.273775520618073642e-02
-3.264053034399694297e-03 4.971942605334334075e-02
5.016159956539922860e-03 5.534923469531349838e-02
-4.618836182999075390e-04 4.992006506654433906e-02
2.588537746305519249e-03 5.492793742450885475e-02
6.661015321697050240e-03 5.591011708020232618e-02
2.294719909514242318e-03 5.463989204145036638e-02
4.863168496740399860e-04 5.159850799827836454e-02
-2.296117375408357475e-03 4.949607336311601102e-02
3.143342902149015572e-03 5.018816076335497200e-02
-1.930654289935773704e-03 4.927669788594357669e-02
1.225796519975119736e-03 5.062724018353037536e-02
-2.680131009583419655e-03 5.254491706728003919e-02
6.221577749784046318e-03 4.859589607804082334e-02
-8.043295320021570660e-04 5.377686172141693532e-02
1.591182305674010422e-03 4.844862277968786657e-02
4.401376695568615105e-03 5.306448609917424619e-02
2.185877404372149613e-03 5.007193246274255216e-02
8.749190244088822510e-03 5.426236437051557004e-02
8.126492530209361576e-04 4.932566834031604230e-02
5.741840220252925064e-03 4.991949393297545612e-02
1.653997685025387909e-03 4.964005426154471934e-02
4.441556745405250695e-03 5.209644619026221335e-02
1.760145408297830727e-03 5.592473797150887549e-02
1.061241599927598145e-03 4.906493020826019347e-02
4.541085791970544960e-03 5.101910550729371607e-02
2.904019193920248654e-03 5.593987405882216990e-02
-2.869408702281361911e-03 5.880905795493163168e-02
