3.409031667807915084e-02 4.400984155283041432e-02
9.699074551463127136e-03 9.380869567394256592e-03
1.964087784290313721e-02 1.931152027100324631e-02
2.934293076395988464e-02 2.867385745048522949e-02
2.811994124203920364e-02 3.075640788301825523e-02
3.490635193884372711e-02 3.999854391440749168e-02
3.283234522677958012e-02 4.069507302483543754e-02
3.929719584994018078e-02 4.144809785066172481e-02
3.776740154717117548e-02 4.050952143734320998e-02
3.780391654436243698e-02 4.417617031140252948e-02
3.666462684486759827e-02 4.350498027633875608e-02
3.070076257426990196e-02 4.033812705893069506e-02
3.888927940715802833e-02 3.871363948564976454e-02
4.502026904810918495e-02 4.353514721151441336e-02
3.988498151738895103e-02 4.175540024880319834e-02
4.345982596714748070e-02 4.048554657492786646e-02
4.271228715515462682e-02 4.051484702540619764e-02
4.168211085925577208e-02 3.985842345900891814e-02
3.562652807886479422e-02 4.383101575695036445e-02
2.973962411488173530e-02 3.832060499735234771e-02
3.710846765170572326e-02 4.216594370700477157e-02
4.420046763698337600e-02 3.650818467758654151e-02
4.147612349333940074e-02 3.898108010798750911e-02
4.315071831661043689e-02 3.495036862477718387e-02
3.745170030015287921e-02 4.015116212576685939e-02
3.396876365150092170e-02 3.571068035125790630e-02
4.113166243041632697e-02 4.077645769029913936e-02
3.984279312862781808e-02 3.745885012358485255e-02
3.168255963100818917e-02 3.629881381675659213e-02
3.494555630459217355e-02 3.905123943150101695e-02
3.537005939142545685e-02 3.894939714700740296e-02
3.019663187296828255e-02 3.901876026247919071e-02
3.406522826844593510e-02 3.895820730940613430e-02
3.065747752407332882e-02 4.018692365025344770e-02
3.448410642886301503e-02 3.972231915213342290e-02
3.395400361478095874e-02 3.845275279127235990e-02
3.827285838633542880e-02 3.681147812858398538e-02
3.091687175765400752e-02 3.448759617276664358e-02
2.723567352950340137e-02 3.482847752275120001e-02
3.082038743741577491e-02 3.471926333986630198e-02
3.475611798785394058e-02 3.741392856136371847e-02
2.928305046953028068e-02 3.343360023245622870e-02
3.024675978667801246e-02 3.593768914834072348e-02
2.373266408540075645e-02 3.504372081624751445e-02
2.908247664890950546e-02 3.320701858865504619e-02
3.225382512755459175e-02 3.765251646655087825e-02
2.573916877008741722e-02 4.277960277067904826e-02
2.858368123270338401e-02 3.863614351394062396e-02
2.089608695678180084e-02 4.366324069815163966e-02
2.706739215500419959e-02 3.946912773790245410e-02
3.156621011294191703e-02 4.033972033903410193e-02
