1.414691591537742092e-02 4.899426634953783777e-02
7.920456118881702423e-03 9.417627006769180298e-03
1.649546530097723007e-02 1.633164985105395317e-02
1.445647631771862507e-02 2.454025344923138618e-02
1.990838884375989437e-02 3.212103666737675667e-02
2.205373393371701241e-02 3.954854281619191170e-02
1.783447200432419777e-02 3.503931919112801552e-02
1.605666521936655045e-02 3.772299434058368206e-02
2.090669376775622368e-02 3.952962066978216171e-02
2.595592010766267776e-02 4.099623579531908035e-02
2.682547556469216943e-02 4.003880580421537161e-02
2.089598315069451928e-02 3.343757183756679296e-02
1.763426914112642407e-02 3.488427423872053623e-02
2.493139618309214711e-02 3.843028796836733818e-02
2.126203413354232907e-02 4.135718592442572117e-02
1.729784748749807477e-02 4.201504116645082831e-02
2.302076836349442601e-02 3.737023746361956000e-02
2.361164946341887116e-02 3.972799814073368907e-02
2.134372323052957654e-02 3.835834778146818280e-02
2.526338427560403943e-02 3.589907736750319600e-02
2.062916132854297757e-02 3.328781580785289407e-02
1.934833981795236468e-02 3.634945472003892064e-02
1.885427098022773862e-02 4.152182192774489522e-02
2.387993439333513379e-02 3.631488309474661946e-02
2.204389922553673387e-02 3.977129684062674642e-02
2.668476902181282640e-02 4.000040993560105562e-02
2.100768830860033631e-02 4.206536395940929651e-02
2.665106445783749223e-02 4.141771775903180242e-02
2.702440053690224886e-02 3.529145178617909551e-02
3.007844241801649332e-02 4.205478850053623319e-02
3.298528341110795736e-02 4.009003640385344625e-02
3.863451245706528425e-02 4.081157804466784000e-02
3.212170384358614683e-02 4.508994822390377522e-02
2.920024550985544920e-02 4.494803851412143558e-02
2.480819530319422483e-02 4.139325801224913448e-02
2.827062911819666624e-02 4.618979046063032001e-02
2.645580959506332874e-02 4.404602768772747368e-02
3.186278068460524082e-02 4.985885751375462860e-02
3.372975066304206848e-02 4.858978638367261738e-02
3.187917429022490978e-02 4.590222622209694237e-02
3.647143649868667126e-02 4.570539083215408027e-02
3.023530705831944942e-02 4.396956527489237487e-02
3.323420509696006775e-02 4.657269918243400753e-02
3.713294840417802334e-02 4.827286684303544462e-02
3.393154731020331383e-02 4.324226369499228895e-02
3.390111675616935827e-02 4.904947718023322523e-02
3.604923229795531370e-02 4.506734581082127988e-02
3.775457834490225650e-02 5.167715260176919401e-02
3.988392447718069889e-02 5.543203544220887125e-02
3.950669680853025056e-02 5.206370199448429048e-02
3.673346079085604288e-02 4.716870500124059618e-02
