5.211817557700908904e-02 3.534457085558549705e-02
9.990227408707141876e-03 9.819313883781433105e-03
1.993052754551172256e-02 1.892775669693946838e-02
2.965572569519281387e-02 2.625248301774263382e-02
3.945368435233831406e-02 3.394764289259910583e-02
4.894580040127038956e-02 3.409963235026225448e-02
5.357847828418016434e-02 2.789791900431737304e-02
4.993925709277391434e-02 3.121845790883526206e-02
5.490059126168489456e-02 3.367567009991034865e-02
5.953906290233135223e-02 2.854293672135099769e-02
6.003130902536213398e-02 3.283370792632922530e-02
6.481673591770231724e-02 3.061185189289972186e-02
5.898167868144810200e-02 3.214188158744946122e-02
5.546297156251966953e-02 3.880279936129227281e-02
5.719429813325405121e-02 3.483749652514234185e-02
6.368538783863186836e-02 3.265746036777272820e-02
5.657743755728006363e-02 3.469158691586926579e-02
5.830123962368816137e-02 3.377653047209605575e-02
5.572240531910210848e-02 2.764035243308171630e-02
5.795533105265349150e-02 3.078003547852858901e-02
5.696140637155622244e-02 2.572574460646137595e-02
6.234299286734312773e-02 2.601487599895335734e-02
5.730537127237766981e-02 2.752732709632255137e-02
5.950719548854976892e-02 2.741940633131889626e-02
5.920721008442342281e-02 2.800390973425237462e-02
5.618012859486043453e-02 2.576040883286623284e-02
5.094750435091555119e-02 2.441172266117064282e-02
5.582712427712976933e-02 3.034935949108330533e-02
5.331050837412476540e-02 3.537233929819194600e-02
6.045836396515369415e-02 2.892672933376161382e-02
6.411281297914683819e-02 3.167269017285434529e-02
6.453388879890553653e-02 2.989012037141947076e-02
6.264450270100496709e-02 2.862123527302173898e-02
5.710117853595875204e-02 3.160690806544153020e-02
5.997440856299363077e-02 2.589688507578102872e-02
6.310821449733339250e-02 3.215337928122607991e-02
5.641792420647107065e-02 2.863630127831129357e-02
5.988196129328571260e-02 2.646140532306162640e-02
5.255100721842609346e-02 2.754869171621976420e-02
5.148300409200601280e-02 2.926069683599052951e-02
5.275029173935763538e-02 2.273969258385477588e-02
5.843952854047529399e-02 2.279525960693717934e-02
6.163194004329852760e-02 2.038934862139285542e-02
5.798443869571201503e-02 2.373523859205306508e-02
5.243824140052311122e-02 1.972428697990835644e-02
4.748536131228320301e-02 2.644099470126093365e-02
5.591051603551022708e-02 2.546846628320054151e-02
5.528128947480581701e-02 2.313153999057249166e-02
6.126993251382373273e-02 2.814852254596189596e-02
6.032062487793155015e-02 2.556810755413607694e-02
6.441979974624700844e-02 2.882105968092218973e-02
