6.743832757336601369e-02 2.383814714703627602e-02
9.933404624462127686e-03 7.436835672706365585e-03
1.990626379847526550e-02 1.612939359620213509e-02
2.967003639787435532e-02 2.061025612056255341e-02
3.885110933333635330e-02 2.555445302277803421e-02
4.826381709426641464e-02 2.139187464490532875e-02
5.804226920008659363e-02 2.195789822144433856e-02
6.687801238149404526e-02 2.512644178932532668e-02
7.072832924313843250e-02 2.232335106236860156e-02
7.497968175448477268e-02 2.225391761021455750e-02
7.078874926082789898e-02 1.854654921771725640e-02
7.249551150016486645e-02 1.874257339659379795e-02
6.489520310424268246e-02 1.842554761242354289e-02
6.978164543397724628e-02 2.342383433278882876e-02
7.141096936538815498e-02 2.212979782052570954e-02
6.760994787327945232e-02 2.393166520778322592e-02
7.488158321939408779e-02 2.456423498369986191e-02
6.940661999396979809e-02 2.148467416554922238e-02
6.125146220438182354e-02 2.239008420292520896e-02
6.718291598372161388e-02 2.156721530627692118e-02
6.747963029192760587e-02 2.436806480545783415e-02
6.527710106456652284e-02 1.889645340997958556e-02
6.357642618240788579e-02 2.154208170395577326e-02
6.627354334341362119e-02 2.045019853539997712e-02
7.003390841418877244e-02 2.292124133236939088e-02
7.470535306492820382e-02 1.960090266220504418e-02
7.595014601247385144e-02 1.416454741411143914e-02
6.728569726692512631e-02 2.090374052204424515e-02
6.757881381781771779e-02 2.478072696976596490e-02
6.897960038622841239e-02 1.644268070958787575e-02
6.952569214627146721e-02 1.731139931507641450e-02
6.604594620876014233e-02 2.524995568819576874e-02
7.271086354739964008e-02 2.481819515378447250e-02
7.259082813834538683e-02 2.541879774798871949e-02
7.370225685735931620e-02 2.444008831662358716e-02
7.141166525980224833e-02 1.967609301937045529e-02
6.782581187871983275e-02 2.539124387112678960e-02
6.523440937598934397e-02 2.808374306914629415e-02
6.139710472052684054e-02 2.271334129181923345e-02
6.537997276609530672e-02 2.927548578736605123e-02
7.137426613917341456e-02 3.108581831475021318e-02
6.511865529319038615e-02 2.403933113237144426e-02
6.103423536842456087e-02 2.820885252003790811e-02
6.295004902494838461e-02 2.300463920255424455e-02
6.326681313657900319e-02 2.231560473592253402e-02
6.008615143218776211e-02 2.745592327119084075e-02
5.934405812149634585e-02 2.462163673044415191e-02
6.209054003556957468e-02 2.274927369580836967e-02
6.299760945694288239e-02 3.108474484906764701e-02
6.731146349193295464e-02 3.365993488841922954e-02
6.438445121602853760e-02 2.849863412120612338e-02
