9.701736379001907329e-02 -2.575889599801407803e-02
9.990134276449680328e-03 -9.718050248920917511e-03
1.991878263652324677e-02 -1.878009736537933350e-02
2.981486264616250992e-02 -2.665166463702917099e-02
3.978677652776241302e-02 -3.057615458965301514e-02
4.943292774260044098e-02 -3.574132965877652168e-02
5.938936397433280945e-02 -3.261600551195442677e-02
6.938139349222183228e-02 -3.616234101355075836e-02
7.894668448716402054e-02 -3.119329968467354774e-02
8.852507174015045166e-02 -2.519969502463936806e-02
9.733082540333271027e-02 -2.804064913652837276e-02
1.057000039145350456e-01 -2.767042920459061861e-02
1.107038757763803005e-01 -3.600571502465754747e-02
1.103814265807159245e-01 -4.008290229830890894e-02
1.152878862922079861e-01 -3.318140946794301271e-02
1.110865900409407914e-01 -2.773404459003359079e-02
1.033815763075836003e-01 -2.921346516814082861e-02
1.080770239350385964e-01 -2.403606043662875891e-02
1.042153344606049359e-01 -2.559408405795693398e-02
1.049983141710981727e-01 -3.140022465959191322e-02
1.054210124129895121e-01 -3.442012495361268520e-02
1.114155279065016657e-01 -2.984248590655624866e-02
1.039746125752571970e-01 -2.855832176283001900e-02
1.011051294917706400e-01 -2.320632804185152054e-02
1.051107152889017016e-01 -2.311050285061355680e-02
1.087176926957909018e-01 -2.579449162294622511e-02
1.045887252839747816e-01 -3.131913857941981405e-02
1.122692843491677195e-01 -2.765670137887354940e-02
1.101982709078583866e-01 -2.952557160460855812e-02
1.064445694501046091e-01 -3.273595041537191719e-02
1.025482317490968853e-01 -3.259348578285425901e-02
1.087443869619164616e-01 -2.484570478554815054e-02
1.082621037494391203e-01 -2.028606634121388197e-02
1.049817716702818871e-01 -2.512053993996232748e-02
1.134462887421250343e-01 -2.388712321408092976e-02
1.095193428918719292e-01 -2.069410122931003571e-02
1.123283451888710260e-01 -1.939440413843840361e-02
1.068903908599168062e-01 -1.848992274608463049e-02
1.057047114009037614e-01 -2.263925818260759115e-02
1.101298580178990960e-01 -2.429220406338572502e-02
1.054723180131986737e-01 -2.709865896031260490e-02
9.974106692243367434e-02 -2.125180931761860847e-02
1.046184982405975461e-01 -2.289326989557594061e-02
1.027800972806289792e-01 -2.120305865537375212e-02
1.093193512642756104e-01 -2.746005717199295759e-02
1.112769072642549872e-01 -2.651912398869171739e-02
1.083383226068690419e-01 -2.990423148730769753e-02
1.088698684470728040e-01 -3.146423638099804521e-02
1.025179136777296662e-01 -3.653588943416252732e-02
1.043195271631702781e-01 -3.172594500938430429e-02
1.014873458771035075e-01 -2.488262724364176393e-02
