9.854511790029957252e-02 -6.699587414686451747e-02
9.800648316740989685e-03 -9.975148364901542664e-03
1.979473419487476349e-02 -1.971723884344100952e-02
2.921287622302770615e-02 -2.964347694069147110e-02
3.920983336865901947e-02 -3.879335988312959671e-02
4.919935204088687897e-02 -4.819943010807037354e-02
5.919595714658498764e-02 -5.808088462799787521e-02
6.919562071561813354e-02 -6.769693829119205475e-02
7.892674300819635391e-02 -7.548023341223597527e-02
8.883355371654033661e-02 -8.417244208976626396e-02
9.731267672032117844e-02 -8.108996064402163029e-02
1.038141474127769470e-01 -8.351860428228974342e-02
1.071420414373278618e-01 -7.861312199383974075e-02
1.044586356729269028e-01 -7.466388028115034103e-02
1.070545490365475416e-01 -8.166433125734329224e-02
1.009730065707117319e-01 -8.043204457499086857e-02
1.023908985080197453e-01 -7.494684285484254360e-02
1.061211550841107965e-01 -7.831758912652730942e-02
1.021518447669222951e-01 -8.288419339805841446e-02
9.826958400662988424e-02 -8.182439662050455809e-02
1.016845294507220387e-01 -8.045199967455118895e-02
9.704986785072833300e-02 -8.202315180096775293e-02
9.724604699295014143e-02 -8.199923722531821113e-02
1.014793104259297252e-01 -8.640235759776260238e-02
1.030136698391288519e-01 -7.862078309517528396e-02
1.040966707514598966e-01 -7.300723208572890144e-02
1.008818835252895951e-01 -8.168731308069254737e-02
1.027541833464056253e-01 -7.291689286466862541e-02
9.689165116287767887e-02 -7.614418682169343811e-02
9.377288818359375000e-02 -7.412991933051671367e-02
8.815094083547592163e-02 -7.814275826785888057e-02
9.637594781816005707e-02 -8.665630202267493587e-02
9.622572801890783012e-02 -8.540643674314196687e-02
9.693635601433925331e-02 -8.351352558929647785e-02
9.299821287277154624e-02 -7.572399619493808132e-02
9.938324123504571617e-02 -8.387282844159926753e-02
9.543181836488656700e-02 -8.471303693477238994e-02
9.558027445746120065e-02 -8.344924081575300079e-02
9.652498421201016754e-02 -8.638990441795613151e-02
8.876113138103391975e-02 -8.006476941045548301e-02
9.534790097677614540e-02 -8.851062557187105995e-02
9.588501746475230902e-02 -9.067564857650722843e-02
9.201385015330743045e-02 -8.566785724360670429e-02
9.134212251228746027e-02 -9.126887218553747516e-02
9.247105113172437996e-02 -8.449572724748577457e-02
9.663646212720777839e-02 -8.047484820235695224e-02
9.916784158849623054e-02 -7.961982795495714527e-02
9.274410839134361595e-02 -8.629632070187653881e-02
9.748480898269917816e-02 -8.429481349412526470e-02
9.308197173231747001e-02 -8.019353709642018657e-02
9.166420319525059313e-02 -8.309955968979920726e-02
