9.869658886270693543e-02 -6.609295954340890789e-02
9.930733591318130493e-03 -9.486053138971328735e-03
1.983334403485059738e-02 -1.924154907464981079e-02
2.964475471526384354e-02 -2.857443597167730331e-02
3.953517507761716843e-02 -3.751480486243963242e-02
4.928565118461847305e-02 -4.547546803951263428e-02
5.895454995334148407e-02 -5.314263515174388885e-02
6.844056025147438049e-02 -5.927334120497107506e-02
7.788699958473443985e-02 -5.707371770404279232e-02
8.280041161924600601e-02 -6.046044034883379936e-02
8.837369130924344063e-02 -6.097905978094786406e-02
9.049291769042611122e-02 -6.144185943412594497e-02
9.475134266540408134e-02 -6.067463682848028839e-02
1.021744059398770332e-01 -6.559790877508930862e-02
9.369841124862432480e-02 -6.004619153100065887e-02
9.096861933358013630e-02 -6.206262132036499679e-02
8.710946002975106239e-02 -6.729905187967233360e-02
8.831756503786891699e-02 -6.219176595914177597e-02
9.718941745813935995e-02 -6.848101431387476623e-02
9.224596468266099691e-02 -6.714948706212453544e-02
9.544062695931643248e-02 -6.998178057256154716e-02
9.635772305773571134e-02 -7.007230632007122040e-02
9.300634945975616574e-02 -6.662989966571331024e-02
9.559151140274479985e-02 -6.441296450793743134e-02
1.008696694043464959e-01 -6.904107332229614258e-02
1.026822453713975847e-01 -6.389420526102185249e-02
9.477132506435737014e-02 -6.958261784166097641e-02
9.000571671640500426e-02 -6.415366241708397865e-02
9.593633835902437568e-02 -6.737277214415371418e-02
9.703723847633227706e-02 -6.158321094699203968e-02
1.016969815245829523e-01 -6.637529772706329823e-02
9.948975004954263568e-02 -7.056314754299819469e-02
9.630624944111332297e-02 -6.726721348240971565e-02
9.793133783387020230e-02 -6.773819448426365852e-02
9.972278395434841514e-02 -6.507536419667303562e-02
9.680015378398820758e-02 -6.409878865815699100e-02
9.431140887318179011e-02 -6.936647300608456135e-02
8.763299899874255061e-02 -6.918483976915013045e-02
9.456924366531893611e-02 -6.955742601712699980e-02
1.026797426748089492e-01 -7.224201921781059355e-02
1.014183641527779400e-01 -7.471443897520657629e-02
1.056458855164237320e-01 -7.132473726233001798e-02
1.070554482867009938e-01 -6.353043577109929174e-02
9.890702209668233991e-02 -6.899831535702105612e-02
1.002452012035064399e-01 -6.280995158886071295e-02
9.388670342741534114e-02 -7.119692674314137548e-02
9.979562665103003383e-02 -7.216983723628800362e-02
9.294226876227185130e-02 -6.705946258443873376e-02
9.163922298466786742e-02 -6.439024388964753598e-02
9.779428219189867377e-02 -6.894686019222717732e-02
9.542881225934252143e-02 -6.785017884976696223e-02
