9.294025020302149054e-02 -8.690677298545304574e-02
9.976627305150032043e-03 -9.995896369218826294e-03
1.993549056351184845e-02 -1.997980102896690369e-02
2.982681430876255035e-02 -2.993669826537370682e-02
3.954467549920082092e-02 -3.992260154336690903e-02
4.952836781740188599e-02 -4.987595975399017334e-02
5.896388273686170578e-02 -5.894458666443824768e-02
6.857761088758707047e-02 -6.885053031146526337e-02
7.736778631806373596e-02 -7.877072971314191818e-02
8.721461147069931030e-02 -8.841563668102025986e-02
9.208683110773563385e-02 -9.795602131634950638e-02
8.468173258006572723e-02 -1.074123559519648552e-01
8.578821411356329918e-02 -1.141727641224861145e-01
8.776194555684924126e-02 -1.160368975251913071e-01
8.254091721028089523e-02 -1.116644474677741528e-01
7.950931764207780361e-02 -1.129143204307183623e-01
7.793057663366198540e-02 -1.177945680683478713e-01
7.682200183626264334e-02 -1.254334043478593230e-01
7.824110251385718584e-02 -1.164900375297293067e-01
7.468747475650161505e-02 -1.188333971658721566e-01
7.995937659870833158e-02 -1.111922167474403977e-01
7.763048063497990370e-02 -1.050146544585004449e-01
7.636351301334798336e-02 -1.036901666084304452e-01
8.235161262564361095e-02 -1.109931772807613015e-01
8.097087230999022722e-02 -1.051223772810772061e-01
8.149057830451056361e-02 -1.146003130124881864e-01
8.312510215910151601e-02 -1.103306143777444959e-01
7.738163165049627423e-02 -1.160588442580774426e-01
7.683908933540806174e-02 -1.086556577356532216e-01
7.334617146989330649e-02 -1.054036974674090743e-01
8.221331791719421744e-02 -1.119144520489498973e-01
7.809030258795246482e-02 -1.097688482841476798e-01
8.321689342847093940e-02 -1.096733497251989320e-01
7.917038438608869910e-02 -1.028704760392429307e-01
7.969417452113702893e-02 -1.077183141169371083e-01
7.509604358347132802e-02 -1.078140904355677776e-01
7.870333321625366807e-02 -1.114487923841807060e-01
7.639095681952312589e-02 -1.123768426405149512e-01
8.267801051260903478e-02 -1.146001566594350152e-01
7.720096764387562871e-02 -1.107361987160402350e-01
8.201904810266569257e-02 -1.096671309715020470e-01
8.283661043969914317e-02 -1.107644202347728424e-01
8.998916036216542125e-02 -1.099395611017826013e-01
8.734972187085077167e-02 -1.112641062281909399e-01
8.779468960710801184e-02 -1.118154789946856909e-01
8.802339858084451407e-02 -1.113821377439307980e-01
8.339836080267559737e-02 -1.064152351973461919e-01
8.066121772571932524e-02 -1.104777532091247849e-01
7.867820216051768512e-02 -1.100316112497239374e-01
8.306930707476567477e-02 -1.118899207431240939e-01
8.834515493072103709e-02 -1.069079000371857546e-01
