5.664369218617425900e-02 -1.324105098608056585e-01
9.693526662886142731e-03 -9.982033632695674896e-03
1.959465630352497101e-02 -1.984454412013292313e-02
2.932235598564147949e-02 -2.977398969233036041e-02
3.723033424466848373e-02 -3.883611783385276794e-02
4.711561370640993118e-02 -4.616237897425889969e-02
5.696025863289833069e-02 -5.543259065598249435e-02
6.689488422125577927e-02 -6.449866015464067459e-02
7.641759421676397324e-02 -6.587171868886798620e-02
8.618348464369773865e-02 -6.512208777712658048e-02
9.365804027765989304e-02 -6.053767987759783864e-02
1.005162051878869534e-01 -6.484719348372891545e-02
1.081195808947086334e-01 -6.817860418232157826e-02
1.089427484548650682e-01 -6.954295682953670621e-02
1.044936552061699331e-01 -6.524665869073942304e-02
1.101105654961429536e-01 -7.179145730333402753e-02
1.076114405295811594e-01 -6.625097926007583737e-02
1.157352025038562715e-01 -6.650057787192054093e-02
1.111245806678198278e-01 -7.163105093059130013e-02
1.154452817863784730e-01 -6.952740883571095765e-02
1.110282167210243642e-01 -7.034928412758745253e-02
1.177808446227572858e-01 -6.212995728128589690e-02
1.149953372660093009e-01 -6.786683682003058493e-02
1.133771712775342166e-01 -6.997837490052916110e-02
1.189585059764795005e-01 -6.371060563833452761e-02
1.197327512199990451e-01 -6.817818936542607844e-02
1.159172327606938779e-01 -6.414465970010496676e-02
1.133358885417692363e-01 -6.307244967320002615e-02
1.090228540706448257e-01 -6.390362928505055606e-02
1.089158929389668629e-01 -7.211902129347436130e-02
1.170444679883075878e-01 -7.444306762772612274e-02
1.112765237194253132e-01 -6.999067470314912498e-02
1.075360563554568216e-01 -7.004810079524759203e-02
1.110934557364089414e-01 -6.909882296167779714e-02
1.064429197431309149e-01 -6.889191974187269807e-02
1.095575711660785601e-01 -7.059110986301675439e-02
1.133339128427905962e-01 -6.882891530403867364e-02
1.111633470718516037e-01 -6.265638495096936822e-02
1.136492719379020855e-01 -6.426971819018945098e-02
1.184943295520497486e-01 -6.651140114990994334e-02
1.115817167301429436e-01 -6.626579543808475137e-02
1.081589474779320881e-01 -6.525195384165272117e-02
1.120289899845374748e-01 -5.989331979071721435e-02
1.136752177699236199e-01 -6.772175565129145980e-02
1.160987640469102189e-01 -6.318524287780746818e-02
1.184677958226529881e-01 -6.972053361823782325e-02
1.171223813871620223e-01 -7.105418451828882098e-02
1.127446772734401748e-01 -6.454942858545109630e-02
1.160269297397462651e-01 -7.124192238552495837e-02
1.114231321698753163e-01 -6.570157053647562861e-02
1.114689311871188693e-01 -6.335621367907151580e-02
