3.914657649770127840e-02 -1.420192672678370349e-01
9.981704875826835632e-03 -9.921608492732048035e-03
1.975029055029153824e-02 -1.814397145062685013e-02
2.971258945763111115e-02 -2.713402453809976578e-02
3.969204984605312347e-02 -3.054550336673855782e-02
4.955674428492784500e-02 -3.649264108389616013e-02
5.858072545379400253e-02 -3.371716523543000221e-02
6.729645933955907822e-02 -2.697088290005922318e-02
7.277096714824438095e-02 -3.057353408075869083e-02
8.015001472085714340e-02 -2.949213061947375536e-02
7.949931558687239885e-02 -2.927986656141001731e-02
8.542199677322059870e-02 -3.160226422187406570e-02
8.568753188592381775e-02 -3.305627354711759835e-02
8.235187016543932259e-02 -3.650673870288301259e-02
8.550182663020677865e-02 -4.020189349830616266e-02
8.464784707757644355e-02 -3.555690027133096009e-02
8.083003546926192939e-02 -3.015756975219119340e-02
7.377569770324043930e-02 -2.484184406057465822e-02
7.790088254841975868e-02 -2.991780587763059884e-02
7.990534018608741462e-02 -3.484115652099717408e-02
8.765303550171665847e-02 -3.724736739241052419e-02
8.474849580670706928e-02 -3.241413198702502996e-02
8.044474010239355266e-02 -3.038055631623137742e-02
8.493692285264842212e-02 -2.953356476791668683e-02
8.379673791932873428e-02 -3.148757661983836442e-02
8.669888085569255054e-02 -3.351153871335554868e-02
8.637241489486768842e-02 -3.068001168139744550e-02
7.958424120442941785e-02 -3.337957565963733941e-02
8.176993281813338399e-02 -3.370721107057761401e-02
8.267160324612632394e-02 -2.845704350329469889e-02
9.043867239961400628e-02 -2.977562991145532578e-02
8.910779602592810988e-02 -2.542108033958356827e-02
8.531266584759578109e-02 -3.445983880374114960e-02
7.822924567153677344e-02 -3.196264493453782052e-02
8.203324739588424563e-02 -3.171740878315176815e-02
8.038640447193756700e-02 -2.589985947997774929e-02
8.472909132251515985e-02 -3.292198140115942806e-02
8.124641940230503678e-02 -3.073844999016728252e-02
8.251868403749540448e-02 -3.015685050922911614e-02
8.073495671851560473e-02 -3.298249437648337334e-02
8.808357611997053027e-02 -3.820754463959019631e-02
8.255230280337855220e-02 -3.492147142242174596e-02
7.774258841527625918e-02 -2.920110656123142689e-02
7.970210647908970714e-02 -3.706291170965414494e-02
8.291095116874203086e-02 -3.773723337508272380e-02
8.619540551444515586e-02 -3.920006011321675032e-02
8.016860339557752013e-02 -4.195511182479094714e-02
8.612808905309066176e-02 -3.549501280940603465e-02
8.149845380103215575e-02 -3.558905403770040721e-02
7.769619364989921451e-02 -3.610117353673558682e-02
8.544944896129891276e-02 -3.226522139448206872e-02
