5.682656572445106413e-02 -1.322845151165433220e-01
7.640649098902940750e-03 9.038000367581844330e-03
1.331045478582382202e-02 6.598376436159014702e-03
1.281717210076749325e-02 9.309126529842615128e-03
2.097902144305408001e-02 2.518520224839448929e-03
1.322022615931928158e-02 2.206328994361683726e-03
2.079088264144957066e-02 2.735715970629826188e-03
2.218929457012563944e-02 5.099557485664263368e-03
1.981659594457596540e-02 6.635826692217960954e-03
1.384579332079738379e-02 6.874257189338095486e-03
2.044814487453550100e-02 8.848774203215725720e-03
1.910783792845904827e-02 2.904920329456217587e-03
2.254607225768268108e-02 5.574440147029235959e-04
2.054451801814138889e-02 7.146680218284018338e-03
1.751511800102889538e-02 2.225262534921057522e-03
1.507965615019202232e-02 8.567041513742879033e-04
1.875920686870813370e-02 5.475960278999991715e-03
2.010081917978823185e-02 2.472856620443053544e-03
2.070810465374961495e-02 1.068693381967023015e-04
2.294605394126847386e-02 6.607637813431210816e-03
2.057636581594124436e-02 4.194255292532034218e-03
1.660003612050786614e-02 7.650719097000546753e-03
1.721684285439550877e-02 1.050501203280873597e-03
1.572470145765691996e-02 2.110538844135589898e-03
2.314106666017323732e-02 6.223907534149475396e-03
2.584470238070935011e-02 3.955975946155376732e-03
1.812727598007768393e-02 5.865445316885598004e-03
2.081375510897487402e-02 5.658511698129586875e-03
1.544413983356207609e-02 6.495943962363526225e-04
1.745500846300274134e-02 4.739497948321513832e-03
2.281591913197189569e-02 -1.682611953583545983e-03
2.089610486291348934e-02 -4.831996120628900826e-03
1.880171266384422779e-02 4.178473463980481029e-04
1.823605806566774845e-02 -3.530294474330730736e-03
2.029632590711116791e-02 -1.504052503150887787e-03
2.312084939330816269e-02 -1.832188587286509573e-03
2.576650888659060001e-02 9.065589256351813674e-04
1.965104672126471996e-02 4.081812658114358783e-04
1.937996718334034085e-02 5.580307260970585048e-03
1.837164611788466573e-02 8.436163698206655681e-03
2.327571093337610364e-02 4.493472908507101238e-03
1.852646126644685864e-02 -2.148858926375396550e-03
2.618960832478478551e-02 2.222967610578052700e-03
1.945515518309548497e-02 -2.491790524800308049e-03
2.462632750393822789e-02 4.521847513387911022e-03
2.265104401158168912e-02 1.269195116765331477e-02
2.168668678496032953e-02 7.395473585347644985e-03
2.566830313298851252e-02 1.375248000840656459e-03
2.539456880185753107e-02 4.492721098358742893e-03
2.851176762487739325e-02 3.915792767656967044e-04
2.786333346739411354e-02 7.317920259083621204e-03
