9.988707398296560458e-02 -4.524895262899251980e-02
9.910070337355136871e-03 -8.237462490797042847e-03
1.977213285863399506e-02 -1.812798436731100082e-02
2.970781829208135605e-02 -2.798725664615631104e-02
3.951959405094385147e-02 -3.715506475418806076e-02
4.904950130730867386e-02 -4.694078862667083740e-02
5.854599364101886749e-02 -5.427670478820800781e-02
6.833972316235303879e-02 -5.678083235397934914e-02
7.815162837505340576e-02 -5.616274650674313307e-02
8.743820339441299438e-02 -5.023974727373570204e-02
9.255036152899265289e-02 -5.586324154864996672e-02
9.547615912742912769e-02 -5.470548814628273249e-02
9.608547354582697153e-02 -5.295260495040565729e-02
1.022695127176120877e-01 -4.975954594556242228e-02
9.849767608102411032e-02 -5.526521115098148584e-02
1.043408931000158191e-01 -5.372897896450012922e-02
1.005003250902518630e-01 -6.039618549402803183e-02
1.021454465808346868e-01 -5.896713316906243563e-02
9.964883688371628523e-02 -5.590242694597691298e-02
9.970122340382658876e-02 -5.976504634600132704e-02
9.862100481768720783e-02 -5.698103376198559999e-02
1.023695360381680075e-01 -5.657655425602570176e-02
9.733848678661161102e-02 -5.605805228697136045e-02
9.968226412092917599e-02 -5.933831568108871579e-02
1.029644772388564888e-01 -5.366862920345738530e-02
1.088714190736936871e-01 -5.199008254567161202e-02
1.005078489870356862e-01 -5.574108735891059041e-02
1.002943737585155759e-01 -5.213866621488705277e-02
9.834445437081740238e-02 -4.618588375160470605e-02
9.978186089210794307e-02 -5.242326721781864762e-02
1.004440112774318550e-01 -5.657685972983017564e-02
1.027786977392679546e-01 -5.481273873010650277e-02
1.052925473813957069e-01 -5.215802654856815934e-02
1.005051204738265369e-01 -4.898860451066866517e-02
1.036192592036968563e-01 -5.237417557509616017e-02
1.072334105883783195e-01 -5.771383951650932431e-02
1.027302168113237713e-01 -5.363597237737849355e-02
1.036768506201042328e-01 -5.419610702665522695e-02
9.954512649346725084e-02 -5.095704650739207864e-02
9.700354625601903535e-02 -5.735932110110297799e-02
1.019538130531145725e-01 -5.698267457773908973e-02
9.558849427048698999e-02 -5.412899627117440104e-02
9.988445713315741159e-02 -5.904438922880217433e-02
9.479785774965421297e-02 -5.710809543961659074e-02
9.696046210956410505e-02 -5.572751007275655866e-02
9.558894258589134552e-02 -5.774749355623498559e-02
1.001543421916721854e-01 -6.444761023158207536e-02
9.234822640792117454e-02 -6.318834534613415599e-02
9.377410653178230859e-02 -6.050293677253648639e-02
9.460253717043087818e-02 -5.790446762694045901e-02
9.492104529999778606e-02 -6.007365410914644599e-02
