2.679170908211125478e-03 4.996410377352759891e-02
0.000000000000000000e+00 0.000000000000000000e+00
5.601956509053707123e-03 9.951417334377765656e-03
1.028095697984099388e-02 1.929607521742582321e-02
1.512324903160333633e-02 2.891664858907461166e-02
1.765206060372292995e-02 3.852755669504404068e-02
1.995395263656973839e-02 4.846861679106950760e-02
2.108748990576714277e-02 5.785810016095638275e-02
2.008419472258538008e-02 5.546388472430408001e-02
1.921429060166701674e-02 5.476599419489502907e-02
1.881968701491132379e-02 5.914399446919560432e-02
1.911871755146421492e-02 5.820463842246681452e-02
1.906583214076817967e-02 5.289100355003029108e-02
1.932276867228210904e-02 5.399085103999823332e-02
1.960794351543881930e-02 5.489754973677918315e-02
1.802132095690467395e-02 5.454246758017688990e-02
1.729582160260179080e-02 5.824092135298997164e-02
1.732648819233872928e-02 5.230913416016846895e-02
1.648663732703425921e-02 5.949921591673046350e-02
1.630746219962020405e-02 5.770446883980184793e-02
1.539972577666048892e-02 5.325143376830965281e-02
1.525298749402281828e-02 5.902394198346883059e-02
1.451950647242483683e-02 5.773156485520303249e-02
1.202879879929241724e-02 5.976390908472239971e-02
1.344132748272386380e-02 5.933423529495485127e-02
1.131274619910982437e-02 5.354349597473628819e-02
1.272464426074293442e-02 5.471690991544164717e-02
1.227600906349834986e-02 5.926210494362749159e-02
1.183444475827855058e-02 5.430494030588306487e-02
1.072586041482281871e-02 6.138799121254123747e-02
1.012599926980328746e-02 5.430427580722607672e-02
7.359980303590418771e-03 6.022083075367845595e-02
9.886510368232848123e-03 5.893174026277847588e-02
9.990724316594423726e-03 5.369144564610905945e-02
9.384860390127869323e-03 6.140215255436487496e-02
1.037818611439433880e-02 5.761410648119635880e-02
1.174501479908940382e-02 6.350099228438921273e-02
1.117352785149705596e-02 6.061761410092003644e-02
1.413001113178324886e-02 5.526866068248637021e-02
1.508750491848331876e-02 6.121468407218344510e-02
1.733638327641529031e-02 5.770073647727258503e-02
1.742681067480589263e-02 5.488954720203764737e-02
1.658836110073025338e-02 6.373400849406607449e-02
1.818770866884733550e-02 6.202966909040696919e-02
1.678242905109073035e-02 5.531764778424985707e-02
1.429208156696404330e-02 6.436086355824954808e-02
1.597331043376470916e-02 5.979105786536820233e-02
1.665398232216830365e-02 5.929557103081606328e-02
1.621724418873782270e-02 6.177653194754384458e-02
1.470286071344162337e-02 6.401227237074635923e-02
1.658510030756588094e-02 5.764102897956036031e-02
