4.113870788609171048e-02 4.114607349448914930e-02
0.000000000000000000e+00 0.000000000000000000e+00
9.568439796566963196e-03 9.729016572237014771e-03
1.928540319204330444e-02 1.857616286724805832e-02
2.881563175469636917e-02 2.676514629274606705e-02
3.604004951193928719e-02 2.976902597583830357e-02
4.352834774181246758e-02 3.668653476051986217e-02
3.859758004546165466e-02 3.779623133596032858e-02
4.053258395288139582e-02 3.748653334332630038e-02
3.939262544736266136e-02 3.651141806039959192e-02
4.463807726278901100e-02 3.409764578100293875e-02
4.061255510896444321e-02 3.724027203861624002e-02
4.523972794413566589e-02 3.576594940386712551e-02
4.191807331517338753e-02 4.271897184662520885e-02
3.985417424701154232e-02 3.722163452766835690e-02
4.058919608360156417e-02 3.504077624529600143e-02
4.018682302557863295e-02 3.568360873032361269e-02
4.025555314001394436e-02 3.342040616553276777e-02
4.248133236978901550e-02 3.847189841326326132e-02
4.620999498729361221e-02 3.463632997591048479e-02
4.038787847821367905e-02 4.275444441009312868e-02
4.262625454430235550e-02 3.747007122728973627e-02
3.894740953546715900e-02 3.688983729807659984e-02
4.501446108770323917e-02 3.504065872402861714e-02
3.803548547875834629e-02 4.296354186953976750e-02
4.297286929067922756e-02 3.793024580227211118e-02
3.618729259324027225e-02 4.003144899616017938e-02
4.081354621303034946e-02 3.626367618562653661e-02
3.575012698274804279e-02 3.929786250228062272e-02
4.011111990985227749e-02 3.620405477704480290e-02
3.207694464799715206e-02 3.938583174021914601e-02
3.912925632175756618e-02 3.661279712105169892e-02
3.406709158298326656e-02 3.508364356821402907e-02
3.801554772508097813e-02 3.411074675386771560e-02
3.933950995997292921e-02 2.891331299906596541e-02
3.050591720239026472e-02 3.730912733590230346e-02
3.381124621228082106e-02 3.395869181258603930e-02
3.550269843981368467e-02 3.061186190461739898e-02
3.999472146824700758e-02 3.628960013156756759e-02
3.380681637645466253e-02 3.414230182534083724e-02
3.561776997958077118e-02 2.809677500044927001e-02
3.889464498934103176e-02 3.675769403344020247e-02
4.063994884927524254e-02 3.679527595159015618e-02
3.609225508262170479e-02 3.231340480488142930e-02
3.900585398514522240e-02 2.801765940603218041e-02
3.240652876411331818e-02 2.637818242874345742e-02
3.829551516537321731e-02 3.257480516549549066e-02
4.059696132753742859e-02 3.652514444183907472e-02
4.122693830140633509e-02 3.331406341385445558e-02
3.320907142915530130e-02 4.107341516282758676e-02
3.861212491028709337e-02 3.689392489832243882e-02
