2.045500739931704025e-03 4.997907744484812731e-02
0.000000000000000000e+00 0.000000000000000000e+00
5.977845285087823868e-03 9.975626133382320404e-03
9.009825065732002258e-03 1.987374480813741684e-02
1.232791179791092873e-02 2.938595879822969437e-02
1.465569250285625458e-02 3.878224454820156097e-02
1.549195992993190885e-02 4.818293824791908264e-02
1.411519461544230580e-02 5.661863088607788086e-02
1.398696297837886959e-02 5.483573081437498331e-02
1.319579117989633232e-02 6.090979103464633226e-02
1.276855285686906427e-02 5.894405848812311888e-02
1.372684891975950450e-02 5.530715186614543200e-02
1.491284537769388407e-02 5.782806349452584982e-02
1.405804503883700818e-02 5.678079684730619192e-02
1.185097561392467469e-02 4.967344447504729033e-02
1.340266565966885537e-02 5.661925103049725294e-02
1.373001436877530068e-02 5.390311742667108774e-02
1.259653786837588996e-02 5.205291183665394783e-02
1.142449960752855986e-02 5.583843146450817585e-02
1.299993977590929717e-02 5.935963778756558895e-02
9.868286826531402767e-03 5.507543706335127354e-02
1.029918428685050458e-02 5.468720340286381543e-02
1.212786666292231530e-02 5.859997871448285878e-02
1.340566987346392125e-02 5.573152194847352803e-02
1.385871761885937303e-02 5.708534005680121481e-02
1.246628582885023206e-02 6.038224804797209799e-02
1.081333761976566166e-02 5.675575244822539389e-02
1.404354219266679138e-02 6.044002404087223113e-02
1.467428093019407243e-02 5.332381385960616171e-02
1.585473776503931731e-02 6.178844175883568823e-02
1.555482090043369681e-02 6.104062640224583447e-02
1.470596612489316612e-02 5.696977817569859326e-02
1.643899375631008297e-02 6.180631232564337552e-02
1.517954644805286080e-02 5.545204182271845639e-02
1.543002303515095264e-02 5.918488631141372025e-02
1.596645290555898100e-02 5.983080869191326201e-02
1.647427015996072441e-02 5.279221865930594504e-02
1.758161235193256289e-02 6.215045801945962012e-02
1.919426013773772866e-02 6.250761976116336882e-02
1.530101349635515362e-02 5.903831371688283980e-02
1.497004680277314037e-02 5.526099694543518126e-02
1.535512261034455150e-02 6.102961316355504096e-02
1.609707406896632165e-02 5.466552232974208891e-02
1.754225177865009755e-02 6.126071434118784964e-02
1.634802207991015166e-02 5.421296195709146559e-02
1.485482386488001794e-02 6.188261709758080542e-02
1.511898091121111065e-02 5.503988420241512358e-02
1.377062140090856701e-02 5.687388093792833388e-02
1.487063943932298571e-02 5.827054046676494181e-02
1.405703964701388031e-02 5.792607451439835131e-02
1.243639180029276758e-02 5.235053357318975031e-02
