2.501209469755145704e-03 4.996871486214278513e-02
0.000000000000000000e+00 0.000000000000000000e+00
4.290153738111257553e-03 9.882662445306777954e-03
9.089623112231492996e-03 1.968491543084383011e-02
1.103941025212407112e-02 2.958727814257144928e-02
1.483738352544605732e-02 3.948524221777915955e-02
1.778508815914392471e-02 4.919713549315929413e-02
1.695257640676572919e-02 5.445669684559106827e-02
1.608530979137867689e-02 5.881175165995955467e-02
1.398099225480109453e-02 5.746305175125598907e-02
1.337125344434753060e-02 5.555932945571839809e-02
1.214605075074359775e-02 6.262879888527095318e-02
1.108477282105013728e-02 5.884935730136930943e-02
1.044367958093062043e-02 5.802388128358870745e-02
1.200419111410155892e-02 6.022789760027080774e-02
1.257897773757576942e-02 6.019775135973759461e-02
1.454514544457197189e-02 5.629536378728516866e-02
1.479298752383328974e-02 5.933594572888978291e-02
1.478986960501060821e-02 5.977347720363468397e-02
1.617381192409084179e-02 5.624414439262181986e-02
1.578756072922260500e-02 5.867514008605212439e-02
1.742457005093456246e-02 5.459938052990764845e-02
1.998611644739867188e-02 5.482771876449987758e-02
1.884864294333965518e-02 5.469119671215594281e-02
1.842223311905399896e-02 5.791601777491450775e-02
2.001992840450839140e-02 6.005545502011955250e-02
1.975285131265991367e-02 5.888685776335478295e-02
1.978797871197457425e-02 5.547645414662838448e-02
1.986533361559850164e-02 5.136998609123111237e-02
2.276962953692418523e-02 5.596319638607383240e-02
2.034940621888381429e-02 5.171394866374612320e-02
2.079739830878679641e-02 5.758800875810266007e-02
1.947730862957541831e-02 5.466382933263957966e-02
2.036296927326475270e-02 4.987907438953698147e-02
2.015115165340830572e-02 5.741522071366489399e-02
1.957887791286339052e-02 5.392290960480750073e-02
1.878971841142629273e-02 5.498988280487537850e-02
1.805601980959181674e-02 5.914773472068191040e-02
1.722673625408788212e-02 5.690094601777673233e-02
1.686328680443693884e-02 5.618952406985044945e-02
1.654984148990479298e-02 5.782521254332095850e-02
1.597690080598113127e-02 5.463946348936588038e-02
1.427749787762877531e-02 6.070095551149279345e-02
1.152132019706186838e-02 5.728937470303208102e-02
1.199979528973926790e-02 5.737721764489833731e-02
1.193176373999449424e-02 6.155094209134404082e-02
1.022024919438990764e-02 6.108247880365524907e-02
1.116999676378327422e-02 6.098839585501991678e-02
1.154692699128645472e-02 5.997435099743597675e-02
1.035218529796111397e-02 5.817400352862023283e-02
1.012732558228890412e-02 6.175022726711176801e-02
