5.447668120406244999e-03 4.985150430539296573e-02
0.000000000000000000e+00 0.000000000000000000e+00
4.354505334049463272e-03 9.879862889647483826e-03
8.861996699124574661e-03 1.979560311883687973e-02
1.140757510438561440e-02 2.964743413031101227e-02
1.526654185727238655e-02 3.950604703277349472e-02
1.708155812229961157e-02 4.932848736643791199e-02
1.895891013555228710e-02 5.776772741228342056e-02
1.605027494952082634e-02 5.804598811664618552e-02
1.400252874009311199e-02 5.731013420154340565e-02
1.434844906907528639e-02 6.090148331713862717e-02
1.416656310902908444e-02 5.948195108794607222e-02
1.479422743432223797e-02 5.736985584371723235e-02
1.334338309243321419e-02 5.966810361132957041e-02
1.168712321668863297e-02 6.132614510715939105e-02
1.196463170344941318e-02 6.071532986243255436e-02
1.156079475185833871e-02 6.046006939141079783e-02
1.268300713854841888e-02 6.370442890329286456e-02
1.295277298777364194e-02 6.142016913508996367e-02
1.331458866479806602e-02 5.999748612521216273e-02
1.243907216121442616e-02 6.057933118427172303e-02
1.152941348846070468e-02 6.094464566558599472e-02
1.104579571983776987e-02 6.037839798955246806e-02
1.023573047132231295e-02 6.153996608918532729e-02
9.260799357434734702e-03 5.888694798341020942e-02
9.106026962399482727e-03 5.959396512480452657e-02
1.212593796662986279e-02 6.025313644204288721e-02
9.276404511183500290e-03 5.978781668818555772e-02
1.088530430570244789e-02 6.167275397456251085e-02
1.055393824935890734e-02 6.014108864474110305e-02
1.095698008430190384e-02 6.260277700494043529e-02
8.912789431633427739e-03 5.844108897144906223e-02
1.042263818089850247e-02 6.198720281827263534e-02
1.003469599527306855e-02 6.213768666202668101e-02
9.054099471541121602e-03 6.300703466695267707e-02
6.681727274553850293e-03 6.511949242849368602e-02
6.481214280938729644e-03 6.378488063637632877e-02
7.513061253121122718e-03 5.963064597744960338e-02
8.005082112504169345e-03 6.273198647249955684e-02
6.907866074470803142e-03 6.634208590548951179e-02
6.247226701816543937e-03 6.482732151926029474e-02
7.657826616195961833e-03 6.657387824088800699e-02
8.359702274901792407e-03 6.138459542125929147e-02
6.562175782164558768e-03 5.855572219297755510e-02
5.827087239595130086e-03 6.036089530971366912e-02
5.906044316361658275e-03 5.560135126870591193e-02
6.743005578755401075e-03 6.366872259241063148e-02
5.794387529022060335e-03 6.268139668100047857e-02
4.143582060351036489e-03 6.371038146608043462e-02
6.158571792184375226e-03 6.373600073311536107e-02
6.786478086723946035e-03 6.214745592478720937e-02
