2.751923357648114552e-03 4.996212741750563624e-02
0.000000000000000000e+00 0.000000000000000000e+00
5.981929134577512741e-03 9.984001517295837402e-03
1.108169881626963615e-02 1.984352990984916687e-02
1.494477828964591026e-02 2.960007824003696442e-02
1.792504265904426575e-02 3.956489916890859604e-02
2.018480608239769936e-02 4.922568146139383316e-02
1.941136788809671998e-02 5.704438965767621994e-02
1.634145696880295873e-02 5.790583410998806357e-02
1.440036803251132369e-02 5.511894979281350970e-02
1.163920428371056914e-02 5.654725938802585006e-02
1.022847328567877412e-02 5.859220161801204085e-02
8.937899779994040728e-03 5.618392367614433169e-02
8.299105509649962187e-03 5.401541612809523940e-02
7.578093791380524635e-03 6.330350268399342895e-02
6.092115421779453754e-03 5.941373755922541022e-02
8.121909922920167446e-03 6.151770515134558082e-02
6.852924125269055367e-03 5.804298858856782317e-02
6.938004982657730579e-03 5.995272257132455707e-02
7.066985854180529714e-03 6.315670110052451491e-02
6.807328958529978991e-03 6.071347341639921069e-02
6.315127538982778788e-03 5.706093850312754512e-02
7.641479896847158670e-03 6.157179147703573108e-02
5.756345984991639853e-03 5.685856629861518741e-02
7.198793871793895960e-03 6.308429519413039088e-02
7.258034926053369418e-03 5.572110245702788234e-02
8.240302708145463839e-03 6.202894746093079448e-02
7.032860452454769984e-03 5.879679688951000571e-02
5.643610875267768279e-03 6.507273571332916617e-02
4.002253324870252982e-03 6.220749526983126998e-02
5.606513503153109923e-03 5.982358491746708751e-02
5.160415053978795186e-03 5.600846390007063746e-02
4.595119247824186459e-03 5.832816095789894462e-02
3.447768602200085297e-03 6.229257065569981933e-02
4.185794477962190285e-03 6.186858733417466283e-02
4.570451859763124958e-03 6.279617146356031299e-02
5.230669867160031572e-03 6.044465390732511878e-02
4.325494057411560789e-03 5.919595394516363740e-02
4.957678789651254192e-03 6.306328211212530732e-02
4.779284474352607504e-03 5.630309559637680650e-02
5.129896864673355594e-03 6.143477145815268159e-02
6.504333407065132633e-03 6.333147938130423427e-02
5.724757098505506292e-03 5.591173347784206271e-02
5.513385320227826014e-03 6.501520395977422595e-02
6.052832384739303961e-03 6.088583002565428615e-02
5.379653393902117386e-03 5.430026509566232562e-02
5.406330048572272062e-03 6.168964941753074527e-02
6.208223523572087288e-03 5.885723623214289546e-02
5.731161072617396712e-03 5.899793538264930248e-02
8.837021974613890052e-03 5.707248486578464508e-02
9.066243554116226733e-03 5.397437978535890579e-02
