2.465265517994333355e-02 4.691360375395610405e-02
0.000000000000000000e+00 0.000000000000000000e+00
7.807857822626829147e-03 9.142220020294189453e-03
1.557279098778963089e-02 1.902416441589593887e-02
2.271103812381625175e-02 2.875693049281835556e-02
2.773910248652100563e-02 3.825218137353658676e-02
3.128249477595090866e-02 4.317940166220068932e-02
2.841267175972461700e-02 4.526220378465950489e-02
3.031272359658032656e-02 4.477279481943696737e-02
2.981480606831610203e-02 4.770043666940182447e-02
2.775300643406808376e-02 4.733817634405568242e-02
2.460929658263921738e-02 4.492111509898677468e-02
2.473350669606588781e-02 4.638207383686676621e-02
2.569862271775491536e-02 4.481052589835599065e-02
2.520425643888302147e-02 4.506609390955418348e-02
2.454527284135110676e-02 4.616214695852249861e-02
2.475558783044107258e-02 4.815604386385530233e-02
2.621092941262759268e-02 4.625555453822016716e-02
2.693170451675541699e-02 4.304105998016893864e-02
2.578369519324041903e-02 4.005032894201576710e-02
2.902055406593717635e-02 4.649685719050467014e-02
2.790416384232230484e-02 4.716618038946762681e-02
2.798738384444732219e-02 4.613693273859098554e-02
2.976048372511286288e-02 4.518842737888917327e-02
3.017014167562592775e-02 4.838692111661657691e-02
2.904460330319125205e-02 4.973624862032011151e-02
3.097457306284923106e-02 4.962033487390726805e-02
3.021216411434579641e-02 4.876109637552872300e-02
3.165436636481899768e-02 4.679880297044292092e-02
2.988161037501413375e-02 4.298146889777854085e-02
3.049675411602947861e-02 4.365114850224927068e-02
2.905893455317709595e-02 4.450804990483447909e-02
3.070839053543750197e-02 4.473501842585392296e-02
2.965460067207459360e-02 4.645518460893072188e-02
2.742833808588329703e-02 4.269786519580520689e-02
2.857885429693851620e-02 4.222171171568334103e-02
2.949026531132403761e-02 4.240790112817194313e-02
2.791194502788130194e-02 4.581242530548479408e-02
2.539516823890153319e-02 4.424235199985560030e-02
2.709134588076267391e-02 4.659866656584199518e-02
2.725655445829033852e-02 4.474378911254461855e-02
2.711236188770271838e-02 4.363477799051906914e-02
2.668172609992325306e-02 4.426348301058169454e-02
2.963087451644241810e-02 4.802749001828487962e-02
2.838230924680829048e-02 4.520796028373297304e-02
2.552360389381647110e-02 4.688604919647332281e-02
2.720691298600286245e-02 4.637004765390884131e-02
2.713858996867202222e-02 4.815293096180539578e-02
2.812112841638736427e-02 4.543251304130535573e-02
3.017108116182498634e-02 4.490386635006871074e-02
3.054022105061449111e-02 4.494617253294563852e-02
