4.105881845864641638e-02 4.118208939687616199e-02
0.000000000000000000e+00 0.000000000000000000e+00
9.634661488234996796e-03 7.995426654815673828e-03
1.931109372526407242e-02 1.506161456927657127e-02
2.856674324721097946e-02 2.315072296187281609e-02
3.392962086945772171e-02 2.856599306687712669e-02
3.342092147795483470e-02 2.968114940449595451e-02
3.566206566756591201e-02 3.303978638723492622e-02
4.014715080847963691e-02 3.154428384732455015e-02
3.536665200954303145e-02 3.817599674221128225e-02
3.307817335007712245e-02 3.382615966256707907e-02
3.275697823846712708e-02 3.346613509347662330e-02
3.373273485340178013e-02 3.788306558271870017e-02
3.790364856831729412e-02 3.355145169189199805e-02
3.268763259984552860e-02 3.737389756133779883e-02
3.729121875949203968e-02 3.631371812662109733e-02
3.357676952145993710e-02 3.539779980201274157e-02
3.847059817053377628e-02 3.625085070962086320e-02
3.759674698812887073e-02 3.338160231942310929e-02
3.697964042657986283e-02 3.840691136429086328e-02
3.471350466134026647e-02 3.648322698427364230e-02
3.745793976122513413e-02 3.442618617555126548e-02
3.358465485507622361e-02 3.718682419275864959e-02
3.550348087446764112e-02 3.445332538103684783e-02
3.366103762527927756e-02 3.529715427430346608e-02
3.794660553103312850e-02 3.512752482492942363e-02
3.195088676875457168e-02 3.424274393182713538e-02
3.295088460436090827e-02 3.560166301031131297e-02
3.672517224913462996e-02 3.307993950147647411e-02
3.140314895426854491e-02 3.557472636748570949e-02
3.697770176222547889e-02 3.339131882239598781e-02
3.601819515461102128e-02 3.611999803979415447e-02
3.882022976176813245e-02 3.335985711601097137e-02
3.523131372639909387e-02 3.984985391434747726e-02
3.678389900596812367e-02 3.542838974681217223e-02
3.745982638793066144e-02 3.615922971221152693e-02
3.546270477818325162e-02 3.301896505581680685e-02
3.633121954044327140e-02 2.819129290583077818e-02
3.836729744216427207e-02 3.707292328181210905e-02
3.636980633018538356e-02 3.375229077937547117e-02
4.193733324063941836e-02 3.214247782307211310e-02
3.653467138065025210e-02 3.671795806440059096e-02
3.693665820173919201e-02 3.792724445520434529e-02
3.294151346199214458e-02 3.179262498451862484e-02
3.036228218115866184e-02 3.108231468650046736e-02
3.825310920365154743e-02 2.927022743097040802e-02
4.033779702149331570e-02 2.723046125902328640e-02
3.450802830047905445e-02 3.361841024889145046e-02
4.173087864182889462e-02 3.323561731667723507e-02
3.600176726467907429e-02 3.395290554908569902e-02
3.593334828474326059e-02 3.288998430070932955e-02
