2.459173501718855612e-02 4.692908009903107303e-02
0.000000000000000000e+00 0.000000000000000000e+00
9.405680932104587555e-03 9.929682128131389618e-03
1.889015082269906998e-02 1.913262251764535904e-02
2.687881328165531158e-02 2.818537130951881409e-02
3.132753958925604820e-02 3.579214820638298988e-02
3.697814559563994408e-02 3.852203721180558205e-02
3.500970220193266869e-02 4.501390922814607620e-02
3.253105864860117435e-02 4.610875947400927544e-02
3.187463269568979740e-02 4.747513507027179003e-02
2.987228264100849628e-02 4.735167419130448252e-02
2.858603768981993198e-02 4.482030497456435114e-02
3.237521927803754807e-02 4.952878553012851626e-02
2.614675415679812431e-02 4.968862372334115207e-02
2.789590484462678432e-02 4.375096221338026226e-02
2.516202931292355061e-02 4.877841376583091915e-02
2.887856471352279186e-02 4.540673640440218151e-02
3.199469670653343201e-02 4.709731365437619388e-02
2.918191300705075264e-02 4.497715501929633319e-02
2.392551768571138382e-02 4.259946264210157096e-02
3.120277961716055870e-02 4.914752367767505348e-02
2.467079786583781242e-02 4.318902755039744079e-02
2.664064313285052776e-02 4.583308353903703392e-02
2.561601367779076099e-02 4.719705713796429336e-02
2.653976168949157000e-02 4.292880670982412994e-02
2.570986596401780844e-02 4.510927337105385959e-02
2.487085253233090043e-02 4.222541718627326190e-02
2.523803024087101221e-02 4.357386493938975036e-02
2.907045499887317419e-02 4.286148035316728055e-02
2.428057685028761625e-02 3.839715672074817121e-02
3.040765027981251478e-02 4.521346287219785154e-02
2.485442801844328642e-02 4.731569354771636426e-02
2.305407100357115269e-02 3.958886591135524213e-02
2.841717773117125034e-02 4.282490801415406168e-02
2.342297625727951527e-02 4.206778001389466226e-02
2.090952591970562935e-02 4.585160440183244646e-02
2.214128570631146431e-02 4.120486913598142564e-02
2.694985829293727875e-02 4.202292973059229553e-02
3.046574071049690247e-02 4.302087353426031768e-02
2.850400656461715698e-02 4.344901963486336172e-02
2.536673285067081451e-02 4.492290536290965974e-02
2.492589689791202545e-02 4.500884810840943828e-02
3.142400458455085754e-02 4.368731778959045187e-02
3.002875705715268850e-02 4.780038985336432233e-02
2.785253187175840139e-02 4.300021313974866644e-02
3.274707065429538488e-02 4.827723399648675695e-02
2.808498207014054060e-02 4.760473626811290160e-02
2.679579262621700764e-02 4.434072747972095385e-02
2.941895253024995327e-02 4.666552562412107363e-02
3.357643471099436283e-02 4.704771418619202450e-02
2.778507885523140430e-02 4.269687919440912083e-02
