2.464936693380563940e-02 4.691444015090119601e-02
0.000000000000000000e+00 0.000000000000000000e+00
9.736440144479274750e-03 9.888097643852233887e-03
1.756635867059230804e-02 1.946752332150936127e-02
2.549724001437425613e-02 2.899979613721370697e-02
2.333363611251115799e-02 3.699992410838603973e-02
2.996931597590446472e-02 3.331776498816907406e-02
2.839812391903251410e-02 4.091344797052443027e-02
2.721040241885930300e-02 4.302781540900468826e-02
2.671559446025639772e-02 4.194724105764180422e-02
2.952554810326546431e-02 4.343451280146837234e-02
2.877621701918542385e-02 4.376897949259728193e-02
2.620855858549475670e-02 4.244816617574542761e-02
2.507140091620385647e-02 4.034673643764108419e-02
2.772104437462985516e-02 4.225828836206346750e-02
2.485336014069616795e-02 4.185588908148929477e-02
2.785432757809758186e-02 4.757855710340663791e-02
2.224854286760091782e-02 4.783949430566281080e-02
2.229489143792307004e-02 4.585095949005335569e-02
2.303396994102513418e-02 4.354590305592864752e-02
2.138352990004932508e-02 4.079488536808639765e-02
2.583987815160071477e-02 4.427598963957279921e-02
2.257222533080494031e-02 4.516932019032537937e-02
2.565169208537554368e-02 4.281395510770380497e-02
2.616165510698920116e-02 4.706613509915769100e-02
2.152501444652443752e-02 4.458036227151751518e-02
2.217763879889389500e-02 4.367420001653954387e-02
2.475643608340760693e-02 4.122173896757885814e-02
2.527604312490439042e-02 4.677803505910560489e-02
2.445321654522558674e-02 4.138967179460451007e-02
2.733721708500524983e-02 4.175046583986841142e-02
2.484290472784778103e-02 4.235726615297608078e-02
2.604431504005333409e-02 4.140827441005967557e-02
2.370908678130945191e-02 4.030783972120843828e-02
2.535140929830959067e-02 4.554292731336317956e-02
2.552002129232278094e-02 4.372531405533663929e-02
2.565755543037084863e-02 3.801350059802643955e-02
2.259264059102861211e-02 4.435685227508656681e-02
2.048809371626703069e-02 4.477566073182970285e-02
2.288215478620259091e-02 4.087664035614579916e-02
2.409831480326829478e-02 4.105541613535024226e-02
2.847524824755964801e-02 4.255294232279993594e-02
2.394216553511796519e-02 4.753957400680519640e-02
2.742720604146597907e-02 4.334871601895429194e-02
2.192787429521558806e-02 4.111526036285795271e-02
2.176378748117713258e-02 4.113207721638900694e-02
2.503224147221772000e-02 4.311530256200057920e-02
2.561713824252365157e-02 4.316522383487608749e-02
2.717858913092641160e-02 4.170662367141630966e-02
2.264378812833456323e-02 3.854468853569414932e-02
2.753810292779235169e-02 3.953861507943656761e-02
