2.506659690844280711e-02 4.680736397314848307e-02
0.000000000000000000e+00 0.000000000000000000e+00
8.232879452407360077e-03 9.918039664626121521e-03
1.480543566867709160e-02 1.983909867703914642e-02
2.000615792348980904e-02 2.924436610192060471e-02
2.501265238970518112e-02 3.811128437519073486e-02
2.268733945675194263e-02 4.024493508040904999e-02
2.098413137719035149e-02 4.350282484665513039e-02
1.896421215496957302e-02 4.100533598102629185e-02
2.222275617532432079e-02 4.602316464297473431e-02
2.176173930638469756e-02 4.268673271872103214e-02
1.894704360165633261e-02 3.858882864005863667e-02
2.012317549088038504e-02 4.247985314577817917e-02
2.198969494202174246e-02 4.356489842757582664e-02
2.078388110385276377e-02 4.239214910194277763e-02
2.263755924650467932e-02 4.440305591560900211e-02
2.253463573288172483e-02 4.174778121523559093e-02
2.210501203080639243e-02 4.034781234804540873e-02
2.137417328776791692e-02 4.244237078819423914e-02
2.221205958630889654e-02 4.274256958160549402e-02
2.199144729820545763e-02 4.111906432081013918e-02
2.241448410495650023e-02 4.091075324686244130e-02
2.478683720983099192e-02 4.084179842175217345e-02
2.450671802216675133e-02 4.477110564039321616e-02
2.747410173469688743e-02 4.219369067141087726e-02
2.640488916949834675e-02 4.094553192408056930e-02
2.642328673937299754e-02 4.014262877899454907e-02
2.609220796693989541e-02 4.089359124918701127e-02
2.504389346540847328e-02 4.428461869974853471e-02
2.441918253862240817e-02 4.071084829774918035e-02
2.609001155906298663e-02 4.000790866120951250e-02
2.651782270368130412e-02 4.188843043084489182e-02
2.693031187482120004e-02 4.244070919958176091e-02
2.308163996167422738e-02 3.817160055768908933e-02
2.477623330742062535e-02 3.885407490452053025e-02
2.365390229351760354e-02 3.421284841169836000e-02
2.179526555664779153e-02 3.865279607271077111e-02
2.162324595519748982e-02 3.995067044888855889e-02
2.465006038801220711e-02 4.143933696468593553e-02
2.404353306883422192e-02 4.132200522144557908e-02
2.436459468117391225e-02 4.107013924658531323e-02
2.506218957387318369e-02 4.158547861879924312e-02
2.560248780901019927e-02 3.995459006546298042e-02
2.896000301370804664e-02 4.472701709164539352e-02
2.835023795159941074e-02 4.377340063365409151e-02
2.630557814518397208e-02 3.905574375676224008e-02
2.888456728214805480e-02 4.021460589865455404e-02
2.896068717927846592e-02 3.648164685728261247e-02
3.152992397190246265e-02 3.844409160228678957e-02
2.758826043100270908e-02 3.672082178673008457e-02
2.906392242402944248e-02 3.730505935527617112e-02
