2.321925055584449227e-02 4.726698516775831860e-02
0.000000000000000000e+00 0.000000000000000000e+00
7.824844680726528168e-03 9.506081230938434601e-03
1.572427060455083847e-02 1.872156746685504913e-02
2.308862097561359406e-02 2.826054953038692474e-02
3.063445212319493294e-02 3.709693066775798798e-02
3.425216069445014000e-02 4.290799004957079887e-02
3.293884207960218191e-02 4.505694610998034477e-02
3.179263230413198471e-02 4.406293376814574003e-02
3.081329818814992905e-02 4.262678674422204494e-02
3.090242978214519098e-02 4.449839156586676836e-02
3.047564742882968858e-02 4.329012264497578144e-02
2.919797960930736735e-02 4.086046572774648666e-02
2.934804980031913146e-02 4.195311653893440962e-02
3.132244411244755611e-02 4.334521398413926363e-02
3.131701532174702152e-02 4.252075776457786560e-02
3.311728421022053226e-02 4.109427856747061014e-02
3.294376197800374939e-02 4.038848268100991845e-02
3.298014107485869317e-02 4.150104388827458024e-02
3.303327027015257045e-02 4.195875389268621802e-02
3.351449907995629474e-02 4.150714262505061924e-02
3.348002017946782871e-02 4.314203004469163716e-02
3.067492617765310570e-02 4.328299502958543599e-02
3.150113357469308539e-02 4.372206787229515612e-02
3.230613126424941584e-02 4.465322589385323226e-02
2.815619838429483934e-02 4.254818541812710464e-02
3.021688462240490480e-02 3.931341992574743927e-02
3.214248182257506414e-02 4.357802469166927040e-02
3.160304727271068259e-02 4.407281594467349350e-02
2.940513740531969233e-02 4.158599328366108239e-02
3.120888839248436852e-02 4.240665145334787667e-02
2.981210360076147481e-02 4.358890236471779644e-02
2.859003259573000832e-02 4.154688611743040383e-02
3.041253157198298140e-02 4.151036277471575886e-02
3.025039919657501741e-02 4.301925913023296744e-02
2.951303135841953917e-02 4.214818259060848504e-02
3.022525441838297411e-02 4.428565032139886171e-02
2.988765432155560120e-02 4.234226183325517923e-02
2.920948582823257311e-02 4.435270973772276193e-02
3.039843271608333453e-02 4.366833636595401913e-02
3.042960475204381510e-02 3.993545718549285084e-02
3.201757377019021078e-02 3.759774881473276764e-02
3.366939729085061117e-02 4.238812382391188294e-02
3.274989675037431880e-02 4.136520264728460461e-02
3.284210274932775064e-02 4.170811649237293750e-02
3.191614523302632733e-02 4.177719350263942033e-02
3.130108432151246234e-02 4.545010552101302892e-02
3.356682730145621463e-02 4.395724945061374456e-02
3.095265000365543528e-02 4.536461278621573001e-02
3.062828987958710059e-02 4.575483842927496880e-02
3.184557167469392880e-02 4.403709217149298638e-02
