2.529419664452380381e-02 4.674814528510694289e-02
0.000000000000000000e+00 0.000000000000000000e+00
7.964938879013061523e-03 9.814615361392498016e-03
1.375076267868280411e-02 1.973441336303949356e-02
2.130719274282455444e-02 2.922329865396022797e-02
2.769562555477023125e-02 3.674374148249626160e-02
3.036468569189310074e-02 4.468773491680622101e-02
2.902888122480362654e-02 4.316425987053662539e-02
2.768896939232945442e-02 4.497311892919242382e-02
2.766900183632969856e-02 4.428095585899427533e-02
2.545961155556142330e-02 4.135202529141679406e-02
2.706544287502765656e-02 4.186811449471861124e-02
2.632054575951769948e-02 4.018499620724469423e-02
2.735258470056578517e-02 4.407455807086080313e-02
2.728039394423831254e-02 4.015560529660433531e-02
2.655303607753012329e-02 4.102027555927634239e-02
2.771782643685583025e-02 4.042407713131979108e-02
2.659790766483638436e-02 4.231681657256558537e-02
2.338292369677219540e-02 4.181131435325369239e-02
2.673304094059858471e-02 4.613307438557967544e-02
2.674634469713055296e-02 4.487601126311346889e-02
2.466694073791586561e-02 4.127253865590319037e-02
2.604233095462404890e-02 3.894690860761329532e-02
3.051509097258531256e-02 4.201870894758030772e-02
2.849575964773976011e-02 3.899077506503090262e-02
2.889353124464832945e-02 4.030190192861482501e-02
3.062935074831329985e-02 3.988674725405871868e-02
3.145983536069252295e-02 3.894062369363382459e-02
2.998800354816921754e-02 3.972472157329320908e-02
2.920687455025472445e-02 4.331427998840808868e-02
2.724709781159617705e-02 3.968228050507605076e-02
2.649027144343563123e-02 4.307846957817673683e-02
2.876118815311201615e-02 4.203025402966886759e-02
2.683226799399562879e-02 4.258871736237779260e-02
2.915970178128191037e-02 4.142869840143248439e-02
2.971864788833045168e-02 3.861019638134166598e-02
3.049772110807680292e-02 4.224949370836839080e-02
2.864479093386762543e-02 4.130575072485953569e-02
2.861169724474166287e-02 4.217689402867108583e-02
2.768412563000310911e-02 4.394968273118138313e-02
2.556472928245057119e-02 3.945997497066855431e-02
2.810201076772500528e-02 4.209139128215610981e-02
2.688257901445467724e-02 4.059495357796549797e-02
3.054841367975313915e-02 4.165277502033859491e-02
2.778437354118068470e-02 3.982256620656698942e-02
2.611165859252650989e-02 4.119529691524803638e-02
2.960295758657593979e-02 4.514564597047865391e-02
2.847929978725005640e-02 4.359755129553377628e-02
2.675782474670995725e-02 4.021577397361397743e-02
2.834609178808022989e-02 4.213231476023793221e-02
2.664042268861521734e-02 4.504165309481322765e-02
