2.481963473037525694e-02 4.687097466140592583e-02
0.000000000000000000e+00 0.000000000000000000e+00
9.414557367563247681e-03 9.399299509823322296e-03
1.294421683996915817e-02 1.854009088128805161e-02
1.500420924276113510e-02 2.796482201665639877e-02
2.247999515384435654e-02 3.697695583105087280e-02
1.836153725162148476e-02 4.526558611541986465e-02
1.948203064966946840e-02 4.554853175068274140e-02
2.200058067683130503e-02 4.564059589029056951e-02
2.174558723345398903e-02 4.644316527264891192e-02
2.363591152243316174e-02 4.310257778706727549e-02
2.154572936706244946e-02 4.261565492925001308e-02
2.117263051331974566e-02 4.581585694540990517e-02
1.916914261528290808e-02 4.687644523073686287e-02
1.982561268960125744e-02 4.516527760279132053e-02
2.434760707546956837e-02 4.367389674735022709e-02
2.424314636300550774e-02 4.705844638374401256e-02
2.061816486093448475e-02 4.406380425643874332e-02
2.174071101035224274e-02 4.080050490301800892e-02
1.945717837224947289e-02 4.050963604095159099e-02
2.436025272618280724e-02 3.800591429899213836e-02
2.537480841419892386e-02 4.581664525176165625e-02
2.212004253669874743e-02 4.212624392675934359e-02
2.099124616506742314e-02 4.010291536542354152e-02
2.847587032738374546e-02 4.547565289976773784e-02
2.615965245786355808e-02 4.781917877699015662e-02
2.148660313832806423e-02 4.659027046727715060e-02
2.462860820378409699e-02 4.606806404626695439e-02
2.174885938438819721e-02 4.037250263354508206e-02
2.667522611591266468e-02 4.492948494589654729e-02
2.460665110993431881e-02 4.878112987353233621e-02
2.409383300255285576e-02 4.777709440531907603e-02
2.142624156113015488e-02 4.204228799062548205e-02
2.899150615121470764e-02 4.494518785941181704e-02
2.397499996732221916e-02 4.678180009796051309e-02
2.288163797493325546e-02 4.660214276373153552e-02
2.280504004738759249e-02 4.351793138630455360e-02
2.564921630255412310e-02 4.084776018135016784e-02
1.915635429031681269e-02 3.858165119163459167e-02
2.545930193446110934e-02 4.114815804496174678e-02
2.329068123071920127e-02 4.869117566704517230e-02
2.031967932998668402e-02 4.828238437039544806e-02
2.158390339172910899e-02 4.633059220941504464e-02
2.374664232775103301e-02 4.585812647565035149e-02
1.789978104352485389e-02 4.277222009113756940e-02
2.106263586028944701e-02 4.473944880737690255e-02
2.229666411585640162e-02 4.666091896797297522e-02
1.993045517883729190e-02 4.256129427085397765e-02
2.525404402695130557e-02 4.309753223060397431e-02
2.076967600442003459e-02 3.920365974045125768e-02
2.019033498072531074e-02 4.177640109992353246e-02
