2.215217021399038325e-02 4.751554417020087406e-02
0.000000000000000000e+00 0.000000000000000000e+00
7.885499857366085052e-03 9.947888553142547607e-03
1.723716780543327332e-02 1.953518111258745193e-02
2.532573975622653961e-02 2.882301714271306992e-02
3.419117722660303116e-02 3.654610505327582359e-02
2.852748939767479897e-02 4.314943403005599976e-02
3.094278881326317787e-02 4.661721200682222843e-02
2.794853830710053444e-02 4.371420247480273247e-02
3.220982663333415985e-02 4.617480607703328133e-02
3.063775296323001385e-02 4.393475875258445740e-02
2.902343752793967724e-02 4.683958273380994797e-02
2.693201671354472637e-02 4.394819075241684914e-02
2.863432292360812426e-02 4.622117336839437485e-02
2.514287491794675589e-02 4.589312072494067252e-02
2.217331191059201956e-02 4.984625070937909186e-02
2.453852060716599226e-02 4.452395081170834601e-02
2.319386252202093601e-02 4.708732609287835658e-02
2.619374520145356655e-02 4.560416706954129040e-02
2.320093056187033653e-02 4.602078921743668616e-02
2.875246293842792511e-02 4.605146653557312675e-02
2.462946437299251556e-02 4.247705724628758617e-02
2.104408526793122292e-02 4.764927171709132381e-02
1.913885679095983505e-02 4.201571543308091350e-02
2.452458208426833153e-02 4.765467944162082858e-02
2.014290029183030128e-02 4.618715592732769437e-02
2.203722647391259670e-02 4.477890201451373287e-02
2.540772594511508942e-02 4.420697699606535025e-02
2.847154298797249794e-02 4.325574769245577045e-02
2.609375165775418282e-02 4.762812510671210475e-02
2.551365422550588846e-02 4.557833394574117847e-02
2.138087863568216562e-02 4.192740300277364440e-02
2.361062762793153524e-02 4.746976092064869590e-02
2.379387614200823009e-02 4.735074832933605649e-02
2.582808953593485057e-02 4.594914697008789517e-02
2.710710986866615713e-02 4.526762810201034881e-02
2.690025552874431014e-02 5.053692643195972778e-02
2.356963854981586337e-02 4.733305710033164360e-02
2.338974757003597915e-02 4.670143267503590323e-02
2.611001298646442592e-02 4.722535750261158682e-02
2.590065107506234199e-02 4.758502621916704811e-02
2.718846064817626029e-02 4.487427449566894211e-02
2.171046177682001144e-02 4.365740993307554163e-02
2.230982937908265740e-02 4.477950427462928928e-02
2.420821822306606919e-02 4.202739926768117584e-02
2.722761187760625035e-02 4.443539478597813286e-02
2.734414014412323013e-02 4.726822706652455963e-02
2.287865794642129913e-02 4.608021650710725226e-02
2.672908097883919254e-02 4.467507099980139174e-02
2.764316587854409590e-02 4.436703538885922171e-02
2.736793368967482820e-02 4.265675589340389706e-02
