2.677000246226531044e-03 4.996416192657097965e-02
0.000000000000000000e+00 0.000000000000000000e+00
7.746945600956678391e-03 9.901966899633407593e-03
1.278749108314514160e-02 1.967546436935663223e-02
1.861807703971862793e-02 2.963302284479141235e-02
2.373880846425890923e-02 3.944832645356655121e-02
2.510757779236882925e-02 4.877333901822566986e-02
2.009093982633203268e-02 5.512086860835552216e-02
1.661567611154168844e-02 5.258173705078661442e-02
1.730581565061584115e-02 5.905857658945024014e-02
1.742240710154874250e-02 5.656242044642567635e-02
1.692109746363712475e-02 5.055909417569637299e-02
1.884228508424712345e-02 5.812530545517802238e-02
1.520816614356590435e-02 5.550723336637020111e-02
1.246062927384627983e-02 6.208612443879246712e-02
1.230020337243331596e-02 5.792937893420457840e-02
1.185250514390645549e-02 5.189126869663596153e-02
1.556375482323346660e-02 5.368048441596329212e-02
1.156420213374076411e-02 5.918449885211884975e-02
9.288160588766913861e-03 5.432837619446218014e-02
1.052837946190265939e-02 5.805471539497375488e-02
1.229806394985644147e-02 5.557276727631688118e-02
7.141878937545698136e-03 5.723989009857177734e-02
1.002609507850138471e-02 6.254214048385620117e-02
9.057024893991183490e-03 5.927382130175828934e-02
8.261709990620147437e-03 5.537846474908292294e-02
8.927279261115472764e-03 5.003576655872166157e-02
8.312099722388666123e-03 5.846641049720346928e-02
6.565673502336721867e-03 5.722236621659249067e-02
1.004817731882212684e-02 5.879487260244786739e-02
9.200103399052750319e-03 5.324623291380703449e-02
9.088509199500549585e-03 6.213754811324179173e-02
6.411714195564854890e-03 5.419116397388279438e-02
5.393055333115626127e-03 6.057846895419061184e-02
4.859319604292977601e-03 5.686477175913751125e-02
8.285259777039755136e-03 5.724052063305862248e-02
7.859466255467850715e-03 6.554218384553678334e-02
7.539939462731126696e-03 6.074963652645237744e-02
8.574248153308872133e-03 6.201203903765417635e-02
8.114118194498587400e-03 5.865194290527142584e-02
8.179492564522661269e-03 6.175432159216143191e-02
8.437558033620007336e-03 5.979769179248251021e-02
9.956088804756291211e-03 6.349897329346276820e-02
1.011353328067343682e-02 6.088233893387950957e-02
9.304807332227937877e-03 6.575686173164285719e-02
1.006034981401171535e-02 6.028397302725352347e-02
9.199253443512134254e-03 5.983084542094729841e-02
8.158720840583555400e-03 6.028442364186048508e-02
9.210564006934873760e-03 5.605962965637445450e-02
8.412392853642813861e-03 6.124430848285555840e-02
8.153343907906673849e-03 5.914758821018040180e-02
