4.298808094740926705e-02 4.028856459407796631e-02
0.000000000000000000e+00 0.000000000000000000e+00
9.169443510472774506e-03 9.004018269479274750e-03
1.803878508508205414e-02 1.770381629467010498e-02
2.478118147701025009e-02 2.525284094735980034e-02
3.296230547130107880e-02 2.652867836877703667e-02
3.787730680778622627e-02 2.633242591400630772e-02
3.992081386968493462e-02 3.183525524218566716e-02
3.755452623590826988e-02 3.338206969783641398e-02
3.990103118121623993e-02 3.239234295324422419e-02
3.934621624648571014e-02 2.999162409105338156e-02
4.240963258780539036e-02 2.960435423301532865e-02
4.122177464887499809e-02 3.797614324139431119e-02
3.907558182254433632e-02 3.395183692919090390e-02
3.862033286713995039e-02 3.301684214966371655e-02
3.978890334838069975e-02 2.912448375718668103e-02
4.077879819669760764e-02 3.111251309746876359e-02
3.954273861018009484e-02 3.439484426053240895e-02
3.984489839058369398e-02 3.566263738321140409e-02
3.674198978114873171e-02 3.726565901888534427e-02
4.063765879254788160e-02 3.268414473859593272e-02
4.198479291517287493e-02 2.967354393331333995e-02
3.872180997859686613e-02 3.617481532273814082e-02
4.015328816603869200e-02 3.668637335067614913e-02
4.264446545857936144e-02 3.298669535433873534e-02
3.647464571986347437e-02 3.923974692588672042e-02
4.296582483220845461e-02 3.743657172890380025e-02
3.780510101933032274e-02 3.478153055766597390e-02
3.853113920195028186e-02 3.553970879875123501e-02
3.901754290563985705e-02 3.035025321878492832e-02
3.507791570154950023e-02 3.114738070871680975e-02
3.175910998834297061e-02 3.181339346338063478e-02
3.663569706259295344e-02 3.121399186784401536e-02
3.854646690888330340e-02 3.315706987632438540e-02
3.982386953430250287e-02 3.382169740507379174e-02
4.280305263819172978e-02 2.985657012322917581e-02
3.686665679560974240e-02 3.279873874271288514e-02
4.348093626322224736e-02 3.274167743074940518e-02
3.668124164687469602e-02 3.954509826871799305e-02
4.425850586267188191e-02 3.567828395898686722e-02
3.784905123757198453e-02 3.487024288187967613e-02
4.182706988649442792e-02 3.179560177522944286e-02
4.382297192933037877e-02 3.109573061374248937e-02
4.070927185239270329e-02 3.791424446535529569e-02
3.456416289554908872e-02 3.703101393330143765e-02
3.814670961583033204e-02 3.249054210755275562e-02
4.373240476706996560e-02 3.131255164771573618e-02
4.159051185706630349e-02 3.228970903001027182e-02
4.083132452797144651e-02 3.233388918306445703e-02
3.847711684647947550e-02 3.658349406759953126e-02
3.873779418063350022e-02 3.338906788121676072e-02
