2.385326365831285517e-02 4.711344815650925222e-02
0.000000000000000000e+00 0.000000000000000000e+00
9.366381913423538208e-03 8.358376100659370422e-03
1.722138375043869019e-02 1.789927482604980469e-02
2.181996917352080345e-02 2.581701986491680145e-02
2.816518628969788551e-02 2.913992386311292648e-02
3.068159543909132481e-02 3.129325970076024532e-02
3.557573049329221249e-02 3.846853575669229031e-02
2.880567614920437336e-02 3.391144960187375546e-02
2.786420111078768969e-02 3.574966639280319214e-02
2.885612251702696085e-02 4.156146943569183350e-02
2.393620985094457865e-02 3.733280021697282791e-02
2.866256015840917826e-02 4.225399577990174294e-02
2.282386191654950380e-02 3.916260693222284317e-02
3.079780109692364931e-02 4.245970933698117733e-02
2.312497806269675493e-02 3.756167762912809849e-02
2.778192574623972178e-02 4.372614505700767040e-02
2.453074289951473475e-02 4.393889072525780648e-02
2.537029457744210958e-02 4.120915236126165837e-02
2.508768034749664366e-02 4.065459790581371635e-02
2.807833618135191500e-02 4.429124771559145302e-02
2.156322394148446620e-02 4.432866631759679876e-02
2.119080341071821749e-02 4.450353918582550250e-02
2.623010045499540865e-02 4.620664773028693162e-02
2.276191362761892378e-02 3.960527732488117181e-02
2.386171466787345707e-02 4.317876646746299230e-02
2.792554631014354527e-02 4.610578130450448953e-02
2.302486405824311078e-02 4.233520940397283994e-02
2.268520221696235240e-02 4.457660155821940862e-02
3.003753154189325869e-02 4.239091599811217748e-02
2.353795376257039607e-02 3.627509015132091008e-02
2.619749624864198267e-02 4.128684659008285962e-02
3.110699114040471613e-02 4.697557116378447972e-02
2.354387837112881243e-02 4.000210991580388509e-02
2.623868049704469740e-02 4.292056892518303357e-02
3.002130324603058398e-02 4.788645353619358502e-02
2.512861686409451067e-02 4.119083375189802609e-02
2.658513028291054070e-02 4.314182485904893838e-02
2.730800941935740411e-02 4.138594361938885413e-02
2.418982642120681703e-02 4.773833005674532615e-02
3.084017880610190332e-02 4.762393026976496913e-02
2.293530650786124170e-02 3.922208655058057047e-02
2.941468762583099306e-02 4.273933265722007491e-02
2.872187781031243503e-02 4.086242057746858336e-02
2.648583936388604343e-02 4.317765916130156256e-02
3.068244361202232540e-02 4.278629745022044517e-02
2.525405675987713039e-02 4.281157220248132944e-02
2.716970114852301776e-02 4.681216890458017588e-02
2.744861989049240947e-02 4.452663299161940813e-02
2.594705490628257394e-02 4.162198549602180719e-02
2.594479946651517821e-02 4.136276250937953591e-02
