4.457254866031867650e-03 4.990061500841341813e-02
0.000000000000000000e+00 0.000000000000000000e+00
3.692219266667962074e-03 9.893090464174747467e-03
5.757446167990565300e-03 1.984300557523965836e-02
8.280721725896000862e-03 2.978727221488952637e-02
1.048195455223321915e-02 3.952979389578104019e-02
1.167791453190147877e-02 4.919279366731643677e-02
1.121694175526499748e-02 5.882928892970085144e-02
1.029566494980826974e-02 5.488263862207531929e-02
1.022060601098928601e-02 6.046224338933825493e-02
8.018687731237150729e-03 6.072346671135164797e-02
5.859234035597182810e-03 5.886606560670770705e-02
9.423820665688253939e-03 6.565848100581206381e-02
8.975296324933879077e-03 6.369546466157771647e-02
8.552642786526121199e-03 5.739181386888958514e-02
7.180318018072284758e-03 5.914234384545125067e-02
7.864029743359424174e-03 6.125516039901413023e-02
7.283788072527386248e-03 6.201428515487350523e-02
6.559421788551844656e-03 6.226014118874445558e-02
5.962387731415219605e-03 6.089409341802820563e-02
7.334398411330766976e-03 5.852755665546283126e-02
6.525727294501848519e-03 6.229190708836540580e-02
7.551781905931420624e-03 6.410391331883147359e-02
8.860255198669619858e-03 6.313596910331398249e-02
8.692348914337344468e-03 6.049230776261538267e-02
1.015176736109424382e-02 6.352925125975161791e-02
7.896017006714828312e-03 5.925042706076055765e-02
1.020709164731670171e-02 6.593042437452822924e-02
1.128208167210686952e-02 6.063129671383649111e-02
1.046649944328237325e-02 6.725214712787419558e-02
1.020455670368392020e-02 6.208080158103257418e-02
1.060954046261031181e-02 6.456381070893257856e-02
9.720311281853355467e-03 6.172790762502700090e-02
1.122166636923793703e-02 6.388886214699596167e-02
1.091518228349741548e-02 6.164636986795812845e-02
8.450186331174336374e-03 6.139447347959503531e-02
9.330081971711479127e-03 5.725354835158213973e-02
1.125879165192600340e-02 6.262468959903344512e-02
1.177870864921715111e-02 5.952737195184454322e-02
1.325517053192015737e-02 5.611543281702324748e-02
1.335766906413482502e-02 6.410237046657130122e-02
1.398622029955731705e-02 5.888941389275714755e-02
1.421698324702447280e-02 6.195505958748981357e-02
1.432206861500162631e-02 6.018275249516591430e-02
1.258972992945928127e-02 5.804934486513957381e-02
9.741092871990986168e-03 5.614948138827458024e-02
1.030540700594428927e-02 6.249919725814834237e-02
1.002763745782431215e-02 6.231049551570322365e-02
9.071388267329894006e-03 6.105660634057130665e-02
8.382791347685270011e-03 6.634651111380662769e-02
8.168186017428524792e-03 6.640155004060943611e-02
