2.498245076673014098e-02 4.682911315140661501e-02
0.000000000000000000e+00 0.000000000000000000e+00
8.380848914384841919e-03 9.915306232869625092e-03
1.439212728291749954e-02 1.979746297001838684e-02
2.034561056643724442e-02 2.966340258717536926e-02
2.504579909145832062e-02 3.915002010762691498e-02
2.895338786765933037e-02 4.290291434153914452e-02
2.907241952925687656e-02 4.778783069923520088e-02
2.648500215582316741e-02 4.763635444396641105e-02
2.397472041047876701e-02 4.662183635809924453e-02
2.529962200060253963e-02 4.688513271685224026e-02
2.280234244972234592e-02 4.878065332013648003e-02
2.085792275465792045e-02 5.036850673786830157e-02
2.180310218682279810e-02 4.693734044849406928e-02
1.884460538713028654e-02 4.844755881640594453e-02
1.807249456032877788e-02 4.722516359470319003e-02
1.779842943506082520e-02 4.988339012197684497e-02
1.801659912598552182e-02 5.048039618122857064e-02
2.116107196343364194e-02 5.025655332428868860e-02
2.087346703774528578e-02 4.606916358170565218e-02
2.034332842595176771e-02 4.716020984051283449e-02
2.139815892587648705e-02 4.974063321424182504e-02
2.147272433649050072e-02 4.525049378571566194e-02
2.435638028691755608e-02 5.016858152521308511e-02
2.520501212711678818e-02 4.563137538207229227e-02
2.632157161860959604e-02 5.074991214496549219e-02
2.978827415063278750e-02 4.815892384795006365e-02
2.871563431835966185e-02 4.546258084883447737e-02
3.014232515852199867e-02 4.393596643058117479e-02
3.028527973947348073e-02 4.882717107830103487e-02
2.765152091888012365e-02 4.755421144363936037e-02
3.060846310836495832e-02 4.659452363557647914e-02
2.761626407300354913e-02 4.524099691479932517e-02
2.834506793442415074e-02 4.688363771128933877e-02
2.834118648024741560e-02 4.590971335710491985e-02
2.797039375582244247e-02 5.048491559864487499e-02
2.403588184097316116e-02 5.149380407237913460e-02
2.295747525931801647e-02 5.121440075163263828e-02
1.903325352759566158e-02 4.668135575775522739e-02
2.167431135603692383e-02 4.547565460961777717e-02
2.439051876717712730e-02 4.840866087761241943e-02
2.592911488318350166e-02 4.775296449952293187e-02
2.773694634379353374e-02 4.737594009202439338e-02
2.854395504982676357e-02 4.590796709817368537e-02
2.913300150248687714e-02 4.405722797673661262e-02
3.087971200875472277e-02 4.850295589130837470e-02
3.011844922730233520e-02 4.626052787352818996e-02
2.877169368730392307e-02 4.599285831500310451e-02
3.052340260182972997e-02 4.439777899824548513e-02
3.039667954726610333e-02 4.190115439996588975e-02
3.029427876754198223e-02 4.506060104176867753e-02
