3.281068169270132898e-03 4.994615846378790136e-02
0.000000000000000000e+00 0.000000000000000000e+00
4.244918935000896454e-03 9.683309122920036316e-03
7.153041427955031395e-03 1.964798010885715485e-02
1.015378115698695183e-02 2.961670514196157455e-02
9.947268350515514612e-03 3.950665052980184555e-02
1.164491352392360568e-02 4.826796334236860275e-02
1.127401826670393348e-02 5.591610679402947426e-02
9.130778897088021040e-03 6.059727538377046585e-02
7.152139616664499044e-03 5.519487522542476654e-02
6.854662962723523378e-03 6.050978321582078934e-02
4.904673842247575521e-03 5.516957305371761322e-02
5.722639092709869146e-03 5.903740064240992069e-02
7.212684897240251303e-03 5.411570915021002293e-02
6.377305544447153807e-03 6.057970621623098850e-02
7.216085912659764290e-03 5.491763516329228878e-02
5.937978159636259079e-03 5.698054120875895023e-02
5.504688771907240152e-03 5.727349803782999516e-02
3.976716019678860903e-03 5.800416157580912113e-02
5.189350980799645185e-03 5.805823014088673517e-02
4.989941851818002760e-03 5.508564522460801527e-02
2.980022705742157996e-03 5.804216436081333086e-02
5.743680303567089140e-03 5.998995230038417503e-02
4.541274640359915793e-03 5.454941215430153534e-02
2.696015653782524168e-03 5.867261700768722221e-02
3.739204155863262713e-03 5.549581656669033691e-02
2.549742828705348074e-03 5.689850338239921257e-02
3.734788057045079768e-03 5.017793300066841766e-02
3.955413456424139440e-03 5.882634995941771194e-02
3.823951832600869238e-03 5.360410111461533234e-02
5.618495066300965846e-03 5.137200612080050632e-02
5.885497652343474329e-03 5.570148588594747707e-02
3.656356813735328615e-03 5.005563567829085514e-02
3.039756891666911542e-03 5.835734452557517216e-02
3.798217614530585706e-03 5.466836789128137752e-02
7.050667758448980749e-03 5.335169709724141285e-02
7.355168796493671834e-03 5.573910852399421856e-02
7.261159757035784423e-03 5.430723277822835371e-02
6.472477674833498895e-03 5.395273057365557179e-02
4.958215737133286893e-03 5.536443794699152932e-02
4.620876701665110886e-03 5.816264458553632721e-02
3.280934484791941941e-03 5.864457913412479684e-02
3.024321005796082318e-03 5.477239435276715085e-02
3.942366005503572524e-03 5.479155843750049826e-02
4.732646062620915473e-03 5.791403948933293577e-02
3.313317676656879485e-03 5.454982947230746504e-02
5.321617485606111586e-03 5.105817331605067011e-02
5.200068713747896254e-03 5.927139534287562128e-02
4.263157039531506598e-03 5.305412984125723597e-02
4.267013459866575431e-03 5.642076688491215464e-02
3.006830639606050681e-03 5.348751754172553774e-02
