2.224746207196996641e-03 4.997524945862132084e-02
0.000000000000000000e+00 0.000000000000000000e+00
5.941675975918769836e-03 9.778907522559165955e-03
1.133824465796351433e-02 1.976226363331079483e-02
1.585620874539017677e-02 2.974422089755535126e-02
1.958841062150895596e-02 3.723940951749682426e-02
1.992181158857420087e-02 4.688484175130724907e-02
1.919534540502354503e-02 5.212740879505872726e-02
1.545835490105673671e-02 5.425757612101733685e-02
1.331993396161124110e-02 5.066039483062922955e-02
1.093512232182547450e-02 5.537429475225508213e-02
1.107423359644599259e-02 5.630934739019721746e-02
8.568711375119164586e-03 5.077753763180226088e-02
8.711141432286240160e-03 5.458128184545785189e-02
9.234482145984657109e-03 5.773779365699738264e-02
7.572357731987722218e-03 5.323301197495311499e-02
6.902344888658262789e-03 5.686154600698500872e-02
7.657721711439080536e-03 5.835284106433391571e-02
6.102962026488967240e-03 5.424125026911497116e-02
3.908851256710477173e-03 5.149746732786297798e-02
4.242277253069914877e-03 6.011016899719834328e-02
5.414600498625077307e-03 6.056299261399544775e-02
5.380917318689171225e-03 5.742829749942757189e-02
5.788208953163120896e-03 5.636616659467108548e-02
5.652889121847692877e-03 5.147650561411865056e-02
7.442412410455290228e-03 5.643728564609773457e-02
4.679652607592288405e-03 5.356565679539926350e-02
6.315590209851507097e-03 5.386496271239593625e-02
7.857191587390843779e-03 5.250984156737104058e-02
7.709105637331958860e-03 5.581195541890338063e-02
6.963173764233943075e-03 5.436682648723945022e-02
6.995329276833217591e-03 5.728781869402155280e-02
7.751596560410689563e-03 5.834285664604976773e-02
8.036873907258268446e-03 5.209881189512088895e-02
8.621481036243494600e-03 5.890222202287986875e-02
9.720863679831381887e-03 6.069923640461638570e-02
8.703137653355952352e-03 6.058768333605257794e-02
8.934514531574677676e-03 5.450863495207158849e-02
9.643619057897012681e-03 5.226510192005662248e-02
9.272147428418975323e-03 5.947768582700518891e-02
9.564237603626679629e-03 5.333152866660384461e-02
8.783332123130094260e-03 5.779255495144752786e-02
5.326990089088212699e-03 5.731188225763617083e-02
7.492758151784073561e-03 5.099648376199183986e-02
7.890652537753339857e-03 5.923864384385524318e-02
7.211609590740408748e-03 5.181238985824165866e-02
6.969044326979201287e-03 5.003609041887102649e-02
6.737694267940241843e-03 5.641567054408369586e-02
6.731084113198448904e-03 5.748437821603147313e-02
8.308715334351290949e-03 5.673973977536661550e-02
8.342399110915721394e-03 5.690216601215070114e-02
