2.244745509076365164e-02 4.744799515612493912e-02
0.000000000000000000e+00 0.000000000000000000e+00
7.595452014356851578e-03 9.890134446322917938e-03
1.429178100079298019e-02 1.963947806507349014e-02
1.971226884052157402e-02 2.928701881319284439e-02
2.172787603922188282e-02 3.805173188447952271e-02
2.175955352140590549e-02 4.565038112923502922e-02
2.147343812976032495e-02 4.517412988934665918e-02
2.255791844800114632e-02 4.025226563680917025e-02
2.057764003984630108e-02 4.166332329623401165e-02
2.074878881103359163e-02 4.797263466753065586e-02
2.229731981060467660e-02 4.669801681302487850e-02
2.061775277252309024e-02 4.455872857943177223e-02
1.908985091722570360e-02 4.592281300574541092e-02
1.894836737483274192e-02 4.321581218391656876e-02
2.157370168424677104e-02 4.680916387587785721e-02
1.942460033751558512e-02 4.736372188199311495e-02
1.756319862033706158e-02 5.055281112436205149e-02
1.983237957756500691e-02 4.788231209386140108e-02
2.011446452524978667e-02 5.085503414738923311e-02
1.971174993377644569e-02 4.990190046373754740e-02
1.969431974794133566e-02 4.569938092026859522e-02
1.783886953126057051e-02 4.371929669287055731e-02
2.211769605855806731e-02 4.376500153375673108e-02
2.232890631057671271e-02 4.477024457810330205e-02
2.035440955296508037e-02 4.339077970871585421e-02
2.093298823092482053e-02 4.392971891138586216e-02
2.270053056054166518e-02 4.750219943161937408e-02
2.315586234544753097e-02 4.657101574048283510e-02
2.350094462963170372e-02 4.493710108727100305e-02
2.089455994064337574e-02 4.605772684953990392e-02
1.879546619238681160e-02 4.878957465916755609e-02
1.857854879563092254e-02 4.273146194100263529e-02
2.337557437931536697e-02 4.513617198608699255e-02
2.609012240645824932e-02 4.501628022626391612e-02
2.266107324612676166e-02 4.432774826636887155e-02
2.177965646478696726e-02 4.545011921072728001e-02
2.223788742776378058e-02 4.763417635331279598e-02
2.250539307351573370e-02 4.377259002285427414e-02
2.296987178488052450e-02 4.883295498075312935e-02
2.352639796663424931e-02 4.864459536838694476e-02
2.236886749960831366e-02 4.708049859254970215e-02
2.386501078945002519e-02 5.165930831208243035e-02
1.979666595798335038e-02 4.806474473662092350e-02
2.153814918347052298e-02 4.794076886537368409e-02
2.117969104074290954e-02 4.383712644266779535e-02
2.615494894780567847e-02 5.099375229838187806e-02
2.435046431128284894e-02 5.061956865756656043e-02
2.565077421240857802e-02 5.057466549988021143e-02
2.537721214685006998e-02 4.729916977885295637e-02
2.346142945680185221e-02 4.549964839316089638e-02
