2.157236262946585215e-02 4.764544623577089688e-02
0.000000000000000000e+00 0.000000000000000000e+00
9.315931238234043121e-03 9.906578809022903442e-03
1.805974543094635010e-02 1.955199148505926132e-02
2.550562052056193352e-02 2.912324108183383942e-02
3.214841242879629135e-02 3.805289417505264282e-02
3.350059385411441326e-02 4.372574714943766594e-02
3.177818830590695143e-02 4.747041128575801849e-02
3.103968198411166668e-02 4.775043748668394983e-02
3.381944936700165272e-02 4.884969731210730970e-02
2.986578759737312794e-02 4.822062337188981473e-02
3.229463519528508186e-02 4.607434067293070257e-02
2.930745901539921761e-02 4.194942265166901052e-02
2.825650456361472607e-02 4.612432242720387876e-02
3.073912020772695541e-02 4.522853079834021628e-02
3.485441068187355995e-02 4.846963813179172575e-02
3.434090473456308246e-02 4.679302978911437094e-02
3.502124879742041230e-02 4.489231042680330575e-02
3.021005034679546952e-02 4.515374591574072838e-02
3.055785773904062808e-02 4.538853217673022300e-02
3.359390134573914111e-02 4.342420150351244956e-02
3.310138816596008837e-02 4.582194851536769420e-02
3.379212136496789753e-02 4.846504733723122627e-02
3.101592420716769993e-02 4.689240032166708261e-02
3.586605054442770779e-02 4.667452150897588581e-02
2.869664554600603878e-02 4.462970919848885387e-02
3.132964603719301522e-02 4.507581061625387520e-02
3.265241850749589503e-02 4.366541454510297626e-02
3.827839336008764803e-02 4.284906577959191054e-02
3.218673021183349192e-02 4.323011350061278790e-02
2.982224492006935179e-02 4.788104018371086568e-02
3.376530404784716666e-02 4.846267662651371211e-02
2.909505987190641463e-02 4.779573406267445534e-02
3.290968798683024943e-02 4.584799734584521502e-02
3.509562383987940848e-02 4.602010456437710673e-02
3.060938153066672385e-02 4.642482961935456842e-02
3.239692238275893033e-02 4.398365410452242941e-02
3.449552090023644269e-02 4.380050036706961691e-02
2.987454229150898755e-02 4.544347376213409007e-02
2.961591773782856762e-02 4.768194039934314787e-02
3.336667947587557137e-02 4.711866696015931666e-02
3.232465861947275698e-02 4.871277642087079585e-02
2.703455640585161746e-02 4.565456058480776846e-02
3.269744329736568034e-02 4.423600403242744505e-02
3.278778128878911957e-02 4.587561931111849844e-02
2.826318339066347107e-02 4.565953341079875827e-02
2.959014006046345457e-02 4.609891737345606089e-02
3.014426895970245823e-02 4.940641007851809263e-02
3.124916142405709252e-02 4.771273641381412745e-02
3.189978069713106379e-02 4.937723896000534296e-02
2.992751841520657763e-02 4.861345014069229364e-02
