2.425691991766420336e-02 4.701341059929821375e-02
0.000000000000000000e+00 0.000000000000000000e+00
9.043741039931774139e-03 9.600822813808917999e-03
1.786321494728326797e-02 1.895662024617195129e-02
2.283852780237793922e-02 2.702736388891935349e-02
2.447812166064977646e-02 3.063345304690301418e-02
2.276798104867339134e-02 3.904021135531365871e-02
2.376074879430234432e-02 4.166365973651409149e-02
2.335683256387710571e-02 4.233187664067372680e-02
2.613389864563941956e-02 4.053820780245587230e-02
2.256334689445793629e-02 4.396787326550111175e-02
2.265687850012909621e-02 4.203045059693977237e-02
2.259027030959259719e-02 4.329144168877974153e-02
2.641552225395571440e-02 4.045439424226060510e-02
2.408189493871759623e-02 4.015223743044771254e-02
2.398283023649128154e-02 4.202073210035450757e-02
2.696135536098154262e-02 4.301135058631189167e-02
2.321206953638466075e-02 3.702633691136725247e-02
2.711501846351893619e-02 4.064763014321215451e-02
2.598841803410323337e-02 4.388611370814032853e-02
1.917710563429864123e-02 3.995788635802455246e-02
2.719834575691493228e-02 4.056262553785927594e-02
2.500863688328536227e-02 4.070117653463967144e-02
2.236341674142749980e-02 3.989337626262567937e-02
1.934864128270419315e-02 4.000625315529759973e-02
2.476133534946711734e-02 4.621715586108621210e-02
2.024389094003709033e-02 4.241068287228699774e-02
2.483770799153717235e-02 5.050653124635573477e-02
1.971724665054352954e-02 4.453827951510902494e-02
2.143868362327339128e-02 4.436104331398382783e-02
2.522673505154671147e-02 3.961343696573749185e-02
2.171622892637969926e-02 4.086859751259908080e-02
2.026895550807239488e-02 4.468444635858759284e-02
2.566115628724219278e-02 4.095056600635871291e-02
1.962062274833442643e-02 4.293488682014867663e-02
2.499527135660173371e-02 4.229261580621823668e-02
2.499348560149883269e-02 4.560704523464664817e-02
2.113217284704660415e-02 3.812022687634453177e-02
2.251019172172163962e-02 4.064283607294782996e-02
2.609891706879352569e-02 4.581350082298740745e-02
2.098549233551239013e-02 3.940082102781161666e-02
2.301614737871204852e-02 4.683938057860359550e-02
2.218083182151531219e-02 4.586250515421852469e-02
2.415691415581022738e-02 4.482343763811513782e-02
2.364551526761715650e-02 4.203383292770013213e-02
2.055673528730039834e-02 4.491613706341013312e-02
2.637754375382428407e-02 4.060779412975534797e-02
2.905532176873748540e-02 4.281922167865559459e-02
2.315968572429483174e-02 3.696552960900589824e-02
2.579701360582475900e-02 4.148278216598555446e-02
2.494539379176785587e-02 3.980813670204952359e-02
