3.148519466019890009e-03 4.995042183588868645e-02
0.000000000000000000e+00 0.000000000000000000e+00
7.027935702353715897e-03 9.967165999114513397e-03
1.201953832060098648e-02 1.955254748463630676e-02
1.414359989576041698e-02 2.917145658284425735e-02
1.523524697404354811e-02 3.904059343039989471e-02
1.636083063203841448e-02 4.586240928620100021e-02
1.742935588117688894e-02 5.565262306481599808e-02
1.781694460078142583e-02 5.841785646043717861e-02
1.615003877668641508e-02 5.429428466595709324e-02
1.644587927148677409e-02 5.562002072110772133e-02
1.714886954869143665e-02 5.695896153338253498e-02
1.480990179697982967e-02 5.453790561296045780e-02
1.684538854169659317e-02 5.753165250644087791e-02
1.435416305321268737e-02 5.677337176166474819e-02
1.339745128643698990e-02 5.640187390963546932e-02
1.494985297904349864e-02 5.520850731409154832e-02
1.466032103053294122e-02 6.192921832553111017e-02
1.473539308062754571e-02 5.596182387671433389e-02
1.766642168513499200e-02 5.411669597378931940e-02
1.879305075271986425e-02 5.667115430696867406e-02
1.863770316413138062e-02 5.140980481519363821e-02
2.068208520358894020e-02 5.317326899967156351e-02
2.035736803372856230e-02 5.640220394707284868e-02
2.274826167558785528e-02 5.394312445423565805e-02
2.121745944896247238e-02 4.951639738283120096e-02
2.212618109479080886e-02 5.795680158189497888e-02
1.918542459316086024e-02 5.257376687950454652e-02
1.872827725310344249e-02 5.334127679816447198e-02
1.451521979470271617e-02 5.584028255543671548e-02
1.474390731891617179e-02 5.284479408874176443e-02
1.714113465277478099e-02 5.725826285197399557e-02
1.411499798996374011e-02 5.320000145002268255e-02
1.352243247674778104e-02 5.385642978944815695e-02
1.623428758466616273e-02 5.850365120568312705e-02
1.585070011788047850e-02 5.989924867753870785e-02
1.525017558014951646e-02 5.719915058580227196e-02
1.381654324359260499e-02 5.541779546183533967e-02
1.255173512618057430e-02 5.377638552454300225e-02
1.613471444579772651e-02 6.165697079268284142e-02
1.280639713513664901e-02 5.875092980568297207e-02
1.284213965482194908e-02 5.251945790951140225e-02
1.229573374803294428e-02 5.790117432479746640e-02
1.336036211068858393e-02 5.530352590722031891e-02
1.255572920854319818e-02 5.611808891990222037e-02
1.257767563765810337e-02 5.719599957228638232e-02
1.431293844325409736e-02 5.398123795748688281e-02
1.297808345952944364e-02 6.023041057051159441e-02
1.311079678089299705e-02 5.726854261592961848e-02
1.349802074219041970e-02 5.959779783734120429e-02
1.531573353531712200e-02 5.759949205094017088e-02
