2.315889819772151345e-02 4.728137249374914086e-02
0.000000000000000000e+00 0.000000000000000000e+00
8.399058133363723755e-03 9.830449707806110382e-03
1.606138516217470169e-02 1.893801614642143250e-02
1.866419124417006969e-02 2.847127616405487061e-02
1.749134238343685865e-02 3.571634925901889801e-02
2.231401472818106413e-02 4.247066890820860863e-02
1.669401850085705519e-02 4.932605428621172905e-02
1.575032382970675826e-02 4.679348762147128582e-02
1.811364799505099654e-02 5.146866361610591412e-02
1.753748266492038965e-02 4.535026405937969685e-02
1.968009665142744780e-02 5.140543426387012005e-02
1.315310213249176741e-02 4.699971829541027546e-02
1.833822706248611212e-02 4.817577754147350788e-02
1.759313326328992844e-02 4.537349031306803226e-02
1.637194503564387560e-02 5.020652920939028263e-02
2.258413389790803194e-02 4.519907175563275814e-02
1.907331671100109816e-02 4.760762979276478291e-02
1.559662900399416685e-02 4.359040060080587864e-02
2.154621889349073172e-02 4.585235146805644035e-02
1.827893068548291922e-02 5.138128297403454781e-02
1.785516194649972022e-02 4.595024604350328445e-02
2.022406147443689406e-02 4.676784173352643847e-02
1.471704957657493651e-02 4.450471833115443587e-02
1.842905991361476481e-02 4.927108105039224029e-02
1.502594226622022688e-02 5.016417673323303461e-02
1.980970115982927382e-02 5.025641372776590288e-02
1.203162517049349844e-02 4.575281761935912073e-02
2.074119835742749274e-02 5.141164441010914743e-02
1.439643107005394995e-02 4.812445314018987119e-02
1.790887318202294409e-02 5.192576078115962446e-02
1.409732425236143172e-02 5.144407361513003707e-02
1.760395723977126181e-02 4.853610129794105887e-02
1.571040894486941397e-02 4.945775715168565512e-02
1.673020145972259343e-02 5.038453184533864260e-02
1.618071636767126620e-02 5.131903250003233552e-02
1.621046266154735349e-02 5.114412088005337864e-02
1.270933309206156991e-02 4.638998875452671200e-02
1.650405791224329732e-02 5.061395060329232365e-02
1.164899882496683858e-02 5.050658714026212692e-02
1.709487964035361074e-02 5.337801342830061913e-02
9.925508635205915198e-03 4.632380371913313866e-02
1.848530280039994977e-02 5.356254708021879196e-02
1.123118842588155530e-02 5.080800433643162251e-02
1.664421404348104261e-02 5.161721486365422606e-02
1.484760199309675954e-02 5.014925258001312613e-02
1.607783347935765050e-02 5.277400970226153731e-02
1.402264576972811483e-02 4.834093892714008689e-02
1.686691143186180852e-02 5.090311955427750945e-02
1.200200174571364187e-02 4.770943539915606380e-02
1.392836426020949148e-02 4.801230804878287017e-02
