5.621227472326649488e-03 4.984188400518271833e-02
0.000000000000000000e+00 0.000000000000000000e+00
3.850141773000359535e-03 9.993200190365314484e-03
6.096740951761603355e-03 1.998693868517875671e-02
8.785228710621595383e-03 2.997516188770532608e-02
1.142285112291574478e-02 3.994294442236423492e-02
1.161366465385071933e-02 4.963346477597951889e-02
1.165037515238509513e-02 5.678686359897255898e-02
1.008149452172801830e-02 5.960877402685582638e-02
6.846577689429977909e-03 5.984276517119724303e-02
3.362895982718328014e-03 6.449992985290009528e-02
4.869331783993402496e-03 5.979461672541219741e-02
3.298312487459043041e-03 6.216778520320076495e-02
4.588824525853851810e-03 6.704216457728762180e-02
4.334104076406219974e-03 6.890654780727345496e-02
6.279518540395656601e-03 6.576282002788502723e-02
7.174922156991669908e-03 6.767729141574818641e-02
7.280008718225872144e-03 6.336233143520075828e-02
6.960475959203904495e-03 6.390061620913911611e-02
5.346578920580213889e-03 6.675018552050460130e-02
7.616954299010103568e-03 6.389895333268214017e-02
7.889291500760009512e-03 6.415306938288267702e-02
7.885220503794698743e-03 6.426385533995926380e-02
6.189059509324579267e-03 6.470268737757578492e-02
7.021252400136290817e-03 6.385378015693277121e-02
6.326489950424729614e-03 6.236381304915994406e-02
6.472546359418629436e-03 6.064215197693556547e-02
5.260744000679551391e-03 6.802141049411147833e-02
6.043004904768167762e-03 6.585800636094063520e-02
3.405419512546359329e-03 6.776771415024995804e-02
4.369006069737224607e-03 6.410994636826217175e-02
1.260176809864788083e-03 6.582900509238243103e-02
3.415655853586940793e-03 6.466158025432378054e-02
1.927187243836669950e-03 6.264647247735410929e-02
5.599270075435924809e-04 6.089105794671922922e-02
7.699594711993995588e-04 5.956418649293482304e-02
-4.837812743971880991e-04 6.285790330730378628e-02
-3.332452790800743969e-03 6.356487399898469448e-02
-2.337919490400963696e-03 6.272627122234553099e-02
-1.002484641958290013e-03 6.176231394056230783e-02
2.195869451497856062e-04 5.597132781986147165e-02
3.152464410050015431e-04 6.349861726630479097e-02
1.757004101364145754e-03 6.291360902832821012e-02
3.243171995109150885e-03 6.015191372716799378e-02
2.975271759623865364e-03 5.854636972071602941e-02
2.331512375803868053e-03 5.923122231615707278e-02
7.698582262491981965e-04 6.104494392639026046e-02
-6.967956655898888130e-04 6.131893335259519517e-02
2.422416676836292027e-03 6.303911501890979707e-02
4.291753029519895790e-03 5.896653732634149492e-02
4.874179815942625282e-03 5.801099145901389420e-02
