2.409897246455974459e-02 4.705276671044671122e-02
0.000000000000000000e+00 0.000000000000000000e+00
8.412689901888370514e-03 9.587885811924934387e-03
1.549375010654330254e-02 1.950304955244064331e-02
2.304629003629088402e-02 2.936155069619417191e-02
3.038826584815979004e-02 3.911095485091209412e-02
2.337929047644138336e-02 4.758913349360227585e-02
2.271666086744517088e-02 4.689552978379651904e-02
2.064342412631958723e-02 4.410409525735303760e-02
1.946393342223018408e-02 5.186469730688259006e-02
1.868266914971172810e-02 5.068653641501441598e-02
1.988128758966922760e-02 4.794696049066260457e-02
2.032603122643195093e-02 4.937584832077845931e-02
1.782186244963668287e-02 4.887654440244659781e-02
2.249601911171339452e-02 4.947500122943893075e-02
2.525116511969827116e-02 5.168983462499454618e-02
2.390002980246208608e-02 4.836205841274932027e-02
2.467222223640419543e-02 4.575244436273351312e-02
2.534917482989840209e-02 4.485173831926658750e-02
2.307038611616007984e-02 4.755471466341987252e-02
2.294420129328500479e-02 4.502311820397153497e-02
2.102463498886208981e-02 4.804283130215480924e-02
2.143984807480592281e-02 4.699457396054640412e-02
1.982299338851589710e-02 4.376826394582167268e-02
2.229960921977180988e-02 4.399903047305997461e-02
1.775885101233143359e-02 4.479483111936133355e-02
1.999279607844073325e-02 5.002493101346772164e-02
2.202263342041987926e-02 4.566156041983049363e-02
2.057925805274862796e-02 4.622129809285979718e-02
2.348134138446766883e-02 4.649045002588536590e-02
2.532345622603315860e-02 4.434378036239650100e-02
2.254050581541378051e-02 4.762385260255541652e-02
2.101144341577310115e-02 4.768289576895767823e-02
2.352040547702927142e-02 4.407156000524992123e-02
2.354191917766002007e-02 4.500979310978436843e-02
2.361899274910683744e-02 4.756667381298029795e-02
2.674253597433562391e-02 4.585420978401089087e-02
2.759227643764461391e-02 4.596879256132524461e-02
2.282626389569486491e-02 4.358041791419964284e-02
2.896750413856352679e-02 4.471860318153630942e-02
2.901534520788118243e-02 4.104617754637729377e-02
2.647467580391094089e-02 4.988855826377402991e-02
2.592952991835772991e-02 4.586837957322131842e-02
2.411952172406017780e-02 4.147005690902005881e-02
2.526285441126674414e-02 4.822648414119612426e-02
2.525120051177509595e-02 4.536403021484147757e-02
2.492584378524043132e-02 4.757380443334113806e-02
2.618073017401911784e-02 4.824986057064961642e-02
2.234074633634008933e-02 5.180816962092649192e-02
1.996410542233206797e-02 4.739716979383956641e-02
2.376991321398236323e-02 4.985935780860017985e-02
