4.396786221164872277e-02 3.981551699198458694e-02
0.000000000000000000e+00 0.000000000000000000e+00
9.586176835000514984e-03 9.449802339076995850e-03
1.860647648572921753e-02 1.830611750483512878e-02
2.806312777101993561e-02 2.738925442099571228e-02
3.399292193353176117e-02 3.424267005175352097e-02
3.679908951744437218e-02 3.052465408109128475e-02
3.479405725374817848e-02 3.494494757615029812e-02
4.141969047486782074e-02 3.415862820111215115e-02
4.546370124444365501e-02 3.476990363560616970e-02
3.684753505513072014e-02 3.466047010442707688e-02
3.919018595479428768e-02 3.402444325911346823e-02
4.224729374982416630e-02 3.542415938863996416e-02
4.256045178044587374e-02 3.458007537119556218e-02
4.620553075801581144e-02 3.753288458392489702e-02
3.913878498133271933e-02 3.483497463457752019e-02
4.548950854223221540e-02 3.260960774787236005e-02
3.756040043663233519e-02 3.226586240634787828e-02
4.129206354264169931e-02 3.158513801463413984e-02
4.075500962790101767e-02 3.773010867007542402e-02
4.374568222556263208e-02 3.289276287250686437e-02
5.025848385412245989e-02 3.253038869297597557e-02
4.290481528732925653e-02 3.683788272610399872e-02
4.371401510434225202e-02 3.213947675249073654e-02
4.985788773046806455e-02 3.223076961148763075e-02
5.000493238912895322e-02 3.654741202626610175e-02
4.842407006071880460e-02 3.351408462185645476e-02
3.900522954063490033e-02 2.764459359605098143e-02
4.031123878667131066e-02 3.561500958312535658e-02
4.770570393884554505e-02 3.548439018049975857e-02
4.339576238999143243e-02 3.374618171801557764e-02
4.178125498583540320e-02 3.609737028455128893e-02
4.610145458718761802e-02 3.344357242895057425e-02
4.619570740760536864e-02 3.695865623740246519e-02
4.040650011302204803e-02 3.238090682862093672e-02
4.482742877007694915e-02 3.250107575149741024e-02
3.921372269542189315e-02 2.977443147392477840e-02
3.892004941735649481e-02 3.311438612581696361e-02
4.508212148357415572e-02 3.564768131764139980e-02
4.217306906502926722e-02 3.328248449543025345e-02
4.397534297459060326e-02 3.253466197929810733e-02
3.952151767589384690e-02 3.719016145623754710e-02
3.845723681297386065e-02 3.440971513919066638e-02
4.138418249931419268e-02 2.899505365348886698e-02
4.652863564115250483e-02 3.480964880145620555e-02
3.968509016704047099e-02 3.486349802187760361e-02
4.803804038238013163e-02 3.272294691487331875e-02
4.359155763086164370e-02 3.387651844604988582e-02
4.577084174525225535e-02 3.267166596560855396e-02
4.478474494680995122e-02 3.356857873222907074e-02
4.183254900999600068e-02 3.551311344563146122e-02
