4.399347342676898642e-02 3.980297487192822892e-02
0.000000000000000000e+00 0.000000000000000000e+00
9.507465176284313202e-03 8.896789513528347015e-03
1.908603310585021973e-02 1.227242103777825832e-02
2.874255273491144180e-02 2.094425517134368420e-02
3.749734256416559219e-02 2.022052247775718570e-02
4.444066109135746956e-02 2.636876766337081790e-02
3.894944489002227783e-02 3.370823169825598598e-02
4.691615886986255646e-02 3.032093861838802695e-02
4.553833848331123590e-02 2.870946988696232438e-02
4.113252426031976938e-02 3.009200672386214137e-02
4.519113677088171244e-02 2.630966407014057040e-02
3.949292155448347330e-02 3.271862230030819774e-02
4.608471936080604792e-02 2.774365356890484691e-02
4.343158903066068888e-02 3.214756649686023593e-02
4.880955966655164957e-02 2.820820751367136836e-02
4.223826911766082048e-02 3.774440492270514369e-02
4.757289879489690065e-02 3.222718526376411319e-02
4.650478123221546412e-02 3.227761079324409366e-02
4.716212744824588299e-02 2.637721475912258029e-02
4.208074207417666912e-02 3.371048130793496966e-02
5.005047447048127651e-02 3.015602513914927840e-02
4.701700573787093163e-02 3.316578542580828071e-02
4.377204063348472118e-02 3.055386705091223121e-02
4.576792591251432896e-02 2.729875611839815974e-02
4.655106418067589402e-02 3.455931943608447909e-02
4.691765061579644680e-02 2.845739311305806041e-02
4.604537598788738251e-02 3.234884323319420218e-02
4.872896894812583923e-02 2.770566515391692519e-02
4.168977867811918259e-02 3.636936418479308486e-02
4.926867596805095673e-02 3.315616556210443377e-02
5.027660715859383345e-02 3.276750989607535303e-02
4.683920985553413630e-02 2.921402044012211263e-02
4.550911253318190575e-02 2.822308611939661205e-02
4.703486745711416006e-02 3.165377207915298641e-02
4.420204239431768656e-02 3.225818459759466350e-02
4.761885956395417452e-02 2.771799915353767574e-02
4.278016288299113512e-02 3.560245499829761684e-02
4.979332175571471453e-02 3.136073701898567379e-02
4.834435973316431046e-02 3.325730547658167779e-02
4.736594890709966421e-02 3.252898980281315744e-02
4.664756095735356212e-02 3.169845454976893961e-02
5.071574001340195537e-02 3.056787609239108860e-02
4.969972820254042745e-02 3.480663665686734021e-02
4.823518014745786786e-02 3.363239116151817143e-02
4.976270772749558091e-02 3.259314308525063097e-02
4.681459401035681367e-02 3.397573836264200509e-02
4.561788652790710330e-02 3.270697724656201899e-02
4.710741731105372310e-02 3.515760079608298838e-02
4.714308234542841092e-02 3.308708747499622405e-02
4.859323832351947203e-02 3.390610535279847682e-02
