4.328477480472898292e-02 4.014670415552583360e-02
0.000000000000000000e+00 0.000000000000000000e+00
9.727558121085166931e-03 9.222979657351970673e-03
1.869974844157695770e-02 1.658406155183911324e-02
2.559510665014386177e-02 2.510055759921669960e-02
3.048402024433016777e-02 2.950700744986534119e-02
3.773951251059770584e-02 3.340433584526181221e-02
4.116345592774450779e-02 3.293650795239955187e-02
3.452161815948784351e-02 3.677045262884348631e-02
3.797864331863820553e-02 3.230287262704223394e-02
3.746362047968432307e-02 3.303174203028902411e-02
3.695238189538940787e-02 3.509542992105707526e-02
3.341853752499446273e-02 3.646315383957698941e-02
4.005192633485421538e-02 3.267413546564057469e-02
3.903392847860231996e-02 3.816568275215104222e-02
3.998581465566530824e-02 3.357618144946172833e-02
3.731819923268631101e-02 3.476891928585246205e-02
4.123595525743439794e-02 3.324543946655467153e-02
3.951693355338647962e-02 2.970058080973103642e-02
3.215168725000694394e-02 2.676138823153451085e-02
4.074535268591716886e-02 2.707571213250048459e-02
3.857298038201406598e-02 3.137528945808298886e-02
3.788903675740584731e-02 3.681346451048739254e-02
3.810660324234049767e-02 3.217953725834377110e-02
3.934963063511531800e-02 3.790830404614098370e-02
3.309407939377706498e-02 3.409385008853860199e-02
4.033987752336543053e-02 3.447886867797933519e-02
3.618119579914491624e-02 3.337043986539356411e-02
3.627378207602305338e-02 2.794326326693408191e-02
3.701709966844646260e-02 3.427196523989550769e-02
3.921577671280829236e-02 3.263116380549035966e-02
3.665239025576738641e-02 3.201480294228531420e-02
3.561827888916013762e-02 3.449659483158029616e-02
3.370327466836897656e-02 3.325298629351891577e-02
3.856934757641283795e-02 3.170588464126922190e-02
4.239939187391428277e-02 3.749995902762748301e-02
3.808453899546293542e-02 3.266042043105699122e-02
4.389929852186469361e-02 3.827748206094838679e-02
4.141274966968921944e-02 3.596451497287489474e-02
3.810992172657279298e-02 3.511313299532048404e-02
3.803603104461217299e-02 3.146579672466032207e-02
3.866046362236374989e-02 3.788932223687879741e-02
3.396931172028416768e-02 3.118456897209398448e-02
3.331036630697781220e-02 2.860295769642107189e-02
3.917058415390783921e-02 3.322545529226772487e-02
3.514888973586494103e-02 3.471664429525844753e-02
3.943731726758414879e-02 3.427506805746816099e-02
3.896724642982007936e-02 3.357119267457164824e-02
3.561442089994670823e-02 3.433037819922901690e-02
4.335464793985011056e-02 4.049801398650743067e-02
3.641964519192697480e-02 4.115638663643039763e-02
