2.686057816504488528e-03 4.996391895782395509e-02
0.000000000000000000e+00 0.000000000000000000e+00
4.632744472473859787e-03 9.867613203823566437e-03
8.085564011707901955e-03 1.983474195003509521e-02
1.170166814699769020e-02 2.976782433688640594e-02
1.318630890455096960e-02 3.961435798555612564e-02
1.288656907854601741e-02 4.924577195197343826e-02
1.285007196202059276e-02 5.468344409018754959e-02
9.821023053518729284e-03 5.793739506043493748e-02
7.469637046597199515e-03 5.288122245110571384e-02
8.735794650419848040e-03 5.122991872485727072e-02
6.576620118721621111e-03 5.360835033934563398e-02
4.381712602480547503e-03 5.542343447450548410e-02
6.851126981928246096e-03 5.595690797781571746e-02
5.335799378372030333e-03 5.478463723557069898e-02
4.004324047855334356e-03 5.884195055114105344e-02
4.426451272593112662e-03 5.668189149582758546e-02
4.348272032075328752e-03 5.530539137544110417e-02
3.481917938188416883e-03 5.471026879968121648e-02
3.257071348343743011e-03 5.344288697233423591e-02
2.839319680788321421e-03 5.511666164966300130e-02
4.754427627631230280e-03 5.641340237343683839e-02
4.415615152538521215e-03 5.255006422521546483e-02
4.869093227171106264e-03 5.427061783848330379e-02
6.801957420975668356e-03 5.599185329629108310e-02
4.441133623913628981e-03 5.268586258171126246e-02
4.448988323929370381e-03 5.741452303482219577e-02
6.476264994489611126e-03 5.893628561170771718e-02
6.171126175104291178e-03 5.696665315190330148e-02
8.023975906326086260e-03 5.567632353631779552e-02
9.144237987129599787e-03 5.821502109756693244e-02
1.090534895229211543e-02 5.860444804420694709e-02
9.211187740220339037e-03 5.875678201846312732e-02
9.840267093750298955e-03 6.020103830087464303e-02
1.049030696776753757e-02 5.856166144076269120e-02
1.147623810720688198e-02 5.504701512109022588e-02
9.493643499808968045e-03 5.615696327004116029e-02
1.009512351629382465e-02 5.698414814833085984e-02
9.511898644632310607e-03 5.468309127900283784e-02
9.417050971023854800e-03 5.476431213901378214e-02
1.040309060954314191e-02 5.172221749671734869e-02
8.759292877584812231e-03 5.573547925450839102e-02
8.383506459722411819e-03 5.798904868424870074e-02
8.346101565621211194e-03 5.594186825328506529e-02
9.029533195644035004e-03 5.815215143957175314e-02
9.501737868049531244e-03 5.279289759346283972e-02
8.640906749860732816e-03 5.353811421082355082e-02
8.986610109786852263e-03 5.379557766718789935e-02
8.651439484310685657e-03 4.960139299510046840e-02
6.966331542571424507e-03 5.612727877451106906e-02
9.844589780186652206e-03 5.019505199743434787e-02
