2.348677218046667931e-02 4.720273418244395891e-02
0.000000000000000000e+00 0.000000000000000000e+00
7.213220465928316116e-03 9.742614813148975372e-03
1.416480634361505508e-02 1.887052971869707108e-02
2.096376009285449982e-02 2.825854439288377762e-02
2.691011363640427589e-02 3.653825912624597549e-02
3.256579814478754997e-02 3.986508282832801342e-02
3.017787402495741844e-02 4.008481177152134478e-02
3.301833337172865868e-02 3.970657559693790972e-02
3.386085812235251069e-02 4.124052022234536707e-02
3.385347131870730664e-02 3.916268624016083777e-02
3.484776736468120362e-02 3.614842813112773001e-02
3.478412569847932900e-02 4.050505082705058157e-02
3.548516334149098839e-02 4.320868887589313090e-02
3.492023348690054263e-02 4.520964287803508341e-02
3.625321627941957559e-02 4.321130845346488059e-02
3.558461491365960683e-02 4.706812594668008387e-02
3.392360098541757907e-02 4.645470416289754212e-02
3.511472472337118234e-02 4.573377230553887784e-02
3.261247889486185159e-02 4.562888005602871999e-02
2.996383684103420819e-02 4.149626558501040563e-02
3.097300785475454177e-02 3.975464417453622445e-02
3.208214063079140033e-02 3.621345492865657434e-02
3.532181046784899081e-02 4.350961898308014497e-02
3.163270857066891040e-02 4.192584138218080625e-02
3.072746483258015360e-02 4.484815327305113897e-02
2.933369193806356634e-02 4.666962465125834569e-02
2.910293613558678771e-02 4.415453052934026346e-02
3.210192823780744220e-02 4.412219203004497103e-02
2.910883094182281638e-02 4.602470663303392939e-02
2.945422315269752289e-02 4.460706079771625809e-02
2.954110884047622676e-02 4.204622709585237317e-02
2.924832069720650907e-02 4.189735854379250668e-02
3.062010727762753959e-02 4.197038734491798095e-02
3.312081409558231826e-02 4.298012343861046247e-02
3.409338069786826964e-02 4.287898091206443496e-02
3.445553016672420199e-02 4.542500402385485359e-02
3.218413079912352259e-02 4.578779721123282798e-02
3.569210838350045378e-02 4.277276074935798533e-02
3.532755147489297087e-02 4.417890218974207528e-02
3.434232243625956471e-02 4.591060303573613055e-02
3.400194117739374633e-02 4.647322914752294309e-02
3.526052305414850707e-02 4.451593252088059671e-02
3.672767590205694432e-02 4.378896743946825154e-02
3.476968893255616422e-02 4.280951295004342683e-02
3.366433872315610643e-02 4.633899477266822942e-02
3.107824336211706395e-02 4.393802794584189542e-02
3.430453894134188886e-02 4.699213641652022488e-02
3.217199674281800981e-02 4.946095474952016957e-02
3.266951671275819535e-02 4.713041383729432710e-02
3.306679715342397685e-02 4.699475903544225730e-02
