5.874508786596056853e-02 3.092598254961488602e-02
0.000000000000000000e+00 0.000000000000000000e+00
9.736769832670688629e-03 7.502627093344926834e-03
1.918111834675073624e-02 1.253214338794350624e-02
2.787670120596885681e-02 1.828905194997787476e-02
3.585693426430225372e-02 2.261646371334791183e-02
4.290971346199512482e-02 2.308581810211762786e-02
4.634621203877031803e-02 2.998524386202916503e-02
4.423683113418519497e-02 2.279764547711238265e-02
4.701344668865203857e-02 2.789023279910907149e-02
4.316470143385231495e-02 2.196004096185788512e-02
4.526140075176954269e-02 2.600010804599151015e-02
4.253873694688081741e-02 2.392333507305011153e-02
4.310875642113387585e-02 2.880952454870566726e-02
4.361401422647759318e-02 2.554213389521464705e-02
4.178365640109404922e-02 2.656316506909206510e-02
4.185066513309720904e-02 2.292674902128055692e-02
3.873536411265376955e-02 2.855761145474389195e-02
4.186125939304474741e-02 2.497547428356483579e-02
4.235567276191432029e-02 2.817581203998997808e-02
4.146487895923200995e-02 2.194882213370874524e-02
4.800489336776081473e-02 2.084128203568980098e-02
4.909892707655671984e-02 2.265202341368421912e-02
4.536609935166779906e-02 2.513450075639411807e-02
4.587888049718458205e-02 2.192877110792323947e-02
4.667809292732272297e-02 2.014426648383960128e-02
4.594187125621829182e-02 1.517914602300152183e-02
4.632351144391577691e-02 1.908572384854778647e-02
4.553917275916319340e-02 1.902841398259624839e-02
5.009840002458076924e-02 1.930201717186719179e-02
4.802052622835617512e-02 1.724153838586062193e-02
4.793856031028553843e-02 2.328893716912716627e-02
4.959517956012859941e-02 2.036138472612947226e-02
4.568437958369031549e-02 2.492919133510440588e-02
4.786942253122106194e-02 2.368962753098458052e-02
4.618819017196074128e-02 1.900020136963576078e-02
4.693392053013667464e-02 2.458007808309048414e-02
4.714731230342295021e-02 1.830563775729387999e-02
4.882801066560205072e-02 1.306765701156109571e-02
4.654797328112181276e-02 2.199611521791666746e-02
4.365369745937641710e-02 2.190145409986143932e-02
4.669413388182874769e-02 1.688560775801306590e-02
4.701333343109581620e-02 2.057232174411183223e-02
5.070010236522648484e-02 2.647577065363293514e-02
4.732266011706087738e-02 2.052257933974033222e-02
4.833023845276329666e-02 2.131345782981952652e-02
4.682480871269945055e-02 1.817275219218572602e-02
4.956545402819756418e-02 2.315214330883463845e-02
4.813989393005613238e-02 2.233070905640488490e-02
4.650084070453885943e-02 2.274798446887871251e-02
4.860860762710217386e-02 1.756094334268709645e-02
