2.382126509353321708e-02 4.712130213986845395e-02
0.000000000000000000e+00 0.000000000000000000e+00
7.779569365084171295e-03 9.326955303549766541e-03
1.647891476750373840e-02 1.803456060588359833e-02
2.026278432458639145e-02 2.530558081343770027e-02
2.392662689089775085e-02 3.427267400547862053e-02
2.703260583803057671e-02 4.336311900988221169e-02
2.086006710305809975e-02 4.616182879544794559e-02
2.497173380106687546e-02 4.316277708858251572e-02
2.024602610617876053e-02 4.418987955432385206e-02
2.156407432630658150e-02 4.576041304972022772e-02
2.363689010962843895e-02 4.150627774652093649e-02
2.268711873330175877e-02 4.381353303324431181e-02
2.278941341501194984e-02 4.488114046398550272e-02
2.295427986246068031e-02 4.333321505691856146e-02
2.296609946370153921e-02 4.440015251748263836e-02
2.475853860687493579e-02 4.661702690646052361e-02
2.149155331153451698e-02 4.209438618272542953e-02
2.766793887440144317e-02 4.276846942957490683e-02
2.020370322588860290e-02 4.113614559173583984e-02
2.803691677127062576e-02 3.706042002886533737e-02
2.573720100645005004e-02 4.052759590558707714e-02
2.800800432760297554e-02 4.305212199687957764e-02
2.118577822420775192e-02 3.679547924548387527e-02
2.671125964570819633e-02 4.268012661486864090e-02
2.096309294302045600e-02 4.270212549636198673e-02
2.459751339938520687e-02 4.713513620117737446e-02
2.040019389551162021e-02 4.267734439963533077e-02
1.993286845117836492e-02 4.231876227458997164e-02
1.547963267967134016e-02 4.243986341498384718e-02
2.194828123629122274e-02 4.180129266205767635e-02
2.486033996410697000e-02 4.336265775236824993e-02
2.491212686163635226e-02 4.381897420716995839e-02
2.061413185310811969e-02 4.181746513677353505e-02
2.496847280872316333e-02 4.215172798467392568e-02
2.404219817708508344e-02 4.039719204047287349e-02
2.528980325314478250e-02 4.298918709719146136e-02
2.264945462684408994e-02 3.942475669646228198e-02
2.912729300896899076e-02 4.462542493456567172e-02
2.300727341662422987e-02 3.654254057073558215e-02
2.737210246141330572e-02 4.200429391676152591e-02
2.139146088029519888e-02 3.793185545691812877e-02
2.573992612178699346e-02 4.152900647932256106e-02
3.031192647631542059e-02 3.934196421505475882e-02
2.870061921294109197e-02 3.954154678831400815e-02
2.347539013589994283e-02 4.115958157672139350e-02
2.711246183480398031e-02 4.394609150222095195e-02
2.276725389401690336e-02 4.040098371660860721e-02
2.614290800283924909e-02 4.487670813432487193e-02
2.309561099264101358e-02 3.810315946793707553e-02
2.446059903468267294e-02 4.269692762500199024e-02
