4.243735092379559079e-03 4.990991298397624842e-02
0.000000000000000000e+00 0.000000000000000000e+00
4.581793677061796188e-03 9.973118081688880920e-03
9.400285314768552780e-03 1.995415426790714264e-02
1.308895088732242584e-02 2.991103567183017731e-02
1.416927913669496775e-02 3.962688148021697998e-02
1.413995782422716729e-02 4.795684479176998138e-02
1.325678509238059632e-02 5.245161661878228188e-02
1.314072650347952731e-02 5.035554780624806881e-02
1.174680273470585234e-02 4.785966780036687851e-02
1.023197513495688327e-02 5.408276198431849480e-02
1.025962930543755647e-02 5.440831181476823986e-02
9.169956863843253814e-03 5.352327585569582880e-02
6.533337020300677978e-03 5.231937472126446664e-02
6.189074911162606440e-03 5.576008147909305990e-02
4.665228500016382895e-03 5.519855211605317891e-02
1.565765551276854239e-03 5.164717513252981007e-02
5.473928376886760816e-04 5.715384896029718220e-02
-5.360735030990326777e-04 5.981591859017498791e-02
5.708384178433334455e-04 5.907241025124676526e-02
1.323611670159152709e-03 6.068188583594746888e-02
2.019778379690251313e-03 5.993347798357717693e-02
1.267247096620849334e-03 5.919571375125087798e-02
3.057892163269571029e-03 5.980538224685005844e-02
3.613252445575199090e-03 6.146825404721312225e-02
4.329669251092127524e-03 6.133694978780113161e-02
5.108201256007305346e-03 6.005867102066986263e-02
5.590592356384149753e-03 6.051046706852503121e-02
5.837003924170858227e-03 5.960326353670097888e-02
4.997556554371840321e-03 5.894521632581017911e-02
7.056979220578796230e-03 5.638424315839074552e-02
7.741353756500757299e-03 5.833553589764051139e-02
8.169118393198004924e-03 5.712205157033167779e-02
8.505953757776296698e-03 5.654127229354344308e-02
8.833707766825682484e-03 5.349469659267924726e-02
7.878738853833056055e-03 5.683096763095818460e-02
7.368943295659846626e-03 5.722979421261698008e-02
6.487597469458705746e-03 5.806309095351025462e-02
7.140082356272614561e-03 5.994091503089293838e-02
6.321777347693569027e-03 6.083076942013576627e-02
6.341772321320604533e-03 5.939277942525222898e-02
6.702641483570914716e-03 5.851460277335718274e-02
5.301506833347957581e-03 6.162162596592679620e-02
4.889441443083342165e-03 6.127532239770516753e-02
4.369727706944104284e-03 6.164217108744196594e-02
3.374650863406714052e-03 6.010293003055267036e-02
4.570727724058087915e-03 6.029528017097618431e-02
5.293079964758362621e-03 6.031150932358286809e-02
8.027011375816073269e-03 6.300177195043943357e-02
7.081837298755999655e-03 6.178497956534556579e-02
7.608641019032802433e-03 6.268541977442509960e-02
