5.366712210749249694e-03 4.985588815912156413e-02
0.000000000000000000e+00 0.000000000000000000e+00
5.828908644616603851e-03 9.370015934109687805e-03
1.211647596210241318e-02 1.935481280088424683e-02
1.551044778898358345e-02 2.928443159908056259e-02
1.824111281894147396e-02 3.873632103204727173e-02
1.931448513641953468e-02 4.833579994738101959e-02
1.795563520863652229e-02 5.496291723102331161e-02
1.420006575062870979e-02 5.253411619924008846e-02
1.288337295409291983e-02 5.461487849242985249e-02
1.103450485970824957e-02 5.397018394432961941e-02
8.866352611221373081e-03 5.623388965614140034e-02
6.821609917096793652e-03 5.849840468727052212e-02
6.933716715138871223e-03 5.284648179076611996e-02
6.293318474490661174e-03 5.254550575045868754e-02
5.437608582724351436e-03 5.480364192044362426e-02
6.018490421411115676e-03 6.030087912222370505e-02
7.334717090998310596e-03 5.916880926815792918e-02
6.731994340952951461e-03 5.507332616252824664e-02
4.779576913279015571e-03 5.516991429612971842e-02
5.943363539699930698e-03 5.579904132173396647e-02
5.934483639975951519e-03 5.232260414049960673e-02
6.640443439209775534e-03 5.547003439278341830e-02
7.698295964473800268e-03 5.135332877398468554e-02
1.033774097504647216e-02 5.345864096307195723e-02
1.121125181725801667e-02 5.200440090266056359e-02
1.275668104699434480e-02 4.636052323621697724e-02
1.471538746318401536e-02 5.488281862926669419e-02
1.331471172215970000e-02 4.897992804762907326e-02
1.641013831886084517e-02 5.614175487426109612e-02
1.366386269273789367e-02 5.507358539034612477e-02
1.048997263478668174e-02 5.278365130652673542e-02
1.153015354702802142e-02 5.935257396777160466e-02
1.235236027332575759e-02 5.658688399125821888e-02
1.326342914308042964e-02 5.248262968962080777e-02
1.339918944631790509e-02 5.334308472811244428e-02
1.313142035269265762e-02 5.035418955958448350e-02
1.309926245721726445e-02 5.797478169552050531e-02
1.275089536920859246e-02 5.602534741046838462e-02
1.259687280526122777e-02 5.378850080887787044e-02
1.267322158219030825e-02 5.024265145766548812e-02
1.316576811495906441e-02 5.641968568670563400e-02
1.317834946348739322e-02 5.387387887458316982e-02
1.107460957973671611e-02 5.237261319416575134e-02
9.906602897899574600e-03 5.656115917372517288e-02
1.030700900264491793e-02 5.783441089442931116e-02
1.113591764260490891e-02 5.369116677320562303e-02
8.857228580382070504e-03 5.731603139429353178e-02
9.912850704495212995e-03 5.374318719259463251e-02
9.906692948788986541e-03 5.419452785281464458e-02
8.728990384042845108e-03 5.510562181007117033e-02
