1.823620336143363767e-03 4.998337066167356235e-02
0.000000000000000000e+00 0.000000000000000000e+00
4.917749203741550446e-03 9.993410669267177582e-03
7.992371218279004097e-03 1.991784851998090744e-02
1.110186916776001453e-02 2.989464346319437027e-02
1.273894053883850574e-02 3.985904809087514877e-02
1.343697769334539771e-02 4.973850958049297333e-02
1.406183344079181552e-02 5.886467918753623962e-02
1.287577202310785651e-02 5.487154610455036163e-02
1.285446455585770309e-02 5.999351758509874344e-02
1.110545147093944252e-02 6.419095303863286972e-02
1.374175163800828159e-02 6.152339139953255653e-02
1.226969456183724105e-02 5.745732458308339119e-02
1.157039383542723954e-02 6.301604863256216049e-02
1.037233756505884230e-02 5.791109194979071617e-02
9.029438981087878346e-03 6.114678247831761837e-02
7.643122022273018956e-03 5.474323430098593235e-02
8.449383283732458949e-03 6.382726063020527363e-02
9.860029647825285792e-03 5.943005322478711605e-02
9.890389868814963847e-03 6.126410246361047029e-02
1.176369225868256763e-02 5.917552125174552202e-02
1.021347149071516469e-02 6.522739783395081758e-02
9.640287033107597381e-03 5.976118717808276415e-02
1.153237326798262075e-02 6.050212413538247347e-02
1.069843280856730416e-02 6.220729975029826164e-02
1.119074569578515366e-02 5.676254443824291229e-02
1.022267808002652600e-02 6.202727369964122772e-02
1.163445937709184363e-02 6.353410764131695032e-02
1.036660071258665994e-02 6.040403421502560377e-02
1.170042390731396154e-02 6.047401841351529583e-02
1.114132040675031021e-02 5.566159061709186062e-02
1.154415959172183648e-02 6.159448654943844303e-02
1.150146180589217693e-02 6.269558224448701367e-02
1.355244086880702525e-02 5.944638893561204895e-02
1.471709886391181499e-02 6.199248236225685105e-02
1.483594813907984644e-02 6.031657437415560707e-02
1.556519542646128684e-02 5.711073739075800404e-02
1.422955673479009420e-02 5.934233645530184731e-02
1.300108952273149043e-02 5.681365596683463082e-02
1.310607356572290882e-02 5.919061772146960720e-02
1.379762807482620701e-02 6.283645246730884537e-02
1.391256728675216436e-02 6.142522076697787270e-02
1.504405774176120758e-02 5.972849527461221442e-02
1.595377241028472781e-02 5.498627662746002898e-02
1.685872231610119343e-02 6.344875037757446989e-02
1.471739797852933407e-02 5.984218438243260607e-02
1.605229766573756933e-02 6.284865453926613554e-02
1.789469865616410971e-02 5.807525241834810004e-02
1.751548080937936902e-02 6.087382506666472182e-02
1.646575244376435876e-02 6.237350773153593764e-02
1.435253774980083108e-02 5.804532297042896971e-02
