4.055810594504226374e-02 4.140590813591170372e-02
0.000000000000000000e+00 0.000000000000000000e+00
9.837731719017028809e-03 9.251309558749198914e-03
1.754146488383412361e-02 1.773999352008104324e-02
2.676591044291853905e-02 2.561437804251909256e-02
3.175211045891046524e-02 3.419894166290760040e-02
3.913138480857014656e-02 3.508360567502677441e-02
3.345613880082964897e-02 4.317225399427115917e-02
4.070197511464357376e-02 3.874778584577143192e-02
3.696789429523050785e-02 3.762658196501433849e-02
3.450070321559906006e-02 3.536066506057977676e-02
3.595324337948113680e-02 3.392116050235927105e-02
3.761922172270715237e-02 3.635049797594547272e-02
3.597644623368978500e-02 3.061319887638092041e-02
4.037249600514769554e-02 3.537528309971094131e-02
3.600424807518720627e-02 3.114180732518434525e-02
3.829342522658407688e-02 2.713714912533760071e-02
3.144437796436250210e-02 3.574897348880767822e-02
3.733391291461884975e-02 3.129813494160771370e-02
4.153759474866092205e-02 2.760158618912100792e-02
3.953755553811788559e-02 3.572915634140372276e-02
3.499598335474729538e-02 3.177648456767201424e-02
3.658057877328246832e-02 2.916794223710894585e-02
3.360885207075625658e-02 2.828072296688333154e-02
3.904554399196058512e-02 3.352270560571923852e-02
3.561493672896176577e-02 2.909582346910610795e-02
3.625741635914891958e-02 3.185337741160765290e-02
3.237118048127740622e-02 3.213514166418462992e-02
3.714670462068170309e-02 2.831768186297267675e-02
3.651783987879753113e-02 3.309344209264963865e-02
4.353271611034870148e-02 3.336035169195383787e-02
3.900524321943521500e-02 3.719424863811582327e-02
3.598285629414021969e-02 3.483258152846246958e-02
4.097264935262501240e-02 3.521686934982426465e-02
3.538080980069935322e-02 3.629264378105290234e-02
4.224200383760035038e-02 3.307508796569891274e-02
3.593179374001920223e-02 3.905108643812127411e-02
4.258199804462492466e-02 3.283567473408766091e-02
4.017758485861122608e-02 3.411795655847527087e-02
3.583892132155597210e-02 3.340905168442986906e-02
4.139161831699311733e-02 3.189350941102020442e-02
4.255314473994076252e-02 4.027171895722858608e-02
3.917975444346666336e-02 3.867178488872013986e-02
3.684239997528493404e-02 3.631640723324380815e-02
4.173162463121116161e-02 3.545776536338962615e-02
4.137189273023977876e-02 3.336568773374892771e-02
3.713558340677991509e-02 3.406379520311020315e-02
3.562441671965643764e-02 3.533920701011084020e-02
4.450983478454872966e-02 3.195543595938943326e-02
3.841396857751533389e-02 4.020297070383094251e-02
4.242490342585369945e-02 3.607151992036961019e-02
