2.398019332841951415e-02 4.708218337023341304e-02
0.000000000000000000e+00 0.000000000000000000e+00
7.549735251814126968e-03 9.950918145477771759e-03
1.479956973344087601e-02 1.972368825227022171e-02
2.184056397527456284e-02 2.937449794262647629e-02
2.805063361302018166e-02 3.840411826968193054e-02
3.037213324569165707e-02 4.523698240518569946e-02
2.561430470086634159e-02 4.320906964130699635e-02
2.537785010645166039e-02 4.700859868898987770e-02
2.358915534568950534e-02 4.933104827068746090e-02
2.181941125309094787e-02 4.695348464883863926e-02
2.380295953480526805e-02 4.758758982643485069e-02
2.167287253541871905e-02 4.547419748269021511e-02
1.893589406972751021e-02 4.303106456063687801e-02
2.265268954215571284e-02 3.760877833701670170e-02
2.615854161558672786e-02 4.511514888145029545e-02
2.444232424022629857e-02 4.240026115439832211e-02
2.951643551932647824e-02 4.462018003687262535e-02
2.356395620154216886e-02 4.585730307735502720e-02
2.458120713708922267e-02 4.437162936665117741e-02
2.218926156638190150e-02 4.917512112297117710e-02
2.485640248050913215e-02 4.692825186066329479e-02
2.388356352457776666e-02 4.609424999216571450e-02
2.316298329969868064e-02 4.332123213680461049e-02
2.476996387122198939e-02 3.962034039432182908e-02
2.472420240519568324e-02 4.443443805212154984e-02
2.517952109337784350e-02 4.121979029150679708e-02
2.713271640823222697e-02 4.782860755221918225e-02
2.261290457681752741e-02 4.644112050300464034e-02
1.942790663451887667e-02 4.861470166360959411e-02
1.964481985487509519e-02 4.453338118037208915e-02
1.773341752414125949e-02 5.034660076489672065e-02
1.975644922640640289e-02 4.731816396815702319e-02
2.119341942307073623e-02 4.613955965032801032e-02
2.123338910314487293e-02 4.704838024917989969e-02
2.407908993336604908e-02 4.440999391954392195e-02
2.721735434170113876e-02 4.322817514184862375e-02
2.831992699793772772e-02 4.743102251086384058e-02
2.578012069716351107e-02 5.312348308507353067e-02
2.710665780614363030e-02 5.271902921958826482e-02
2.292959875921951607e-02 5.078032796154730022e-02
2.318988031038315967e-02 4.823675632360391319e-02
2.151778166444273666e-02 5.030606032232753932e-02
2.014296246488811448e-02 4.580705749685876071e-02
2.088578890106873587e-02 4.584775674084085040e-02
2.288652613788144663e-02 4.646103370396303944e-02
2.343571495293872431e-02 4.497969797739642672e-02
2.491102525527821854e-02 4.542348674658569507e-02
2.524511286901542917e-02 4.712322762861731462e-02
2.658168625930557027e-02 4.965851352244499139e-02
2.830998964054742828e-02 4.989534303240361623e-02
