4.560223334158436566e-03 4.989596770211797427e-02
0.000000000000000000e+00 0.000000000000000000e+00
5.454753525555133820e-03 9.890524670481681824e-03
1.166905509307980537e-02 1.963869482278823853e-02
1.653897250071167946e-02 2.952348347753286362e-02
1.916627003811299801e-02 3.936739265918731689e-02
1.969729975098744035e-02 4.844018723815679550e-02
1.849956234218552709e-02 5.168232228606939316e-02
1.741756038973107934e-02 5.289010307751595974e-02
1.532938849413767457e-02 5.418789642862975597e-02
1.341170986415818334e-02 5.414336520334472880e-02
1.358059485210105777e-02 5.387781518948031589e-02
1.360187728641903959e-02 5.883995402109576389e-02
1.232302331118262373e-02 5.885683286396670155e-02
1.261560938655748032e-02 5.812960433468106203e-02
1.412665861062123440e-02 5.793126273420057260e-02
1.168958557173027657e-02 5.473779976819059812e-02
1.215408456846489571e-02 5.972025447044870816e-02
1.162742153610452078e-02 5.898903603883809410e-02
1.148055509474943392e-02 5.828547713099396788e-02
9.793936198548180982e-03 5.631708565852022730e-02
1.013653653717483394e-02 5.530647109480923973e-02
1.009462851288844831e-02 6.066045831175870262e-02
9.240527946531074122e-03 5.954443293376243673e-02
7.220576128020184115e-03 5.806543308062828146e-02
7.335559446801198646e-03 5.687203901106840931e-02
7.971823546540690586e-03 5.934121031532413326e-02
9.253473584976745769e-03 5.820823754402226768e-02
8.560270984162343666e-03 6.306195692377514206e-02
7.724461302132112905e-03 6.385898901135078631e-02
6.865967279736651108e-03 6.203295124214491807e-02
7.570906640467001125e-03 5.999660209272406064e-02
7.035804137558443472e-03 5.836656535029760562e-02
6.184798239701194689e-03 6.426493575781933032e-02
7.533521431469125673e-03 6.114026353679946624e-02
9.116552810155553743e-03 6.321498783290735446e-02
8.341290737007511780e-03 6.179657191023579799e-02
9.122733823460293934e-03 6.022529871188453399e-02
8.056101021793438122e-03 6.029174119976232760e-02
8.900500932213617489e-03 5.920939174757222645e-02
9.307922515290556476e-03 5.925015893808449619e-02
8.979865127912489697e-03 5.599896398416603915e-02
9.724901708977995440e-03 5.224098542748834006e-02
1.132789587063598447e-02 5.853679494975949638e-02
1.040806570017593913e-02 5.537065535827423446e-02
1.178872021773713641e-02 5.987694997384096496e-02
1.208733352177659981e-02 5.805067681285436265e-02
1.168612514084088616e-02 5.918418195142294280e-02
1.230973396377521567e-02 5.836114134217496030e-02
1.224050316886859946e-02 5.718261991205508821e-02
9.898864384012995288e-03 5.739898238607565872e-02
