2.440139097232778970e-02 4.697717318325793368e-02
0.000000000000000000e+00 0.000000000000000000e+00
9.069161489605903625e-03 9.930059313774108887e-03
1.723298989236354828e-02 1.986592449247837067e-02
2.487306995317339897e-02 2.956328541040420532e-02
3.084197174757719040e-02 3.928705304861068726e-02
3.019656194373965263e-02 4.363919328898191452e-02
2.918655413668602705e-02 4.618866508826613426e-02
3.024524229113012552e-02 4.841489135287702084e-02
3.118599904701113701e-02 4.738328990060836077e-02
3.169594774954020977e-02 4.404692479874938726e-02
3.003429609816521406e-02 4.741228523198515177e-02
2.937100548297166824e-02 4.372988303657621145e-02
3.476645471528172493e-02 4.461327986791729927e-02
3.241577744483947754e-02 5.025506671518087387e-02
3.345843672286719084e-02 5.221365136094391346e-02
3.394757030764594674e-02 5.244803351524751633e-02
3.224142669932916760e-02 5.087398986506741494e-02
3.419225924881175160e-02 5.154122451494913548e-02
3.235054138349369168e-02 5.124964159040246159e-02
3.187218611128628254e-02 4.968477053625974804e-02
3.113558713812381029e-02 4.596282531565520912e-02
3.260689799208194017e-02 4.477945437247399241e-02
3.322927653789520264e-02 4.237976182776037604e-02
3.588586742989718914e-02 4.454201554472092539e-02
3.487439570017158985e-02 4.483247968892101198e-02
3.595644771121442318e-02 4.454351220920216292e-02
3.703423915430903435e-02 4.451549325858650263e-02
3.590346034616231918e-02 4.548645169961673673e-02
3.617592627415433526e-02 4.629162220771831926e-02
3.721884306287392974e-02 4.722724108978582080e-02
3.550641477340832353e-02 4.871648223161173519e-02
3.353000694187358022e-02 4.589781909271550830e-02
3.373074583942070603e-02 4.591431765766174067e-02
3.388392977649345994e-02 4.654818680319294799e-02
3.197850525612011552e-02 4.648309257208893541e-02
3.028044878738000989e-02 4.362242725073883776e-02
2.939763071481138468e-02 4.157557394682953600e-02
3.337643027771264315e-02 3.900277042157540563e-02
3.859563230071216822e-02 4.144546399220416788e-02
4.036078683566302061e-02 3.886911399058590177e-02
3.888839890714734793e-02 4.245911361977050547e-02
3.922098208568058908e-02 4.398177143048087601e-02
4.024185947491787374e-02 4.250837266772578005e-02
3.859393051243387163e-02 4.102643670375982765e-02
3.764207477797754109e-02 4.314378786693850998e-02
3.645967485499568284e-02 4.596834464791754726e-02
3.318086758372373879e-02 4.562947021076979581e-02
3.491827021935023367e-02 4.679159628904017154e-02
3.332320708432234824e-02 4.769537790889444295e-02
3.355903047486208379e-02 4.559985438572766725e-02
