4.168733493988039523e-02 4.089645815767646575e-02
0.000000000000000000e+00 0.000000000000000000e+00
9.623764082789421082e-03 8.944818750023841858e-03
1.881211996078491211e-02 1.724781189113855362e-02
2.650649286806583405e-02 2.409349707886576653e-02
3.394895885139703751e-02 2.902413019910454750e-02
4.290744382888078690e-02 3.077492839656770229e-02
3.967154235579073429e-02 3.954113624058663845e-02
3.978020996873965487e-02 3.480110201053321362e-02
3.742912198504200205e-02 4.185129166580736637e-02
4.077741756191244349e-02 3.474951977841556072e-02
4.074036135352798738e-02 3.309740545228123665e-02
3.811748713269480504e-02 4.014125326648354530e-02
4.207171887173899449e-02 3.808337729424238205e-02
3.595582643538364209e-02 3.266227897256612778e-02
4.005258452161797322e-02 3.463710471987724304e-02
4.177304034601547755e-02 3.677652170881628990e-02
3.801706157173612155e-02 3.024458233267068863e-02
3.824364982210681774e-02 3.839587699621915817e-02
3.933189943563775159e-02 3.213888080790638924e-02
3.925746038657962345e-02 3.586502093821763992e-02
4.103318764464347623e-02 3.919659857638180256e-02
3.586606005774228834e-02 3.677775221876800060e-02
4.160429187686531805e-02 3.524984198156744242e-02
3.911569434785633348e-02 3.238260943908244371e-02
3.907311994407791644e-02 3.604396537411957979e-02
3.935703831666614860e-02 3.250410163309425116e-02
3.509091083833482116e-02 3.924776881467550993e-02
4.376121480891015381e-02 3.633105859626084566e-02
3.848564355575945228e-02 3.306880581658333540e-02
3.606964914069976658e-02 3.927909245248883963e-02
3.779443351959344000e-02 3.332123102154582739e-02
3.906348194868769497e-02 2.883383992593735456e-02
3.770268590596970171e-02 3.089973807800561190e-02
4.119170339254196733e-02 3.590998856816440821e-02
3.590481982973869890e-02 3.552895574830472469e-02
3.696603524440433830e-02 3.172101289965212345e-02
4.137859689944889396e-02 3.416767274029552937e-02
3.742093044274952263e-02 3.380342278978787363e-02
3.719716686464380473e-02 3.183903484023176134e-02
3.671600182133261114e-02 3.225754288723692298e-02
4.140297953563276678e-02 2.799394534667953849e-02
3.476287635567132384e-02 3.699798037996515632e-02
3.471460136279347353e-02 3.277149325003847480e-02
4.109834077462437563e-02 2.955008641583845019e-02
3.569483839601161890e-02 3.822126396698877215e-02
3.364802327632787637e-02 3.381434100447222590e-02
3.704790085248532705e-02 3.261864738306030631e-02
3.034283512897673063e-02 3.749906964367255569e-02
3.718941298939171247e-02 3.149726422270759940e-02
3.656203475475194864e-02 3.574074985226616263e-02
