2.446401830370224795e-02 4.696139339157684445e-02
0.000000000000000000e+00 0.000000000000000000e+00
9.322362951934337616e-03 9.281869046390056610e-03
1.749444566667079926e-02 1.869762688875198364e-02
2.535392902791500092e-02 2.575780404731631279e-02
2.785590779967606068e-02 3.237283695489168167e-02
2.899385697674006224e-02 4.051392525434494019e-02
3.057286620605736971e-02 3.930157632566988468e-02
2.486549702007323503e-02 4.489138792268931866e-02
3.093149012420326471e-02 4.338790371548384428e-02
2.518935047555714846e-02 3.963364439550787210e-02
3.146013349760323763e-02 3.784154017921537161e-02
2.778952347580343485e-02 4.136825387831777334e-02
3.064080572221428156e-02 4.157639091135933995e-02
2.672263944987207651e-02 4.248759930487722158e-02
2.881836483720690012e-02 4.343403165694326162e-02
2.372931002173572779e-02 4.081828671041876078e-02
2.442958590108901262e-02 4.160487250192090869e-02
2.428794262232258916e-02 4.550261556869372725e-02
2.579325198894366622e-02 4.312510433373972774e-02
2.945833437843248248e-02 4.635814129142090678e-02
2.414159075124189258e-02 4.133454262046143413e-02
2.993603487266227603e-02 4.646958521334454417e-02
2.345055592013522983e-02 4.090707021532580256e-02
2.470366371562704444e-02 4.303482727846130729e-02
2.421580150257796049e-02 4.165751888649538159e-02
2.952987502794712782e-02 4.047718300716951489e-02
2.750818629283457994e-02 3.942371142329648137e-02
2.473419450689107180e-02 4.137482884107157588e-02
2.435798788792453706e-02 4.550471546826884151e-02
2.514308234094642103e-02 4.229280486470088363e-02
2.001074104919098318e-02 4.373622668208554387e-02
2.832409608527086675e-02 3.690185892628505826e-02
2.576387985027395189e-02 4.117776016937568784e-02
3.218931503943167627e-02 4.169001319678500295e-02
2.418589763692580163e-02 3.880623384611681104e-02
2.537787015899084508e-02 4.196659132139757276e-02
2.944348854362033308e-02 4.397213860647752881e-02
2.539278203039430082e-02 4.085166734876111150e-02
2.652368004783056676e-02 3.825084079289808869e-02
2.779224453843198717e-02 4.067200637655332685e-02
2.272030882886610925e-02 4.465830774279311299e-02
2.774563929415307939e-02 4.124452691758051515e-02
2.938354990328662097e-02 3.942123876186087728e-02
2.471814255113713443e-02 4.484818532364442945e-02
3.006757327239029109e-02 4.178284021327272058e-02
2.296111776377074420e-02 4.529125645058229566e-02
2.577497062156908214e-02 4.562446070485748351e-02
2.607651529251597822e-02 4.573446703579975292e-02
2.661221203743480146e-02 4.495341615256620571e-02
2.252888641669414937e-02 4.197232383739901707e-02
