3.800688905816440935e-03 4.992774771724420302e-02
0.000000000000000000e+00 0.000000000000000000e+00
5.374467466026544571e-03 9.487819857895374298e-03
8.904091082513332367e-03 1.926017086952924728e-02
9.650674997828900814e-03 2.917811088263988495e-02
1.303016522433608770e-02 3.889722842723131180e-02
1.695629663299769163e-02 4.835915192961692810e-02
1.941253955010324717e-02 5.723327957093715668e-02
1.411172060761600733e-02 5.520941875874996185e-02
1.108873460907489061e-02 5.373307666741311550e-02
1.455783925484865904e-02 5.772201507352292538e-02
1.701716624666005373e-02 5.946570367086678743e-02
1.802512723952531815e-02 5.607604596298187971e-02
1.640889246482402086e-02 5.427305202465504408e-02
1.640970070377534284e-02 5.043000925797969103e-02
1.796536284030025854e-02 5.741001118440181017e-02
1.817012029289344355e-02 5.812206730479374528e-02
1.561173294260242983e-02 5.937326414277777076e-02
1.413270456771442696e-02 5.886248749447986484e-02
1.336058663957828685e-02 5.317851918516680598e-02
1.641328136258835002e-02 6.056388717843219638e-02
1.846883810878807708e-02 5.766032560495659709e-02
1.644656217479223415e-02 5.274201993597671390e-02
1.839820183170104428e-02 6.132991675985977054e-02
1.611046403934324189e-02 5.931722762761637568e-02
1.406010966104531690e-02 5.718528287252411246e-02
1.408533434562286857e-02 5.806439055595546961e-02
1.492789483575052145e-02 5.542627477552741766e-02
1.589440679356357577e-02 6.174949777778238058e-02
1.716817109092971805e-02 5.702711024787276983e-02
1.742611970814778033e-02 6.140621693339198828e-02
1.626170723295672360e-02 5.804796318989247084e-02
1.613781957541959855e-02 5.852278688689693809e-02
1.586856333426567289e-02 5.765848438022658229e-02
1.401854843254568550e-02 6.257210270268842578e-02
1.595440240464540693e-02 6.053836474893614650e-02
1.383288846238883707e-02 5.663758533773943782e-02
1.070660156085523340e-02 5.658520537326694466e-02
1.401806030310126516e-02 5.859967309879721142e-02
1.623156446851226065e-02 5.980993702905834652e-02
1.579741913712950918e-02 5.749706121059716679e-02
1.793486195504101488e-02 6.184138718890608288e-02
1.287437266557844850e-02 6.212916438016691245e-02
1.442604839223804447e-02 6.456114937100210227e-02
1.522853191829653952e-02 6.589308186448761262e-02
1.801409887968929979e-02 6.372643649592646398e-02
1.203748992531927797e-02 6.010075394078739919e-02
1.381751349083515379e-02 5.646701940349885263e-02
1.506624861042382690e-02 5.751039149254211225e-02
1.342087729256036255e-02 6.172958822935470380e-02
1.639528736825468513e-02 5.660348866149433888e-02
