2.260740241695890357e-02 4.741101249837043063e-02
0.000000000000000000e+00 0.000000000000000000e+00
9.311093948781490326e-03 9.564246982336044312e-03
1.845521386712789536e-02 1.937272306531667709e-02
2.544245263561606407e-02 2.844682335853576660e-02
2.951203240081667900e-02 3.738412447273731232e-02
2.854300930630415678e-02 4.130250494927167892e-02
3.096800029743462801e-02 4.454407491721212864e-02
2.896749798674136400e-02 4.617983021307736635e-02
2.897987906362686772e-02 4.071967967320233583e-02
3.149382416631851811e-02 4.325202933978289366e-02
2.923295572873030324e-02 4.226081073284149170e-02
2.626012051950965542e-02 4.144883394474163651e-02
2.989302478272293229e-02 4.267261497443541884e-02
2.962572955766518135e-02 3.945948131149634719e-02
3.024603509584267158e-02 4.295086854835972190e-02
2.653124359676439781e-02 4.293751889599661808e-02
2.530400130672205705e-02 4.207973657867114525e-02
2.953715065268625040e-02 4.064642310368071776e-02
3.145979497821826953e-02 3.710432232583116274e-02
3.155727241573913489e-02 4.132817567551683169e-02
2.707916614053829107e-02 3.913731289321731310e-02
2.695965346538287122e-02 4.047164505573164206e-02
2.887325930532824714e-02 3.675938442574988585e-02
2.578374381300818641e-02 3.802157715654175263e-02
3.151256787714373786e-02 4.137482480837206822e-02
3.264572609805327374e-02 4.041950659120630007e-02
3.460476383224886376e-02 4.209493110647599678e-02
3.030947664410632569e-02 4.310181083383213263e-02
3.119621971745800693e-02 4.147778100559662562e-02
3.779190765817475040e-02 4.092955715714197140e-02
3.230613131199788768e-02 4.256955264827411156e-02
2.932927628171455581e-02 4.057633234879176598e-02
3.074152486988168675e-02 4.026670411803934257e-02
3.811468601816159207e-02 4.083700490991759580e-02
3.564333215945225675e-02 3.910205444663006347e-02
3.260874351144593675e-02 3.792388587135064881e-02
3.800795994357031304e-02 3.753116696134384256e-02
3.521925419227045495e-02 3.984077174209232908e-02
3.559624163790431339e-02 3.941713411586533766e-02
3.141577720998611767e-02 4.075886330792855006e-02
3.874067768811073620e-02 4.084125480403599795e-02
3.384563040344801266e-02 4.152867517223057803e-02
3.386407208017772064e-02 4.180453498520364519e-02
3.594900204188888893e-02 3.828466511004080530e-02
3.325425765797263011e-02 3.391436221681942698e-02
3.913249147444730625e-02 3.778278585195948835e-02
3.446673906728392467e-02 3.481442215525021311e-02
3.841633328556781635e-02 3.611888889827241655e-02
4.310674059524899349e-02 4.051261408858408686e-02
3.783266225218540058e-02 3.682843562819471117e-02
