4.946868860897875655e-03 4.987756749377249277e-02
0.000000000000000000e+00 0.000000000000000000e+00
4.804639611393213272e-03 9.910102002322673798e-03
8.927553426474332809e-03 1.985629647970199585e-02
1.131875813007354736e-02 2.978681121021509171e-02
1.253724389243870974e-02 3.969847224652767181e-02
1.494113134685903788e-02 4.930405877530574799e-02
1.440140476915985346e-02 5.905883107334375381e-02
1.030064106453210115e-02 6.189682264812290668e-02
8.918959531001746655e-03 5.531837814487516880e-02
7.178054540418088436e-03 6.200722814537584782e-02
6.079476559534668922e-03 6.072286132257431746e-02
4.807253018952906132e-03 5.840328999329358339e-02
5.801954423077404499e-03 6.108933279756456614e-02
3.278525662608444691e-03 6.002025015186518431e-02
2.602510678116232157e-03 5.732793349307030439e-02
2.578183639343478717e-03 6.094068067613989115e-02
4.979379338692524470e-03 5.957686679903417826e-02
3.226154696676530875e-03 5.674307246226817369e-02
2.192912370446720161e-03 6.123983266297727823e-02
1.294754425543942489e-03 6.297206762246787548e-02
3.531289965394535102e-03 6.478345510549843311e-02
5.294822136420407332e-03 6.535191653529182076e-02
5.940922166701056994e-03 6.184889149153605103e-02
6.354803694193833508e-03 6.162384223716799170e-02
8.134586396408849396e-03 5.987298979016486555e-02
6.728773945724242367e-03 5.901886000356171280e-02
6.409750823877402581e-03 6.094382658193353564e-02
4.647626579753705300e-03 5.801296724530402571e-02
4.140060258578159846e-03 5.291088648664299399e-02
3.215990416720160283e-03 5.445184769632760435e-02
2.929478048827149905e-03 5.895340234565082937e-02
3.005555032359552570e-03 5.425519520940724760e-02
3.490435237836209126e-03 5.755696703272406012e-02
3.403096556212403812e-03 5.577349303348455578e-02
3.105765945292660035e-03 6.153898000775370747e-02
5.284792548991390504e-03 6.319600577990058810e-02
7.799092951245256700e-03 6.156569604354444891e-02
7.437801201376714744e-03 5.935555465111974627e-02
1.091391777481476311e-02 5.897031076892744750e-02
9.310484960224130191e-03 5.362035012512933463e-02
1.216379492871055845e-02 5.894334991171490401e-02
1.070738232556323055e-02 5.695617575838696212e-02
1.259484326328674797e-02 5.583253763325046748e-02
1.387394939411024097e-02 5.250180749862920493e-02
1.284023558582703117e-02 5.753935971006285399e-02
1.044377542893926147e-02 5.268556629016529769e-02
1.131336423895845655e-02 5.855467081710230559e-02
1.296322790767590050e-02 5.862466097460128367e-02
1.363538471377978567e-02 5.698278549243696034e-02
1.249270348671416286e-02 5.973023179103620350e-02
