2.232523650943379900e-02 4.747606790796314591e-02
0.000000000000000000e+00 0.000000000000000000e+00
9.002089500427246094e-03 9.299752302467823029e-03
1.588325016200542450e-02 1.877712644636631012e-02
2.138803945854306221e-02 2.863691840320825577e-02
2.632431359961628914e-02 3.557768836617469788e-02
3.095359401777386665e-02 4.006279213353991508e-02
3.320815158076584339e-02 4.335310310125350952e-02
3.791808406822383404e-02 4.035276756621897221e-02
3.515649843029677868e-02 4.173146351240575314e-02
3.599788591964170337e-02 4.005356656853109598e-02
3.467599913710728288e-02 4.404419299680739641e-02
3.560102981282398105e-02 4.305458778981119394e-02
3.681904956465587020e-02 4.591170779895037413e-02
4.160473722731694579e-02 4.806946136523038149e-02
3.624116809805855155e-02 4.804777481149358209e-02
3.505316766677424312e-02 4.858596895610389765e-02
3.350705240154638886e-02 4.900434228147787508e-02
3.424626204650849104e-02 4.731095406714302953e-02
3.217544534709304571e-02 4.822640626480279025e-02
3.367765643633902073e-02 4.852117864902538713e-02
3.112810361199080944e-02 4.820044428015535232e-02
3.281386359594762325e-02 4.980043550858681556e-02
3.334803920006379485e-02 4.816923403086548205e-02
3.413974144496023655e-02 4.447178585360234138e-02
3.569234232418239117e-02 4.387018488159810659e-02
3.628661966649815440e-02 4.703951751253043767e-02
3.571391920559108257e-02 4.880796578618173953e-02
3.475002152845263481e-02 4.776536727695201989e-02
3.470220489543862641e-02 4.696253264228289481e-02
3.474093956901924685e-02 4.629207934158330318e-02
3.414774582051904872e-02 4.602772203179483768e-02
3.457159444951685145e-02 4.792975269629096147e-02
3.585492657293798402e-02 4.776996099644748028e-02
3.313184437138261274e-02 4.701189364095625933e-02
3.394026571913855150e-02 4.240627440412936267e-02
3.483333159965695813e-02 3.841017273043689784e-02
3.597015667037339881e-02 4.224368224640784319e-02
3.201118030847283080e-02 4.238725433788204100e-02
3.451433208101661876e-02 4.373043185296410229e-02
3.967877419927390292e-02 4.634586806605511811e-02
3.850579413847299293e-02 4.506116026277595665e-02
3.579456604347797111e-02 4.560266485168540385e-02
3.437491099612088874e-02 4.550730397568258923e-02
3.474072615063050762e-02 4.557541300709999632e-02
3.521148957224795595e-02 4.649224449349276256e-02
3.530428088561166078e-02 4.357619155598513316e-02
3.877338320307899266e-02 4.287267141444317531e-02
3.603821010619867593e-02 3.901928537925414275e-02
3.904796690039802343e-02 4.395144447153143119e-02
3.693820997432339936e-02 4.578159193442843389e-02
