-3.548136963081917339e-02 4.349370251049630709e-02
0.000000000000000000e+00 0.000000000000000000e+00
-9.565844200551509857e-03 9.539751335978507996e-03
-1.935489941388368607e-02 1.905748527497053146e-02
-2.857932448387145996e-02 2.771850861608982086e-02
-3.505066456273198128e-02 3.509415034204721451e-02
-3.344153589569032192e-02 3.575536608695983887e-02
-3.234717075247317553e-02 3.559271157428156585e-02
-3.150577971246093512e-02 3.798518241092097014e-02
-2.830426057334989309e-02 3.775318981206510216e-02
-2.719007933046668768e-02 3.788359047030098736e-02
-2.636288607027381659e-02 3.971617811475880444e-02
-2.604446854093112051e-02 4.147456042119301856e-02
-2.216043570660986006e-02 4.022449548938311636e-02
-2.306747654802165926e-02 4.174857077305205166e-02
-2.370616115513257682e-02 4.393585983780212700e-02
-2.206513445707969368e-02 4.429871382308192551e-02
-2.066735792323015630e-02 4.255183998611755669e-02
-2.407173611572943628e-02 4.600906677660532296e-02
-2.175884935422800481e-02 4.284695468959398568e-02
-2.087418295559473336e-02 4.410031871520914137e-02
-2.053180316579528153e-02 4.574552844860590994e-02
-2.009587269276380539e-02 4.436313340556807816e-02
-2.179556700866669416e-02 4.423198768927250057e-02
-2.217931661289185286e-02 4.306144548172596842e-02
-2.283426793292164803e-02 4.408283894008491188e-02
-2.222143684048205614e-02 4.403860216189059429e-02
-2.281911286991089582e-02 4.253874731875839643e-02
-2.252315197256393731e-02 4.153739114917698316e-02
-2.107672012061811984e-02 4.248628516143071465e-02
-2.244943418190814555e-02 4.231882531530573033e-02
-2.281314588617533445e-02 4.354115441310568713e-02
-2.271585084235994145e-02 4.387505724662332796e-02
-2.170590857713250443e-02 4.289732477263896726e-02
-2.334009983314899728e-02 4.288882574655872304e-02
-2.563519693649141118e-02 4.135714679614466149e-02
-2.348674751556245610e-02 3.845266786993306596e-02
-2.691113377659348771e-02 4.089376422234636266e-02
-2.429016271344153211e-02 3.932493725915264804e-02
-2.493041793786687776e-02 4.085346973624837119e-02
-2.406098884966922924e-02 3.986143156544130761e-02
-2.422050518362084404e-02 4.017289444345806260e-02
-2.592533923598239198e-02 4.098693888408888597e-02
-2.723821314430097118e-02 4.117929618405469228e-02
-2.514716788573423401e-02 4.104234319129318465e-02
-2.513397261009231443e-02 4.108989100677717943e-02
-2.434775038364023203e-02 4.008734332637686748e-02
-2.435756130762456451e-02 4.073991762015793938e-02
-2.361998601736559067e-02 4.069490002257225569e-02
-2.445557579085289035e-02 4.193319955629704054e-02
-2.417892560515610967e-02 4.076967695982602891e-02
