-1.764590250437695490e-02 4.843079865979968424e-02
0.000000000000000000e+00 0.000000000000000000e+00
-3.040529321879148483e-03 9.989013895392417908e-03
3.167449496686458588e-03 1.996328309178352356e-02
5.857894662767648697e-03 2.995132841169834137e-02
9.324274258688092232e-03 3.987107612192630768e-02
1.186756859533488750e-02 4.912985395640134811e-02
1.422336813993752003e-02 5.325134098529815674e-02
1.335735799511894584e-02 5.626094876788556576e-02
1.401631592307239771e-02 5.457970919087529182e-02
1.343839702894911170e-02 5.461466969791217707e-02
1.267305610235780478e-02 5.369299655649228953e-02
1.079999981448054314e-02 5.178817343767150305e-02
1.157087500905618072e-02 5.779148527290089987e-02
1.164313014305662364e-02 5.815833515589474700e-02
1.113871989946346730e-02 5.575713945654570125e-02
1.171272811188828200e-02 5.432893230681656860e-02
1.225397524831350893e-02 5.213885742341517471e-02
1.304479174723383039e-02 5.875329195623635314e-02
1.224373157310765237e-02 5.474656296064495109e-02
1.236289913504151627e-02 5.432399105848162435e-02
1.259608561667846516e-02 5.474146079723141156e-02
1.356715732981683686e-02 5.521412563030025922e-02
1.176485711039276794e-02 5.534449648621375673e-02
1.211424999200971797e-02 6.028928105297381990e-02
1.059952192736091092e-02 5.737672569739515893e-02
7.693954750720877200e-03 5.263357898729736917e-02
9.039870470587629825e-03 5.575229423629934900e-02
9.711585014883894473e-03 5.835674410263891332e-02
1.083168853801907972e-02 5.888913040325860493e-02
9.950812971510458738e-03 5.402183187470654957e-02
9.847392357187345624e-03 5.797233832345227711e-02
9.522644191747531295e-03 5.531005053126136772e-02
8.396389399422332644e-03 4.922844101020018570e-02
7.718690583715215325e-03 5.263914381430367939e-02
8.196799695724621415e-03 5.934254898966173641e-02
1.028556693927384913e-02 5.588531637840787880e-02
9.357759874546900392e-03 5.210462123432080261e-02
1.007942072465084493e-02 5.396379732337663881e-02
1.017987720115343109e-02 5.512233035915414803e-02
1.183453671546885744e-02 5.463457780933822505e-02
1.150743716425495222e-02 5.753942204682971351e-02
1.139490717469016090e-02 5.587926586667890660e-02
1.233865493122721091e-02 5.584897776680008974e-02
1.131196736969286576e-02 6.039544451596157160e-02
1.337227572366828099e-02 5.466937111305014696e-02
1.171992716990644112e-02 5.740688252808467951e-02
1.058468755945796147e-02 5.490775150792615023e-02
1.237567244243109599e-02 5.733494205014721956e-02
1.279779134347336367e-02 5.602984887627826538e-02
1.208388328814180568e-02 5.588142556916864123e-02
