2.199091886187813302e-02 4.755203476919532546e-02
0.000000000000000000e+00 0.000000000000000000e+00
9.386847727000713348e-03 9.851033799350261688e-03
1.298856432549655437e-02 1.960553880780935287e-02
1.790125784464180470e-02 2.702499134466052055e-02
2.081079408526420593e-02 3.677852032706141472e-02
2.624049689620733261e-02 4.559723241254687309e-02
2.085010148584842682e-02 4.463686927920207381e-02
2.476294245570898056e-02 5.128940794384106994e-02
1.810360094532370567e-02 4.549475753447040915e-02
2.346887020394206047e-02 4.614965280052274466e-02
1.955323480069637299e-02 5.218110640998929739e-02
2.614293340593576431e-02 4.754242708440870047e-02
2.151616662740707397e-02 4.069992562290281057e-02
2.615863643586635590e-02 4.594502446707338095e-02
2.101048780605196953e-02 4.173960944171994925e-02
2.108954859431833029e-02 4.550503741484135389e-02
2.418681804556399584e-02 4.661654599476605654e-02
2.399036889255512506e-02 4.727423319127410650e-02
1.814816422120202333e-02 5.249030690174549818e-02
2.576965275511611253e-02 4.772443871479481459e-02
2.136232559860218316e-02 4.347823688294738531e-02
2.567863180593121797e-02 4.929960181470960379e-02
1.807054593518842012e-02 4.521381843369454145e-02
2.598812892392743379e-02 4.749567608814686537e-02
1.928309486538637429e-02 4.816555837169289589e-02
2.819078737229574472e-02 4.863675692467950284e-02
2.156647802621591836e-02 4.258364121778868139e-02
2.563121444836724550e-02 4.293459694599732757e-02
3.035388463467825204e-02 4.772742412751540542e-02
2.180720721662510186e-02 4.411233746213838458e-02
1.885774284892249852e-02 4.835536814061924815e-02
2.746547684364486486e-02 5.141026707133278251e-02
2.012041462876368314e-02 4.590607521822676063e-02
2.906338936008978635e-02 4.839898942736908793e-02
2.053406341292429715e-02 4.863942145311739296e-02
2.696391912468243390e-02 5.059243550931569189e-02
2.323688119940925390e-02 4.777869464305695146e-02
2.951553762250114232e-02 4.591826685646083206e-02
2.381148720451164991e-02 4.756694565003272146e-02
2.293930320593062788e-02 4.507986384851392359e-02
3.099580972047988325e-02 4.841851301898714155e-02
2.259689594211522490e-02 4.342785662447568029e-02
2.692149045469705015e-02 4.336847549711819738e-02
2.876878857205156237e-02 4.764258161594625562e-02
1.995574079046491534e-02 4.385519282368477434e-02
2.707685531640890986e-02 5.130270238441880792e-02
1.866009274090174586e-02 4.477436769229825586e-02
2.319613379950169474e-02 5.168949834478553385e-02
1.765075187722686678e-02 4.523031668213661760e-02
2.673629253695253283e-02 5.135241684911306947e-02
