4.287230453641752842e-02 4.034359691608849219e-02
0.000000000000000000e+00 0.000000000000000000e+00
9.885659441351890564e-03 9.298137389123439789e-03
1.893379725515842438e-02 1.607051957398653030e-02
2.724750991910696030e-02 2.472124528139829636e-02
3.428866108879446983e-02 3.002370893955230713e-02
4.228448355570435524e-02 2.778624487109482288e-02
4.044347791932523251e-02 3.492654976435005665e-02
4.521528375335037708e-02 3.415373084135353565e-02
4.176234314218163490e-02 3.292229655198752880e-02
4.630918428301811218e-02 2.869149087928235531e-02
4.105988936498761177e-02 2.656388049945235252e-02
3.681480325758457184e-02 3.031748533248901367e-02
4.035178571939468384e-02 2.853913255967199802e-02
4.488258017227053642e-02 2.839956292882561684e-02
4.407200409332290292e-02 3.560039401054382324e-02
4.105162929045036435e-02 3.180767549201846123e-02
4.707581346156075597e-02 3.254914650460705161e-02
4.216998891206458211e-02 3.484592091990634799e-02
4.031685256632044911e-02 3.111704363254830241e-02
3.457266307668760419e-02 3.174067154759541154e-02
3.519765235250815749e-02 3.110219497466459870e-02
4.057304695015773177e-02 3.097340662498027086e-02
3.883563244016841054e-02 3.059116145595908165e-02
4.444417200284078717e-02 3.903178172186017036e-02
3.900391218485310674e-02 3.880883532110601664e-02
4.106890322873368859e-02 3.329064103309065104e-02
4.169204476056620479e-02 3.578817809466272593e-02
4.187214853300247341e-02 3.451682894956320524e-02
4.375041126331780106e-02 3.928637353237718344e-02
4.059924664034042507e-02 3.816765279043465853e-02
4.160733406024519354e-02 3.179635258857160807e-02
4.156843368400586769e-02 3.516757686156779528e-02
4.455633094039512798e-02 3.468950648675672710e-02
3.934263070550514385e-02 3.699086789856664836e-02
4.114194114663405344e-02 3.524853053386323154e-02
3.887683705397648737e-02 3.165486638317815959e-02
3.331706992321414873e-02 3.984163605491630733e-02
4.012825706013245508e-02 3.515766418422572315e-02
4.061429358989698812e-02 3.390513217891566455e-02
3.850315621093614027e-02 3.327091017854399979e-02
4.374322079092962667e-02 3.594699528184719384e-02
4.044345643342239782e-02 3.699144025449641049e-02
4.479063505277736112e-02 4.159635308315046132e-02
3.821504598454339430e-02 3.696357601438648999e-02
3.964615699806017801e-02 3.632426736294291914e-02
4.110096213844371960e-02 3.485539378016255796e-02
4.591619228449417278e-02 3.973016896634362638e-02
4.089185647171689197e-02 3.681708135991357267e-02
4.356767102581216022e-02 3.721776045858860016e-02
3.609355078515363857e-02 3.852125199045985937e-02
