4.314996061303546376e-02 4.021131247849955848e-02
0.000000000000000000e+00 0.000000000000000000e+00
9.763991460204124451e-03 9.298443794250488281e-03
1.896831020712852478e-02 1.897659152746200562e-02
2.730281278491020203e-02 2.862315997481346130e-02
3.423290653154253960e-02 2.963152865413576365e-02
4.016370698809623718e-02 3.834182361606508493e-02
3.587696608155965805e-02 4.298728436697274446e-02
3.900094330310821533e-02 3.713206073734909296e-02
3.774101682938635349e-02 3.650832077255472541e-02
3.902279795147478580e-02 3.830435295822098851e-02
3.544154111295938492e-02 4.252637998433783650e-02
4.009793233126401901e-02 4.065671231364831328e-02
3.846462862566113472e-02 3.582785878097638488e-02
4.107458004727959633e-02 4.175892373314127326e-02
4.177995212376117706e-02 4.138692756532691419e-02
3.483532276004552841e-02 3.703600689186714590e-02
4.354636278003454208e-02 3.763442797935567796e-02
3.854277823120355606e-02 3.783605260832700878e-02
4.211840359494090080e-02 3.351066414325032383e-02
4.287755693076178432e-02 3.872604774369392544e-02
3.949539520544931293e-02 3.710203991795424372e-02
4.742164694471284747e-02 3.123935779149178416e-02
4.236738773761317134e-02 4.076852185244206339e-02
3.869769437005743384e-02 3.788417090254370123e-02
4.444172926014289260e-02 3.980827193299774081e-02
3.921510971849784255e-02 3.921178799646440893e-02
4.012112057534977794e-02 3.945699911855626851e-02
3.348087769700214267e-02 3.558933544263709337e-02
3.707583755021914840e-02 3.578510212537366897e-02
4.378555383300408721e-02 3.619155332853551954e-02
3.867392934625968337e-02 3.396036963385995477e-02
4.535801097517833114e-02 3.372884732380043715e-02
3.816090844338759780e-02 3.893399708613287657e-02
4.320380225544795394e-02 3.703803480311762542e-02
3.827425272902473807e-02 4.401214285462629050e-02
3.461687493836507201e-02 4.096702513925265521e-02
3.637386841000989079e-02 3.713419269479345530e-02
4.021447460399940610e-02 3.684350026014726609e-02
4.028757135529303923e-02 3.746614702686201781e-02
3.690453465242171660e-02 4.393786894797813147e-02
3.305306132097030059e-02 3.957003778486978263e-02
4.077223674539709464e-02 3.853238832380156964e-02
3.641179748956346884e-02 3.847274374493281357e-02
3.755976385582471266e-02 4.181466278896550648e-02
3.845718209777260199e-02 3.538916007892112248e-02
3.848954741988563910e-02 4.135248557940940373e-02
4.472363540116930380e-02 3.657738332913140766e-02
3.867165544215822592e-02 3.575531909518758766e-02
3.714412786212051287e-02 3.788906153567950241e-02
4.153203088935697451e-02 4.164068754107574932e-02
