4.136580492719369589e-02 4.104323249273038321e-02
0.000000000000000000e+00 0.000000000000000000e+00
9.951314888894557953e-03 8.925830014050006866e-03
1.929328218102455139e-02 1.748099271208047867e-02
2.865557465702295303e-02 2.487657452002167702e-02
3.647806402295827866e-02 3.182802582159638405e-02
3.928487398661673069e-02 2.998798398766666651e-02
3.523398865945637226e-02 3.743463067803531885e-02
4.324889392592012882e-02 3.057510603684931993e-02
4.128224775195121765e-02 4.027780343312770128e-02
4.254131717607378960e-02 3.705971839372068644e-02
3.984180488623678684e-02 3.282784961629658937e-02
3.719519474543631077e-02 3.774083137977868319e-02
4.204745520837605000e-02 3.185157489497214556e-02
3.698969143442809582e-02 3.538652474526315928e-02
4.021003027446568012e-02 2.993537124712020159e-02
3.873445536009967327e-02 3.712488349992781878e-02
3.400018834508955479e-02 3.526122390758246183e-02
4.155243025161325932e-02 3.207478707190603018e-02
3.568528476171195507e-02 3.552725480403751135e-02
4.424513666890561581e-02 3.468117880402132869e-02
4.369811865035444498e-02 3.999827074585482478e-02
4.048202501144260168e-02 3.550716926110908389e-02
3.776616684626787901e-02 3.562660266470629722e-02
4.292843199800699949e-02 3.298369709227699786e-02
4.292224145956424763e-02 3.637540627096313983e-02
4.443955988153902581e-02 3.448431422293651849e-02
4.268933863841084531e-02 3.844992067024577409e-02
3.721443920858291676e-02 3.238293524191249162e-02
4.008792302101937821e-02 3.466014606237877160e-02
3.939874728439463070e-02 3.144521354988683015e-02
4.585353682978166034e-02 3.697247612581122667e-02
4.104854285014880588e-02 3.671164919796865433e-02
4.222411687715066364e-02 3.574594609381165355e-02
3.769204185573471477e-02 3.517957082658540457e-02
4.047684350280178478e-02 3.131265174306463450e-02
3.871717678612185409e-02 2.991616148210596293e-02
3.633490672564221313e-02 3.285160548693966120e-02
4.193165155356837204e-02 2.758397422439884394e-02
3.870052194452000549e-02 3.728039823181461543e-02
4.369009241690946510e-02 3.284556772268842906e-02
4.203530123686505249e-02 3.291942264331737533e-02
3.749942222839308670e-02 3.342800998507300392e-02
4.116869836343539646e-02 3.417949580034473911e-02
3.738856178006244591e-02 3.820801262190798298e-02
3.559702799884689739e-02 3.604704738972941414e-02
4.200444116486323765e-02 3.253182062326231971e-02
3.962099996624601772e-02 4.152880554465809837e-02
4.565234833626163891e-02 3.492434361396590248e-02
3.907881981922400882e-02 3.779710984235862270e-02
3.722932226719422033e-02 3.590562326280632988e-02
