2.431441451423085529e-02 4.699901673125433943e-02
0.000000000000000000e+00 0.000000000000000000e+00
8.795869536697864532e-03 9.938969276845455170e-03
1.682913303375244141e-02 1.907362416386604309e-02
2.043086523190140724e-02 2.892559207975864410e-02
1.837890315800905228e-02 3.755708690732717514e-02
2.120297122746706009e-02 4.681641235947608948e-02
1.813380303792655468e-02 5.051010265015065670e-02
1.936746540013700724e-02 4.955604212591424584e-02
1.441617088858038187e-02 5.406322615453973413e-02
1.641047082375735044e-02 5.252795125124976039e-02
1.900888036470860243e-02 4.974650120129808784e-02
2.043440414126962423e-02 4.629909730283543468e-02
1.977959467330947518e-02 5.450167058734223247e-02
1.415830437326803803e-02 4.657008143840357661e-02
2.127039019251242280e-02 5.366042320383712649e-02
1.736453367630019784e-02 4.904034518403932452e-02
2.304502908373251557e-02 5.121325998334214091e-02
1.837038580561056733e-02 4.400521487696096301e-02
2.182293945224955678e-02 5.190591205609962344e-02
1.730127149494364858e-02 4.500595637364313006e-02
1.744699530536308885e-02 5.206881574122235179e-02
1.965686125913634896e-02 4.526424611685797572e-02
1.857664628187194467e-02 5.128806288121268153e-02
1.654320285888388753e-02 5.001643596915528178e-02
2.098586579086259007e-02 4.888711514649912715e-02
2.094621320429723710e-02 4.258809768361970782e-02
2.442086480732541531e-02 4.063868842786177993e-02
1.898837221961002797e-02 3.581471875077113509e-02
2.519242644484620541e-02 4.359266714891418815e-02
1.950382480572443455e-02 3.955277748173102736e-02
2.123953115369658917e-02 4.546151583781465888e-02
1.765982100914698094e-02 4.204271215712651610e-02
2.053178723144810647e-02 5.051631614333018661e-02
1.565167742955964059e-02 4.368769511347636580e-02
1.862935970711987466e-02 5.063455313211306930e-02
2.034391106280963868e-02 4.384383972501382232e-02
2.144480524293612689e-02 5.056150484597310424e-02
1.828137929260265082e-02 4.333878302713856101e-02
2.320739072456490248e-02 5.165690457215532660e-02
1.750362342863809317e-02 4.616574145620688796e-02
2.321114348887931556e-02 4.463022510753944516e-02
2.295212018361780792e-02 5.273576016770675778e-02
1.832882863527629524e-02 4.562971118139103055e-02
2.185863222985062748e-02 5.010493641020730138e-02
1.790355438424739987e-02 5.170470481971278787e-02
2.166326147562358528e-02 4.879381024511530995e-02
1.956087992584798485e-02 4.555444564903154969e-02
2.363724251335952431e-02 5.336041754344478250e-02
1.749384672439191490e-02 4.539250122616067529e-02
2.251146118214819580e-02 5.201305594528093934e-02
