4.087658650447242858e-02 4.126392866703899875e-02
0.000000000000000000e+00 0.000000000000000000e+00
9.962896816432476044e-03 8.248005062341690063e-03
1.964873261749744415e-02 1.391813997179269791e-02
2.895764261484146118e-02 2.187412697821855545e-02
3.689455613493919373e-02 2.461285074241459370e-02
4.523106664419174194e-02 2.959118434228003025e-02
4.532534211466554552e-02 2.976807900995481759e-02
4.822544429043773562e-02 2.914500721090007573e-02
4.509371264430228621e-02 3.169438494660425931e-02
4.917693116294685751e-02 2.918101679824758321e-02
4.238863034697715193e-02 3.376031033985782415e-02
4.752052227559033781e-02 3.128851293877232820e-02
4.677413027093280107e-02 3.123361944744829088e-02
4.504690151952672750e-02 3.179663060291204602e-02
4.736152380064595491e-02 3.180423973162760376e-02
4.790922727261204273e-02 3.268979071208377718e-02
4.436628783878404647e-02 3.287013290309914737e-02
5.133786641818005592e-02 2.913656012015053420e-02
4.393241305660922080e-02 3.712076899455496459e-02
4.847012164827901870e-02 3.315063771651693969e-02
4.533100554544944316e-02 3.364635645039015799e-02
4.629139725875575095e-02 3.146053142472737818e-02
4.126379902299959213e-02 3.414939217827850371e-02
5.050377066072542220e-02 3.083993368409210234e-02
4.565665528934914619e-02 2.888760927226030617e-02
5.152022869151551276e-02 2.956676362873622566e-02
4.472078925755340606e-02 3.618814815627047210e-02
4.478722578642191365e-02 3.139474867703029304e-02
4.813174485025228932e-02 2.817734117479631095e-02
4.629855696839513257e-02 3.260993604408213287e-02
4.362629727256717160e-02 2.753831931249806075e-02
4.719287460466148332e-02 3.246088345395037322e-02
4.917067592759849504e-02 2.840909194992491393e-02
4.368271609564544633e-02 3.766264227078863769e-02
4.531203758233459666e-02 3.281150637985774665e-02
4.768635996879311278e-02 3.184779642242574482e-02
5.127333885320695117e-02 3.182042477737923036e-02
4.549648974352749065e-02 3.431987268004377256e-02
4.315530567691894248e-02 3.749610641125400434e-02
4.605978739709826186e-02 3.284204256806333433e-02
4.535672203201102093e-02 2.892246813598831068e-02
4.271357128891395405e-02 3.190144984137077699e-02
4.994549224647926167e-02 3.184816686507474515e-02
4.396703368547605351e-02 3.203491894191756728e-02
4.289065494231181219e-02 3.201455024782262626e-02
4.747219436831073835e-02 2.996921872500024620e-02
4.387980822502868250e-02 3.387092317234419170e-02
5.044124724372522905e-02 3.090738745186172309e-02
4.319793062313692644e-02 3.256461590308390441e-02
4.970843840419547632e-02 2.760378697666965309e-02
