2.407583806048165312e-02 4.705850823954314810e-02
0.000000000000000000e+00 0.000000000000000000e+00
9.772698394954204559e-03 9.811298921704292297e-03
1.803099550306797028e-02 1.922252029180526733e-02
2.604994177818298340e-02 2.207482303492724895e-02
3.285930259153246880e-02 2.916788985021412373e-02
3.273034436278976500e-02 2.608309802599251270e-02
3.198603432974778116e-02 2.926186379045248032e-02
3.142414372996427119e-02 3.424138342961668968e-02
2.708215304301120341e-02 4.174336465075612068e-02
2.603568267659284174e-02 4.362179420422762632e-02
2.672799539868719876e-02 4.846957686822861433e-02
2.180039978702552617e-02 4.344930348452180624e-02
2.595033732359297574e-02 4.333317038981476799e-02
2.845991685171611607e-02 4.996980159921804443e-02
2.103703192551620305e-02 4.446279109833994880e-02
2.888571660150773823e-02 4.751471934287110344e-02
2.375356529955752194e-02 4.247031259728828445e-02
2.901286914129741490e-02 4.897676027758279815e-02
2.237429426168091595e-02 4.275142346887150779e-02
3.048804079298861325e-02 4.744189643679419532e-02
2.485552991856820881e-02 4.055603958113351837e-02
3.091420608689077199e-02 4.494590024842182174e-02
2.323182162945158780e-02 4.237658312922576442e-02
2.029072589357383549e-02 3.948625145858386531e-02
2.788945010979659855e-02 4.318559091916540638e-02
2.883174587623216212e-02 4.746021671599010006e-02
2.415689770714379847e-02 4.166282775258878246e-02
2.841241416172124445e-02 4.373795624269405380e-02
2.620163970277644694e-02 4.853312011255184188e-02
2.814121768460609019e-02 4.486712409561732784e-02
2.478958541178144515e-02 4.344228577247122303e-02
2.839486641460098326e-02 4.352618168923072517e-02
2.774928792496211827e-02 4.360136460309149697e-02
2.502076260861940682e-02 4.208542779815616086e-02
3.023401580867357552e-02 4.815571709332289174e-02
2.234447959926910698e-02 4.049727600795449689e-02
2.553152435575611889e-02 4.186062259395839646e-02
3.115248310496099293e-02 4.515962629375280812e-02
2.330997309763915837e-02 3.928003786859335378e-02
2.929058720474131405e-02 4.465821479243459180e-02
2.353841441799886525e-02 3.905172739905538037e-02
2.839175335248000920e-02 4.019967583735706285e-02
2.523474817280657589e-02 4.616929288749815896e-02
2.088606360484845936e-02 4.522311985056148842e-02
2.725086690043099225e-02 4.926556180726038292e-02
2.200959579204209149e-02 4.627187801088439301e-02
2.621518497471697628e-02 5.034923152561532333e-02
2.143952020560391247e-02 4.342297901894198731e-02
2.595953832496888936e-02 4.272969236626522616e-02
2.442082532797940075e-02 4.981018027319805697e-02
