2.316064143206324200e-02 4.728095748118125996e-02
0.000000000000000000e+00 0.000000000000000000e+00
9.415809065103530884e-03 9.568416513502597809e-03
1.176012051291763783e-02 1.897699479013681412e-02
1.774148712866008282e-02 2.883421164005994797e-02
2.597971702925860882e-02 3.844828531146049500e-02
2.579412306658923626e-02 4.553803708404302597e-02
1.947775832377374172e-02 4.708032030612230301e-02
2.295844187028706074e-02 5.302641494199633598e-02
2.062004269100725651e-02 4.826551629230380058e-02
1.758926827460527420e-02 4.894577333470806479e-02
2.509686630219221115e-02 5.331456608837470412e-02
1.951480936259031296e-02 4.698203451698645949e-02
2.247661422006785870e-02 5.055943242041394114e-02
1.943535404279828072e-02 5.131157266441732645e-02
2.493363199755549431e-02 4.714543756563216448e-02
2.003070758655667305e-02 4.641184804495424032e-02
2.799115842208266258e-02 4.957172495778650045e-02
1.939187804237008095e-02 4.688706144224852324e-02
2.122185623738914728e-02 4.837410198524594307e-02
2.088531112531200051e-02 4.551291395910084248e-02
1.523948559770360589e-02 5.189449689351022243e-02
2.396175829926505685e-02 5.205362221749965101e-02
2.045405359240248799e-02 4.695415568130556494e-02
2.467904781224206090e-02 4.951324292051140219e-02
1.747281319694593549e-02 4.826082721410784870e-02
2.673785231309011579e-02 5.350548042042646557e-02
1.847716356860473752e-02 4.935013422800693661e-02
1.573259971337392926e-02 4.566011451242957264e-02
2.177363523514941335e-02 5.335714122338686138e-02
1.773463730933144689e-02 4.989095115161035210e-02
2.584321034373715520e-02 5.063352723664138466e-02
1.752432418288663030e-02 4.567458051315043122e-02
2.213618700625374913e-02 4.685183185210917145e-02
2.403823315398767591e-02 4.885746738000307232e-02
1.887292863102629781e-02 5.036412728077266365e-02
1.856845262227579951e-02 4.769683665654156357e-02
1.849529030732810497e-02 4.932563846523407847e-02
2.582971076481044292e-02 4.372657836938742548e-02
1.904629333876073360e-02 4.515112937951926142e-02
1.511913514696061611e-02 4.795768206531647593e-02
2.002753945998847485e-02 4.941255984886083752e-02
2.341271121986210346e-02 5.275625865033362061e-02
1.689774566330015659e-02 5.120733428339008242e-02
2.077238354831933975e-02 4.944847036676947027e-02
1.598717132583260536e-02 4.691046640800777823e-02
1.883309870027005672e-02 5.451973692106548697e-02
2.345745335333049297e-02 5.399554986797738820e-02
1.631874521262943745e-02 4.765300657891202718e-02
2.379658143036067486e-02 5.035460968792904168e-02
1.753187994472682476e-02 4.384275428310502321e-02
