2.189735097314332579e-02 4.757308040827132323e-02
0.000000000000000000e+00 0.000000000000000000e+00
8.800395764410495758e-03 9.768967516720294952e-03
1.549295755103230476e-02 1.956327445805072784e-02
1.855213730596005917e-02 2.794426213949918747e-02
1.575568295083940029e-02 3.746637608855962753e-02
1.780162192881107330e-02 4.636483080685138702e-02
2.187903830781579018e-02 5.131447082385420799e-02
1.904064486734569073e-02 5.120152896415675059e-02
2.685837051831185818e-02 5.003504464548313990e-02
1.969856419600546360e-02 4.615670940984273329e-02
2.525477786548435688e-02 5.129712480265880004e-02
1.763927447609603405e-02 4.543722220842028037e-02
2.539098239503800869e-02 5.185565664578462020e-02
1.764306775294244289e-02 4.757461170811438933e-02
1.866949186660349369e-02 4.715777497767703608e-02
2.152522304095327854e-02 5.399647897138493136e-02
2.438494050875306129e-02 4.947001516848104075e-02
2.170945797115564346e-02 5.200640980183379725e-02
2.113162312889471650e-02 5.255099718488054350e-02
2.243664528941735625e-02 5.029085517890052870e-02
1.980186853324994445e-02 5.081454991159262136e-02
1.973483357141958550e-02 4.709361796994926408e-02
2.011368308012606576e-02 4.901846650318475440e-02
2.362344414723338559e-02 4.564602731988998130e-02
2.250252036174060777e-02 5.196139927284093574e-02
2.154218703071819618e-02 4.882168712356360629e-02
2.166677026980323717e-02 5.263372360059292987e-02
2.448177354381186888e-02 4.807743745186598971e-02
2.320312643860233948e-02 5.105928367265732959e-02
2.360131407476728782e-02 4.581358040013583377e-02
2.368191027926513925e-02 5.211250147112878039e-02
1.892333900468656793e-02 4.829594342299969867e-02
2.467428803356597200e-02 5.378590559848817065e-02
1.876792967232177034e-02 5.124628952034981921e-02
2.234172149474034086e-02 4.900729342625709251e-02
1.767172411928186193e-02 5.423539563344093040e-02
2.485494668508181348e-02 5.091643741616280749e-02
2.082817283371696249e-02 4.743938137107761577e-02
1.944137065584072843e-02 5.213876290508778766e-02
2.321256840514251962e-02 5.099129421432735398e-02
2.077864975581178442e-02 4.846271686983527616e-02
1.880427756259450689e-02 4.640214029495837167e-02
2.329116714099654928e-02 5.101104058121563867e-02
1.967074050480732694e-02 5.180277146428124979e-02
2.278853188181528822e-02 4.906974948971765116e-02
2.402092706324765459e-02 5.563350796728627756e-02
2.001650076272198930e-02 4.793809663533465937e-02
2.564937066199490800e-02 5.479829788237111643e-02
1.829471535893389955e-02 4.824569012998836115e-02
2.138281640509376302e-02 5.363238958670990542e-02
