2.187725080311360426e-02 4.757758911398490831e-02
0.000000000000000000e+00 0.000000000000000000e+00
8.816282264888286591e-03 9.720966219902038574e-03
1.685503870248794556e-02 1.930440589785575867e-02
2.362226136028766632e-02 2.888062410056591034e-02
2.446010953281074762e-02 3.686447441577911377e-02
2.765698067378252745e-02 4.419108899310231209e-02
2.204460685607045889e-02 4.882219107821583748e-02
2.337724866811186075e-02 4.492261097766458988e-02
2.395355165936052799e-02 5.410396703518927097e-02
1.717195357196033001e-02 4.983616503886878490e-02
2.162522613070905209e-02 5.438845907337963581e-02
2.381509123370051384e-02 4.849341954104602337e-02
1.856025541201233864e-02 4.937768541276454926e-02
2.298998180776834488e-02 4.910292709246277809e-02
2.134640584699809551e-02 4.929540360171813518e-02
2.220006473362445831e-02 5.001906475808937103e-02
2.117714588530361652e-02 4.506846035656053573e-02
1.985383813735097647e-02 4.789444648486096412e-02
2.747335738968104124e-02 5.226051279169041663e-02
2.148909668903797865e-02 4.693635723378974944e-02
2.482006640639156103e-02 5.102398742747027427e-02
1.750406983774155378e-02 4.896916735742706805e-02
2.424622268881648779e-02 5.142535555933136493e-02
1.896565442439168692e-02 4.653396837238688022e-02
2.284488186705857515e-02 4.907757377077359706e-02
1.992969389539211988e-02 5.328173849557060748e-02
1.726304285693913698e-02 4.775692576367873698e-02
1.765672676265239716e-02 4.890844093461055309e-02
2.293588127940893173e-02 5.289350131351966411e-02
1.499217003583908081e-02 4.792081245977897197e-02
2.266281563788652420e-02 5.149973517109174281e-02
1.883402443490922451e-02 4.766166101035196334e-02
2.192078554071485996e-02 5.213469250884372741e-02
1.693129655905067921e-02 4.832599156361538917e-02
1.471439190208911896e-02 5.047878979530651122e-02
2.315450552850961685e-02 5.177001348056364805e-02
1.694452296942472458e-02 4.598272983275819570e-02
1.763231761287897825e-02 4.983947561413515359e-02
2.398437249939888716e-02 4.997642443049699068e-02
1.887648680713027716e-02 4.436824249569326639e-02
2.709963766392320395e-02 4.759287519846111536e-02
2.147632034029811621e-02 4.326578706968575716e-02
2.016358345281332731e-02 4.833763104397803545e-02
2.136025752406567335e-02 4.882671096129342914e-02
1.947930303867906332e-02 4.629203182412311435e-02
2.081543405074626207e-02 4.963103513000532985e-02
1.765144255477935076e-02 4.426027665613219142e-02
2.518094063270837069e-02 4.841905337525531650e-02
2.191103936638683081e-02 4.306630295468494296e-02
2.250926970737054944e-02 5.066739692119881511e-02
