4.322546649052470130e-02 4.017515759163677036e-02
0.000000000000000000e+00 0.000000000000000000e+00
9.519855491816997528e-03 9.512772783637046814e-03
1.925055030733346939e-02 1.929600909352302551e-02
2.880646102130413055e-02 2.630350552499294281e-02
3.539141034707427025e-02 3.238747315481305122e-02
3.895693621598184109e-02 2.915566042065620422e-02
4.133397177793085575e-02 3.087152552325278521e-02
3.724045655690133572e-02 3.727694333065301180e-02
3.664600511547178030e-02 3.655971231637522578e-02
3.725069185020402074e-02 3.195072727976366878e-02
3.381568269105628133e-02 3.712380974320694804e-02
4.131935193436220288e-02 3.312874649418517947e-02
3.400364780100062490e-02 3.618396137608215213e-02
3.694072255166247487e-02 3.297142608789727092e-02
4.215344676049426198e-02 3.556950896745547652e-02
3.411268052877858281e-02 3.821062174392864108e-02
3.179108077893033624e-02 3.435973374871537089e-02
3.925719909602776170e-02 3.426141648378688842e-02
3.597804723540320992e-02 3.687596468080300838e-02
3.805827308678999543e-02 3.861414811399299651e-02
3.615727653959766030e-02 3.706530651834327728e-02
3.373853332595899701e-02 3.587636917654890567e-02
3.641442308435216546e-02 3.946843820449430496e-02
3.662861832708586007e-02 3.857311922183725983e-02
3.364682030223775655e-02 3.912445741298142821e-02
3.469942994706798345e-02 3.687711271049920470e-02
3.447015293932054192e-02 3.509215150552336127e-02
3.325497930927667767e-02 3.657134681998286396e-02
3.940936144499573857e-02 3.534391675202641636e-02
3.761335254239384085e-02 3.820408241881523281e-02
4.352992425265256315e-02 3.743750830471981317e-02
3.619900789635721594e-02 3.823234217998106033e-02
4.049299542384687811e-02 3.543623660516459495e-02
3.840205796586815268e-02 3.858009779651183635e-02
3.746087082254234701e-02 3.828523303673136979e-02
4.025928258488420397e-02 3.651213315606582910e-02
4.229055043833795935e-02 3.782524257258046418e-02
3.676164500939194113e-02 3.428362771228421479e-02
4.170626612904015929e-02 3.297650448803324252e-02
4.188034030084963888e-02 3.337193241168279201e-02
3.863444317539688200e-02 3.867921706114429981e-02
3.917166338942479342e-02 3.397907603357452899e-02
3.432131167210172862e-02 3.316529143194202334e-02
3.890647859952878207e-02 3.764481657708529383e-02
3.662684168375562876e-02 4.022709467972163111e-02
4.058415982581209391e-02 3.622462834755424410e-02
3.626318676106166095e-02 3.781415185949299484e-02
3.467348268895875663e-02 3.654089594783727080e-02
4.159123315184842795e-02 3.567190376634243876e-02
3.856417797214817256e-02 3.609404650342185050e-02
