2.313685714681057090e-02 4.728661696948908977e-02
0.000000000000000000e+00 0.000000000000000000e+00
9.339103475213050842e-03 9.747089818120002747e-03
1.818588003516197205e-02 1.920741237699985504e-02
2.608522865921258926e-02 2.864144183695316315e-02
3.208374325186014175e-02 3.762755729258060455e-02
2.797952247783541679e-02 4.109942400828003883e-02
2.537230402231216431e-02 4.275716748088598251e-02
2.890756027773022652e-02 4.944526636973023415e-02
2.261491399258375168e-02 4.443236859515309334e-02
2.514719218015670776e-02 4.879990126937627792e-02
2.731059864163398743e-02 4.893623378302436322e-02
2.130210306495428085e-02 4.723097888927441090e-02
2.980948798358440399e-02 4.332801017153542489e-02
2.668289421126246452e-02 4.334337386353581678e-02
2.423330419696867466e-02 4.468456894210248720e-02
2.521733986213803291e-02 5.048008920675783884e-02
2.746132714673876762e-02 5.136201379173144232e-02
2.309155138209462166e-02 4.694580787145241629e-02
3.133826749399304390e-02 4.386653366782411467e-02
2.434628270566463470e-02 4.051084478669508826e-02
2.986650494858622551e-02 4.726358118750795256e-02
2.347395708784461021e-02 4.794644657340541016e-02
2.437857200857251883e-02 4.630018176794692408e-02
2.569983887951821089e-02 5.175416415841027629e-02
2.267704426776617765e-02 4.513134399712726008e-02
2.351173217175528407e-02 4.838140390165790450e-02
2.844465308589860797e-02 4.638038843222602736e-02
2.082088420866057277e-02 4.218141909041150939e-02
2.643542474834248424e-02 4.801955108814581763e-02
1.956205972237512469e-02 4.268408601456030738e-02
2.736063831252977252e-02 4.865181480818137061e-02
2.102322009159252048e-02 4.337888571717485320e-02
2.738236187724396586e-02 4.654232587017759215e-02
1.983668812317773700e-02 4.373783862502023112e-02
2.657119248760864139e-02 4.648226045355841052e-02
2.313674258766695857e-02 4.313957120575651061e-02
2.694418834289535880e-02 4.247827495964884292e-02
2.470977109624072909e-02 4.458753549079119693e-02
2.594296733150258660e-02 4.456298374134348705e-02
2.307607867987826467e-02 5.020490889000939205e-02
2.217830636072903872e-02 5.001135711063398048e-02
2.662247384432703257e-02 4.815484052960528061e-02
2.070255728904157877e-02 4.264457412500632927e-02
2.649510803166776896e-02 4.636677196685923263e-02
2.357440663035959005e-02 4.385496424947632477e-02
2.416450693272054195e-02 5.055475961853517219e-02
1.799494051374495029e-02 4.659660608012927696e-02
2.376896492205560207e-02 5.056994110782397911e-02
2.072208398021757603e-02 4.622257156734121963e-02
2.525032148696482182e-02 4.794905700691742823e-02
