4.235667833163817009e-02 4.058648795880175075e-02
0.000000000000000000e+00 0.000000000000000000e+00
9.685835801064968109e-03 9.000949561595916748e-03
1.886451803147792816e-02 1.844329293817281723e-02
2.688269875943660736e-02 2.609619777649641037e-02
3.567882534116506577e-02 3.152802959084510803e-02
4.155390616506338120e-02 2.866002824157476425e-02
3.585345018655061722e-02 3.414536500349640846e-02
4.358379077166318893e-02 3.218491352163255215e-02
4.477318353019654751e-02 3.715554275549948215e-02
4.028005548752844334e-02 3.689751544152386487e-02
4.368233983404934406e-02 3.524427456432022154e-02
4.432307189563289285e-02 3.958105822675861418e-02
4.170855233678594232e-02 3.632213981472887099e-02
4.591235338011756539e-02 3.975440995418466628e-02
4.465848446125164628e-02 3.587026629247702658e-02
4.199514637002721429e-02 3.818725017481483519e-02
3.678849997231736779e-02 4.152257708483375609e-02
4.375126637751236558e-02 3.864379451260901988e-02
4.129261180059984326e-02 3.936766550759784877e-02
4.328474571229889989e-02 3.550535018439404666e-02
4.332384874214767478e-02 4.016541872988454998e-02
4.188423091181903146e-02 4.109534298186190426e-02
4.381535341599374078e-02 3.697600311716087162e-02
3.796076727667241357e-02 3.690836674650199711e-02
3.983333531868993305e-02 3.695946461448329501e-02
4.330930776995955966e-02 3.367487918512779288e-02
3.860470989820896648e-02 3.659375426286715083e-02
4.377318836850463413e-02 3.515985964259016328e-02
3.753817604956566356e-02 4.057411879693972878e-02
4.422262834486900829e-02 3.725607141313957982e-02
3.912232827497064136e-02 3.787927610028418712e-02
4.114499280331074260e-02 3.725677234979229979e-02
3.901709441197453998e-02 3.822487099023419432e-02
4.220556385917006992e-02 3.663833003884064965e-02
4.016267379847704433e-02 3.752529721168684773e-02
4.857264796373783611e-02 3.624852579014259391e-02
4.290719388154684566e-02 3.934110323825734667e-02
4.067789448527037166e-02 3.700052546264487319e-02
4.531355260041891597e-02 3.374000959956902079e-02
4.499742149710073136e-02 3.817278421411174349e-02
3.917706565334810875e-02 3.973808798400568776e-02
4.360818437635316513e-02 3.509081301672267728e-02
4.174123220946057700e-02 3.665758664647000842e-02
4.187193327743443660e-02 3.398046079018968157e-02
4.545998970206710510e-02 3.475205956419813447e-02
4.155178951259586029e-02 3.643730580733972602e-02
3.828852764490875416e-02 3.890400933960336260e-02
4.175744765598210506e-02 3.627355275602894835e-02
4.323152535289409570e-02 3.817382275519776158e-02
4.440580833397689275e-02 3.792168914151261561e-02
