2.194800842015151923e-02 4.756169804994662964e-02
0.000000000000000000e+00 0.000000000000000000e+00
8.385441266000270844e-03 9.021705947816371918e-03
1.591574167832732201e-02 1.846735272556543350e-02
2.121320459991693497e-02 2.717621345072984695e-02
2.424666122533380985e-02 3.631224017590284348e-02
2.529644686728715897e-02 4.170902958139777184e-02
2.838283008895814419e-02 4.504565452225506306e-02
2.201385353691875935e-02 4.099481436423957348e-02
2.464075898751616478e-02 4.410009342245757580e-02
2.565794321708381176e-02 4.270425753202289343e-02
2.794419974088668823e-02 4.629202547948807478e-02
2.287645637989044189e-02 4.448648763354867697e-02
2.729888493195176125e-02 4.545854637399315834e-02
2.302875928580760956e-02 4.312601406127214432e-02
2.463028836064040661e-02 4.352851110161282122e-02
3.004471701569855213e-02 5.032710023806430399e-02
2.225464466027915478e-02 4.407776836887933314e-02
2.553859702311456203e-02 4.330736104748211801e-02
2.654068334959447384e-02 4.595393719500862062e-02
2.310960157774388790e-02 4.394725974998436868e-02
2.259327337378636003e-02 4.758311071782372892e-02
2.506956859724596143e-02 4.286913675605319440e-02
2.999010338680818677e-02 4.835588959394954145e-02
2.220236166613176465e-02 4.141134358360432088e-02
2.732523280428722501e-02 4.805561163811944425e-02
2.282919018762186170e-02 4.850872376118786633e-02
2.174933283822610974e-02 4.323541469057090580e-02
2.361216634744778275e-02 4.528413483058102429e-02
2.555272303288802505e-02 4.644554320839233696e-02
3.084773471346125007e-02 4.565248850849457085e-02
2.516531239962205291e-02 4.150597404805012047e-02
3.059849137207493186e-02 4.236815762124024332e-02
2.463847206672653556e-02 4.279885959113016725e-02
3.230033436557278037e-02 4.171109449816867709e-02
2.612058952217921615e-02 3.799101727781817317e-02
3.157193720107898116e-02 4.460857732919976115e-02
2.435788878938183188e-02 3.929940023226663470e-02
3.310122241964563727e-02 4.621684196172282100e-02
2.665976335993036628e-02 4.195822466863319278e-02
2.410086098825559020e-02 4.603293183026835322e-02
3.255874518072232604e-02 4.789433715632185340e-02
2.504024415975436568e-02 4.180296923732385039e-02
2.843305253190919757e-02 4.803004156565293670e-02
2.645525889238342643e-02 4.382345260819420218e-02
2.837338513927534223e-02 4.252648359397426248e-02
2.844760245352517813e-02 4.206101901945658028e-02
2.515359413519036025e-02 4.856836542603559792e-02
2.976329349621664733e-02 4.289322326076216996e-02
2.635970320261549205e-02 3.803356716525740921e-02
2.743155676580499858e-02 4.307122415048070252e-02
