2.203627266600486842e-02 4.754179969115542026e-02
0.000000000000000000e+00 0.000000000000000000e+00
8.377830497920513153e-03 9.202523157000541687e-03
1.708429027348756790e-02 1.847257092595100403e-02
2.428332250565290451e-02 2.829799149185419083e-02
3.060719138011336327e-02 3.690159786492586136e-02
3.387398831546306610e-02 4.354981612414121628e-02
3.103200439363718033e-02 4.796024272218346596e-02
3.026869305176660419e-02 4.809499809925910085e-02
2.813420555321499705e-02 5.128086519835051149e-02
2.423319913214072585e-02 4.936033567355480045e-02
2.508684014901518822e-02 5.039583517645951360e-02
2.601029130164533854e-02 5.071173860051203519e-02
2.209910808596760035e-02 5.174079486459959298e-02
2.294872456695884466e-02 5.144586750247981399e-02
2.358401706442236900e-02 5.105419586470816284e-02
2.415172389009967446e-02 4.887297040841076523e-02
2.679725928464904428e-02 4.756849004479590803e-02
2.789442340144887567e-02 5.133607333118561655e-02
2.646240749163553119e-02 4.898516974935773760e-02
2.737609657924622297e-02 4.581477494502905756e-02
2.644810947822406888e-02 4.300760781916324049e-02
2.839592128293588758e-02 4.501171621086541563e-02
2.857177404803223908e-02 5.297170324774924666e-02
2.473656277288682759e-02 5.077925838122610003e-02
2.383365432615391910e-02 5.104748644225765020e-02
2.210013437434099615e-02 5.063889602024573833e-02
2.628169357194565237e-02 5.253506156441289932e-02
2.543867830536328256e-02 5.218589994183275849e-02
2.619244696688838303e-02 4.966161832271609455e-02
2.803608533577062190e-02 5.071944337396416813e-02
2.783534345508087426e-02 5.054064732394181192e-02
2.946585587051231414e-02 5.062924247613409534e-02
2.878100804809946567e-02 5.364254574669757858e-02
2.762214718677569181e-02 5.235942468425491825e-02
2.814381058851722628e-02 5.094926877791294828e-02
2.664266760984901339e-02 5.221938892645994201e-02
2.717511229275260121e-02 5.223330661101499572e-02
2.634999506699386984e-02 5.074279654218116775e-02
2.622032933868467808e-02 4.940969337621936575e-02
2.897362038493156433e-02 4.659702655771980062e-02
3.134782821871340275e-02 4.988736499944934621e-02
2.980216115247458220e-02 5.044210781488800421e-02
2.765776787418872118e-02 5.251371963095152751e-02
2.711958024883642793e-02 5.367382264375919476e-02
2.951567369746044278e-02 5.074249135941499844e-02
2.637287095421925187e-02 5.052919792797183618e-02
2.814655489055439830e-02 5.200937555491691455e-02
2.991771040251478553e-02 5.326298277213936672e-02
2.999093590187840164e-02 5.401081599848112091e-02
2.943647085339762270e-02 4.878638739319285378e-02
