4.329278431168874508e-02 4.014285787871159361e-02
0.000000000000000000e+00 0.000000000000000000e+00
9.838206693530082703e-03 9.746712632477283478e-03
1.957992557436227798e-02 1.909041032195091248e-02
2.892282605171203613e-02 2.649585949257016182e-02
3.559313900768756866e-02 3.281193226575851440e-02
4.330434417352080345e-02 3.215327713405713439e-02
4.303244448965415359e-02 2.927828294923529029e-02
4.324037409969605505e-02 3.329446300631389022e-02
4.394399854936636984e-02 3.979623265331611037e-02
4.240678649512119591e-02 3.976452298229560256e-02
4.471599918906576931e-02 3.356317005818709731e-02
3.908141984720714390e-02 3.679528197972103953e-02
4.249438879196532071e-02 3.726854760316200554e-02
4.061926368740387261e-02 4.095374656026251614e-02
4.212456350796855986e-02 3.805673311580903828e-02
4.175188546651042998e-02 3.404047855292446911e-02
4.665740826749242842e-02 3.605008011800237000e-02
4.264471415081061423e-02 3.662357575376518071e-02
4.272909883002284914e-02 3.395379663561470807e-02
4.163299153151456267e-02 3.135216727969236672e-02
3.692526907252613455e-02 2.891466932487674057e-02
4.388270225899759680e-02 3.355031672981567681e-02
3.914576607348863035e-02 3.217948917881585658e-02
4.331713613646570593e-02 3.507177476421929896e-02
4.000923108833376318e-02 3.463436488527804613e-02
4.052157713158521801e-02 3.494046573177911341e-02
4.421468674263451248e-02 3.081611116067506373e-02
3.998362542188260704e-02 3.636623584316112101e-02
4.193932413181755692e-02 3.824521382921375334e-02
4.126658559835050255e-02 3.371830206015147269e-02
4.187831161834765226e-02 3.565220805467106402e-02
4.369908566877711564e-02 3.149698246852494776e-02
3.761761631176341325e-02 3.506159168318845332e-02
3.895747622300405055e-02 3.496244710549945012e-02
4.276549287897069007e-02 3.252287439681822434e-02
3.795794847246725112e-02 2.769492750667268410e-02
4.313278554764110595e-02 3.421854365296894684e-02
4.156198569398839027e-02 3.620647776551777497e-02
4.240047997154761106e-02 3.557564426591852680e-02
4.160169251554179937e-02 3.059932511678198352e-02
4.212014681252185255e-02 3.003580609947675839e-02
4.140994018234778196e-02 3.471848529443377629e-02
4.322301324282307178e-02 3.685030851193005219e-02
4.051223870192188770e-02 3.476110191695624962e-02
4.263163667928893119e-02 3.975641818396979943e-02
4.086408247530926019e-02 3.764667732320958748e-02
4.214708071958739311e-02 3.719263774837600067e-02
4.134766386414412409e-02 3.380097257468150929e-02
3.912839411350432783e-02 3.518020018964307383e-02
4.277953134442213923e-02 3.647492506570415571e-02
