2.516436466661492108e-02 4.678199600610448428e-02
0.000000000000000000e+00 0.000000000000000000e+00
9.305379353463649750e-03 8.753950707614421844e-03
1.574968779459595680e-02 1.776760071516036987e-02
2.162440493702888489e-02 2.699445653706789017e-02
3.031112160533666611e-02 3.461618442088365555e-02
2.548362826928496361e-02 4.179503442719578743e-02
2.461914933519437909e-02 4.768346296623349190e-02
2.683640393661335111e-02 4.806468353490345180e-02
2.697171123872976750e-02 4.516123046050779521e-02
2.696748944163118722e-02 4.632506004418246448e-02
2.151721697464381577e-02 4.762514340109191835e-02
2.804752933025156381e-02 4.819228037376888096e-02
2.194788940414582612e-02 4.665807416313327849e-02
2.873141998588835122e-02 4.201202854164876044e-02
2.588008046313916566e-02 4.734692085185088217e-02
2.414848811622505309e-02 4.241748913773335516e-02
2.870564225759153487e-02 4.619176118285395205e-02
2.330610405351762893e-02 4.220810337574221194e-02
2.762166520278697135e-02 4.744143169955350459e-02
2.321925077285413863e-02 4.290169049636460841e-02
3.078716171603446128e-02 3.984114169725216925e-02
2.445777522098069312e-02 4.190293318242765963e-02
3.158668491687421920e-02 4.360267639276571572e-02
2.367344375397806289e-02 4.323952912818640471e-02
3.031917305361275794e-02 4.589743365067988634e-02
2.273682009126787307e-02 4.213553422596305609e-02
2.997151266481523635e-02 4.618244885932654142e-02
2.240713329683785560e-02 4.100657429080456495e-02
2.717640593346004607e-02 4.331843566615134478e-02
2.138907711650972487e-02 4.380491684423759580e-02
2.534311188082938315e-02 4.785038187401369214e-02
2.246588485013489844e-02 4.427809437038376927e-02
2.034011569503491046e-02 4.564054211368784308e-02
2.665949419770186068e-02 4.392584826564416289e-02
2.655472950300463708e-02 4.429262306075543165e-02
2.679896192148589762e-02 4.366115538869053125e-02
3.273437801271938952e-02 4.190455412026494741e-02
2.421757742285990389e-02 4.154152428964152932e-02
2.961266437068843516e-02 4.650347965070977807e-02
2.205459471315407427e-02 4.295082046883180737e-02
3.032688214898371371e-02 4.643936950014904141e-02
2.296937094524764689e-02 4.548196337418630719e-02
2.990750154003762873e-02 5.089226859854534268e-02
2.418353991106414469e-02 4.695261159213259816e-02
3.242408973619603785e-02 4.629125574138015509e-02
2.380726603314542444e-02 4.035044915508478880e-02
3.045871877566241892e-02 4.054417497536633164e-02
2.896666795004421147e-02 4.012417323247063905e-02
2.507949865412228974e-02 4.756299262226093560e-02
3.109417960968130501e-02 4.432682525657583028e-02
