2.532045880094386386e-02 4.674127540047062768e-02
0.000000000000000000e+00 0.000000000000000000e+00
8.933453820645809174e-03 9.756352752447128296e-03
1.657911436632275581e-02 1.955308392643928528e-02
2.069488773122429848e-02 2.947316318750381470e-02
2.484862087294459343e-02 3.665781626477837563e-02
2.677755232434719801e-02 4.543002275750041008e-02
2.623460168251767755e-02 4.346166411414742470e-02
2.508877037325873971e-02 4.792891535907983780e-02
2.248226298252120614e-02 4.973882704507559538e-02
2.322662365622818470e-02 4.754102195147424936e-02
2.170716063119471073e-02 4.645409854128956795e-02
2.207488671410828829e-02 4.576231510145589709e-02
2.123030682560056448e-02 4.651807574555277824e-02
2.351862692739814520e-02 4.284898564219474792e-02
2.735609665978699923e-02 4.701964184641838074e-02
2.563624642789363861e-02 5.064814840443432331e-02
2.440293517429381609e-02 5.176188854966312647e-02
2.548351010773330927e-02 4.771813389379531145e-02
2.390552125871181488e-02 4.609228554181754589e-02
2.222244115546345711e-02 5.082314438186585903e-02
2.218626828835112974e-02 4.808453330770134926e-02
2.512338960514171049e-02 4.796092638571280986e-02
2.368817949172807857e-02 4.989725114137399942e-02
2.286895061115501449e-02 4.403321720019448549e-02
2.277937496546655893e-02 4.010627507523167878e-02
2.277690792925568530e-02 4.558471679047215730e-02
2.256936634603334824e-02 4.304902623698581010e-02
2.026320140521420399e-02 4.272337506699841470e-02
2.291375197182787815e-02 4.382709813944529742e-02
2.591594479690684238e-02 4.573749138216953725e-02
2.682469385854346910e-02 4.446890430699568242e-02
2.606785672196565429e-02 4.562134102161508054e-02
2.551281052819831530e-02 4.497967676434200257e-02
2.670447303626133362e-02 4.132421819667797536e-02
2.606120777727483073e-02 4.511443099181633443e-02
2.639216734041838208e-02 4.508365949732251465e-02
2.489916877766518155e-02 4.176678325165994465e-02
2.387448809986381093e-02 4.324249053024686873e-02
2.248571955078659812e-02 3.898738292627967894e-02
2.396961525028018514e-02 4.285523193539120257e-02
2.234308435527054826e-02 4.472573651582933962e-02
2.166749376283405581e-02 4.990988728241063654e-02
2.034412943703500787e-02 4.816343126003630459e-02
2.171256139354227344e-02 4.641132292454130948e-02
2.150042072116775671e-02 4.651764568552607670e-02
2.215109721237240592e-02 4.439865423046285287e-02
2.097336670794902602e-02 4.366277051303768530e-02
2.432673100793181220e-02 4.496253803517902270e-02
2.382732633213890949e-02 4.396049222123110667e-02
2.226421186878724257e-02 5.006591985147679225e-02
