2.295252461982839887e-02 4.733027079781589042e-02
0.000000000000000000e+00 0.000000000000000000e+00
8.941940963268280029e-03 9.810968302190303802e-03
1.830979995429515839e-02 1.886386983096599579e-02
2.388685522601008415e-02 2.849957533180713654e-02
1.813416089862585068e-02 3.619779413565993309e-02
2.529319841414690018e-02 4.201412713155150414e-02
2.386405190918594599e-02 4.843589803203940392e-02
2.217757015023380518e-02 5.652174400165677071e-02
1.545692805666476488e-02 5.101910652592778206e-02
2.381287899333983660e-02 5.087802113848738372e-02
2.345537094515748322e-02 4.926936034462414682e-02
2.526350159314461052e-02 5.378496772027574480e-02
1.860514262807555497e-02 5.071225119172595441e-02
2.754852155339904130e-02 5.331821748404763639e-02
1.914596909773536026e-02 4.907449902384541929e-02
2.593447201070375741e-02 4.709538593306206167e-02
2.115787964430637658e-02 4.397671236074529588e-02
2.042942508705891669e-02 4.828607788658700883e-02
2.911143950768746436e-02 5.116017218097113073e-02
2.056478723534382880e-02 4.644123007892630994e-02
1.560119647183455527e-02 5.260238805203698575e-02
2.519225343712605536e-02 5.208438853151164949e-02
2.243599705980159342e-02 4.943865825771354139e-02
2.087247968302108347e-02 4.514910382567904890e-02
2.736698967055417597e-02 5.360549603938125074e-02
2.036006460548378527e-02 5.093721961020492017e-02
1.807430401095189154e-02 4.575389073579572141e-02
2.493804800906218588e-02 5.363344782381318510e-02
1.748550464981235564e-02 5.349118108279071748e-02
2.531854310655035079e-02 5.194479701458476484e-02
2.116779718198813498e-02 4.498672959743998945e-02
3.035573489614762366e-02 5.060013159527443349e-02
2.106384295620955527e-02 4.626223313971422613e-02
2.899752106168307364e-02 4.634168613119982183e-02
2.193423095741309226e-02 4.488276116899214685e-02
2.601185967796482146e-02 4.442601196933537722e-02
1.951473593362607062e-02 4.798909404780715704e-02
2.753228801884688437e-02 4.406355542596429586e-02
2.027357989572919905e-02 3.836643311660736799e-02
2.353343894355930388e-02 4.776152211707085371e-02
2.067845049896277487e-02 4.334267962258309126e-02
2.825081269838847220e-02 5.124269134830683470e-02
1.946979961940087378e-02 4.521322937216609716e-02
2.605981766828335822e-02 5.326256935950368643e-02
1.985479440190829337e-02 5.113528796937316656e-02
2.173795903217978776e-02 4.605180385988205671e-02
2.101524858153425157e-02 4.955939168576151133e-02
2.598185915849171579e-02 4.759682167787104845e-02
1.935684200725518167e-02 4.674919479293748736e-02
2.533043021685443819e-02 5.395304755074903369e-02
