4.381001534894002347e-02 3.989261679985536824e-02
0.000000000000000000e+00 0.000000000000000000e+00
9.798357263207435608e-03 9.345890954136848450e-03
1.894900295883417130e-02 1.902579516172409058e-02
2.779987268149852753e-02 2.881121728569269180e-02
3.614512085914611816e-02 3.692038264125585556e-02
3.906424390152096748e-02 3.175056539475917816e-02
3.435050137341022491e-02 3.800786333158612251e-02
4.202006943523883820e-02 3.196056792512536049e-02
3.568669781088829041e-02 3.836116008460521698e-02
3.347880649380385876e-02 3.205812210217118263e-02
3.810190246440470219e-02 3.366850013844668865e-02
4.006622126325964928e-02 3.378640408482169732e-02
3.946156910387799144e-02 4.126913626532768831e-02
4.245397023623809218e-02 3.787198513600742444e-02
3.937732632039114833e-02 3.674955400492763147e-02
3.693681064760312438e-02 3.630228910333244130e-02
4.030954901827499270e-02 4.239658277219859883e-02
3.981739527080208063e-02 4.019683051592437550e-02
4.306843515951186419e-02 3.937694243359146640e-02
3.929800505284219980e-02 3.981249502248829231e-02
4.023755423258990049e-02 3.814205936942016706e-02
3.694108722265809774e-02 3.550381413515424356e-02
3.880357136949896812e-02 3.623009073635330424e-02
4.009456024505198002e-02 3.937913986010244116e-02
4.074964747997000813e-02 3.495818698866060004e-02
3.849127591820433736e-02 4.108924461615970358e-02
3.857290805171942338e-02 3.622871354309609160e-02
3.569779652025317773e-02 3.587452426290838048e-02
4.346439349319553003e-02 3.437661308998940513e-02
3.925456399883842096e-02 3.702778345177648589e-02
4.502035970654105768e-02 3.266873745451448485e-02
3.768482818122720346e-02 3.324618841725168750e-02
3.767968787678910303e-02 3.468729752785293385e-02
4.263547182881666231e-02 3.524110692524118349e-02
4.303073167784532416e-02 3.570763128664111719e-02
4.115026893077811110e-02 3.299320363294100389e-02
3.971808142478039372e-02 2.874201829399680719e-02
3.576425620804002392e-02 3.526237760524963960e-02
3.729916871043315041e-02 3.536182080279104412e-02
4.076575808676352608e-02 3.444068648968823254e-02
4.083618097456565010e-02 3.295093940687365830e-02
4.043134980702234316e-02 3.730078719672746956e-02
3.749555655622316408e-02 3.567339983419515193e-02
3.451482838818265009e-02 3.634207454160787165e-02
4.255800488272143411e-02 3.852363899932242930e-02
3.723858649709654856e-02 4.359063916490413249e-02
3.916126784270090866e-02 3.891379284323193133e-02
3.205654319708628464e-02 3.842615534085780382e-02
3.795113848855180549e-02 4.088293237145990133e-02
3.774583386939411866e-02 3.578581742476671934e-02
