4.536784906360316963e-03 4.989703490451266599e-02
0.000000000000000000e+00 0.000000000000000000e+00
6.188368890434503555e-03 9.972317144274711609e-03
9.929602267220616341e-03 1.994511298835277557e-02
1.450909976847469807e-02 2.993293479084968567e-02
1.779778348281979561e-02 3.992275893688201904e-02
1.809290752862580121e-02 4.892981331795454025e-02
1.741297115222550929e-02 5.745859257876873016e-02
1.468941560597158968e-02 5.633469938766211271e-02
1.397387796896509826e-02 6.357388140168040991e-02
1.179821902769617736e-02 6.181850202847272158e-02
1.081119777518324554e-02 5.834800202865153551e-02
8.535421657143160701e-03 6.159828847739845514e-02
7.717016531387344003e-03 5.969503230880945921e-02
6.039230414899066091e-03 5.703118944074958563e-02
8.244431839557364583e-03 5.889171978924423456e-02
7.073685206705704331e-03 5.977696436457335949e-02
1.022857814677990973e-02 5.639619007706642151e-02
7.850916037568822503e-03 6.215402251109480858e-02
1.088773916126228869e-02 6.013084552250802517e-02
9.454977611312642694e-03 6.333609111607074738e-02
7.457090687239542603e-03 6.216349138412624598e-02
5.043954966822639108e-03 5.940614489372819662e-02
5.888866289751604199e-03 6.351878435816615820e-02
6.003222566505428404e-03 5.936930270399898291e-02
4.115613897738512605e-03 6.196689920034259558e-02
4.610185824276413769e-03 6.061550695449113846e-02
6.025744798535015434e-03 5.919690395239740610e-02
5.461755521537270397e-03 6.144341488834470510e-02
8.694602955074515194e-03 5.761122971307486296e-02
6.987603461311664432e-03 5.942466168198734522e-02
6.545052681758534163e-03 5.643587990198284388e-02
7.934481072879862040e-03 5.946870951447635889e-02
6.240052221983205527e-03 5.675348208751529455e-02
6.109714748163241893e-03 6.120650924276560545e-02
6.016437058860901743e-03 6.020722305402159691e-02
5.521249411685857922e-03 6.007281696656718850e-02
6.001296867907512933e-03 6.248837272869423032e-02
6.807014528021682054e-03 5.833355832146480680e-02
7.778324659739155322e-03 5.492695496650412679e-02
7.978722620464395732e-03 5.711238674120977521e-02
7.899986077973153442e-03 5.676964932354167104e-02
8.298693450342398137e-03 5.841870239237323403e-02
9.053598208993207663e-03 5.906380701344460249e-02
7.645340803719591349e-03 5.579589714761823416e-02
6.373291304043959826e-03 6.290206068661063910e-02
8.116849865473341197e-03 5.944954406004399061e-02
7.327356543100904673e-03 6.063723214901983738e-02
6.337312683172058314e-03 5.985571455676108599e-02
8.028698204725515097e-03 5.725243652705103159e-02
8.264129392046015710e-03 6.196827592793852091e-02
