4.261543202992795765e-02 4.046504823909945203e-02
0.000000000000000000e+00 0.000000000000000000e+00
9.070529602468013763e-03 8.630697615444660187e-03
1.844639703631401062e-02 1.694197393953800201e-02
2.676878869533538818e-02 2.450696658343076706e-02
3.617639467120170593e-02 2.766360226087272167e-02
3.870419901795685291e-02 3.323494619689881802e-02
4.423302435316145420e-02 3.120377263985574245e-02
4.247848596423864365e-02 3.115700743364868686e-02
4.571894952096045017e-02 3.299433364736614749e-02
4.352907021529972553e-02 3.783842687698779628e-02
4.565524659119546413e-02 3.376751904579577968e-02
4.348946292884647846e-02 3.533048752433387563e-02
4.556373669765889645e-02 3.174904488696483895e-02
4.338942607864737511e-02 2.719612407236127183e-02
3.909324621781706810e-02 3.654417662619380280e-02
4.391851276159286499e-02 3.227667544706491753e-02
4.370550901512615383e-02 3.023625408968655393e-02
4.279788825078867376e-02 3.585922728962032124e-02
4.576199370785616338e-02 3.168103296047775075e-02
4.356090383953414857e-02 3.279321267473278567e-02
4.091098750359378755e-02 2.521543157490668818e-02
4.117177927400916815e-02 3.406368614378152415e-02
4.528840014245361090e-02 2.973622827994404361e-02
4.410170740447938442e-02 3.576064481603680179e-02
4.351184912957251072e-02 2.996290846931515262e-02
4.628344834782183170e-02 3.287670178542612121e-02
4.081569169647991657e-02 2.842687651718733832e-02
4.172518703853711486e-02 3.604273939708946273e-02
4.472210368840023875e-02 3.424169448408065364e-02
4.397595190675929189e-02 3.548000123555539176e-02
4.430911922827363014e-02 3.336535835842369124e-02
4.592529556248337030e-02 3.006356860714731738e-02
4.215427546296268702e-02 3.552405488881049678e-02
4.732532298658043146e-02 2.961183711158810183e-02
4.131544113624840975e-02 3.595414803567109630e-02
4.409323458094149828e-02 3.060901536809979007e-02
4.508324270136654377e-02 3.308184746856568381e-02
3.808055655099451542e-02 2.996365911531029269e-02
4.401691420935094357e-02 2.988682575232814997e-02
4.683217266574501991e-02 3.194867544516455382e-02
4.274773458018898964e-02 3.350657392002176493e-02
4.320616103359498084e-02 2.757047284103464335e-02
3.837862113141454756e-02 3.386900974146556109e-02
4.526091660954989493e-02 3.133748499385546893e-02
4.275791734107770026e-02 3.347458322241436690e-02
3.974573887535370886e-02 2.817026576667558402e-02
3.930393434711731970e-02 3.371638250246178359e-02
4.304346060962416232e-02 2.964081619575154036e-02
4.068908319459296763e-02 3.420240110426675528e-02
4.310158701264299452e-02 3.003900502517353743e-02
