4.162808463719152446e-02 4.092360842728812176e-02
0.000000000000000000e+00 0.000000000000000000e+00
9.733110666275024414e-03 9.120589122176170349e-03
1.905097812414169312e-02 1.544043375179171562e-02
2.739262860268354416e-02 2.438230114057660103e-02
3.305065678432583809e-02 2.866810141131281853e-02
3.716470766812562943e-02 3.098160075023770332e-02
3.435836499556899071e-02 2.750507579185068607e-02
3.423853284039068967e-02 3.400873881764709949e-02
4.106269004114437848e-02 2.901291078887879848e-02
3.787695169739890844e-02 2.915732568362727761e-02
3.293313989706803113e-02 3.053687635110691190e-02
3.722476233087945729e-02 3.595967107685282826e-02
4.095966806926298887e-02 3.199858154403045774e-02
3.989593377627898008e-02 3.568089805776253343e-02
3.921421281120274216e-02 3.835523925954475999e-02
4.224107497429940850e-02 3.496124834055081010e-02
3.857122374756727368e-02 3.637160273501649499e-02
4.022839969547931105e-02 3.599165054038167000e-02
3.582498875039163977e-02 3.331912262365221977e-02
4.152218044328037649e-02 3.386351448716595769e-02
4.040907150192651898e-02 3.428052764502353966e-02
4.131552578473929316e-02 3.197693804395385087e-02
4.228490231616888195e-02 3.098241196130402386e-02
4.243871686048805714e-02 3.465216144104488194e-02
3.674215101636946201e-02 3.393452687305398285e-02
3.654129766800906509e-02 3.195543450419791043e-02
3.959449297690298408e-02 3.412627967190928757e-02
4.148754359630402178e-02 3.796543137286789715e-02
4.463738318008836359e-02 3.378718395833857358e-02
3.912942878378089517e-02 3.112773390603251755e-02
3.705858577450271696e-02 3.060900481068529189e-02
3.582566486147698015e-02 2.985899479244835675e-02
4.123902528954204172e-02 3.349570537102408707e-02
3.845849794743116945e-02 3.344552183625637554e-02
3.913638873200397938e-02 3.303862595566897653e-02
3.631151367153506726e-02 2.908122911685495637e-02
3.995306526485364884e-02 3.589689591535716318e-02
3.882734807848464698e-02 3.741758560863672756e-02
3.923239502182696015e-02 3.692084410795359872e-02
4.135141162259969860e-02 3.627141634569852613e-02
3.832331801822874695e-02 3.752288501345901750e-02
3.666704324132297188e-02 3.254955960073857568e-02
3.420214857032988220e-02 3.661157795795588754e-02
3.939681722840759903e-02 3.850754082304774784e-02
3.591840168519411236e-02 3.470699011450051330e-02
4.035068875236902386e-02 3.207733330418705009e-02
4.262454867421183735e-02 2.987241919254302047e-02
3.918052198423538357e-02 3.433213650350808166e-02
3.606436321570072323e-02 3.229762671617208980e-02
4.027539318485651165e-02 3.232720015694212634e-02
