2.392748331978733489e-02 4.709518804750985332e-02
0.000000000000000000e+00 0.000000000000000000e+00
7.986974902451038361e-03 9.773723781108856201e-03
1.388665428385138512e-02 1.968042831867933273e-02
1.661198120564222336e-02 2.914251666516065598e-02
2.017083740793168545e-02 3.824455570429563522e-02
1.989336765836924314e-02 4.783166665583848953e-02
2.111448207870125771e-02 5.335729848593473434e-02
2.083337883232161403e-02 5.283595691435039043e-02
2.139021019684150815e-02 4.716270766220986843e-02
2.418141585076227784e-02 4.504982312209904194e-02
2.075718023115769029e-02 4.494100471492856741e-02
2.350577089237049222e-02 5.307182797696441412e-02
1.791519048856571317e-02 5.178379721473902464e-02
1.795535805649706163e-02 4.800742573570460081e-02
2.269852618701406755e-02 5.502213665749877691e-02
2.124118191204615869e-02 5.138312897179275751e-02
2.288214667714782991e-02 4.866627731826156378e-02
2.243648990770452656e-02 5.326268204953521490e-02
1.989435297218733467e-02 4.993923089932650328e-02
2.086468678680830635e-02 4.495683952700346708e-02
2.296381336418562569e-02 4.818518680986016989e-02
2.451555591323995031e-02 5.419476551469415426e-02
2.333133024876588024e-02 4.903316532727330923e-02
2.495259684292250313e-02 4.631681472528725863e-02
2.448958857348770835e-02 5.231742991600185633e-02
1.884649647763581015e-02 4.658732621464878321e-02
2.373762475690455176e-02 4.584505705861374736e-02
2.044804697288782336e-02 4.280389653285965323e-02
2.342198137557716109e-02 5.100828496506437659e-02
2.368432167349965312e-02 5.191816651495173573e-02
2.469130757162929513e-02 4.848089377628639340e-02
2.279644320151419379e-02 4.852315227617509663e-02
2.369443246061564423e-02 4.645079190959222615e-02
2.369319268404979084e-02 5.393963868846185505e-02
1.988734088740784500e-02 5.177941199508495629e-02
2.277379942029256199e-02 5.062650624313391745e-02
2.508035248979467724e-02 5.030232254648581147e-02
2.713364425949293945e-02 4.588385677197948098e-02
2.403566420912284229e-02 5.038115713978186250e-02
2.152428583144683216e-02 5.247488949680700898e-02
2.497857988714713429e-02 5.404498550342395902e-02
2.048317988305825565e-02 4.781071032630279660e-02
1.883128907434183930e-02 4.681678320048376918e-02
1.969390297676909540e-02 4.461494059069082141e-02
2.251137635107625101e-02 5.272910342318937182e-02
2.021817355785060499e-02 5.032944789854809642e-02
2.141004584632355545e-02 5.116250383434817195e-02
1.990385440080899571e-02 4.681880929274484515e-02
2.469484687685508106e-02 5.146898020757362247e-02
1.906745687961119984e-02 4.846255545271560550e-02
