4.135567416771546156e-02 4.104783475807512183e-02
0.000000000000000000e+00 0.000000000000000000e+00
9.773304685950279236e-03 8.705153129994869232e-03
1.929548475891351700e-02 1.670182868838310242e-02
2.812406700104475021e-02 2.552567608654499054e-02
3.447744995355606079e-02 3.265428636223077774e-02
4.149538790807127953e-02 3.458140697330236435e-02
4.399729636497795582e-02 3.581530414521694183e-02
4.053460271097719669e-02 3.127849660813808441e-02
4.660860658623278141e-02 3.512258129194378853e-02
4.064688202925026417e-02 3.610168059822171926e-02
4.189931030850857496e-02 3.487849619705229998e-02
4.427452443633228540e-02 3.452038552495650947e-02
4.211161134298890829e-02 3.477747584111057222e-02
4.004425636958330870e-02 3.454055931069888175e-02
4.362413391936570406e-02 3.104752456420101225e-02
4.069361567962914705e-02 3.461642182082869112e-02
4.393487924244254827e-02 3.396106636500917375e-02
4.155981901567429304e-02 3.688292889273725450e-02
3.807460202369838953e-02 3.739984540152363479e-02
4.340059508103877306e-02 3.368934776517562568e-02
3.817420045379549265e-02 3.729548837873153389e-02
4.536604799795895815e-02 3.524809560622088611e-02
4.224776674527674913e-02 2.978793528745882213e-02
4.079832066781818867e-02 3.217279465752653778e-02
3.750548535026609898e-02 3.249202162260189652e-02
4.356874409131705761e-02 3.452598844887688756e-02
3.902595792897045612e-02 3.372422495158389211e-02
4.337565670721232891e-02 3.743125946493819356e-02
4.044731822796165943e-02 3.516271087573841214e-02
3.537167352624237537e-02 3.194658859865739942e-02
4.147656005807220936e-02 2.787131426157429814e-02
4.446501284837722778e-02 3.403082938166335225e-02
4.082107055000960827e-02 2.871510974364355206e-02
3.969309141393750906e-02 2.986170997610315681e-02
4.602763091679662466e-02 3.594507923116907477e-02
4.176406923215836287e-02 3.063843719428405166e-02
4.419930407311767340e-02 3.399831400020048022e-02
4.197521402966231108e-02 3.851233579916879535e-02
4.156869187136180699e-02 3.682393889175727963e-02
4.125600293627940118e-02 3.452695236774161458e-02
4.455991703434847295e-02 3.031821019249036908e-02
4.161781523725949228e-02 3.347249986836686730e-02
3.726007635123096406e-02 3.618852380895987153e-02
4.235793495899997652e-02 3.294653358170762658e-02
3.929510977468453348e-02 2.819870185339823365e-02
4.044303912087343633e-02 3.097909881034865975e-02
4.308188203140161932e-02 3.032183722825720906e-02
4.102739584050141275e-02 3.285417618462815881e-02
4.491077791317366064e-02 3.147416241699829698e-02
4.133997330791316926e-02 3.390444518299773335e-02
