2.293667238465406377e-02 4.733400772555833302e-02
0.000000000000000000e+00 0.000000000000000000e+00
8.480935357511043549e-03 9.643914178013801575e-03
1.324676070362329483e-02 1.931496802717447281e-02
1.910303859040141106e-02 2.883750014007091522e-02
2.473926218226552010e-02 3.858905192464590073e-02
2.963399095460772514e-02 4.209762671962380409e-02
2.428432740271091461e-02 4.579822160303592682e-02
2.239732840098440647e-02 4.190612724050879478e-02
2.728103590197861195e-02 5.127394339069724083e-02
1.903159753419458866e-02 4.807046195492148399e-02
2.545979642309248447e-02 4.351111454889178276e-02
2.296497067436575890e-02 4.387108486844226718e-02
2.745807962492108345e-02 4.239037196384742856e-02
2.160805556923151016e-02 4.176569980336353183e-02
2.451411448419094086e-02 4.575266287429258227e-02
2.331165876239538193e-02 4.519015416735783219e-02
1.583862351253628731e-02 4.571018321439623833e-02
2.154157310724258423e-02 4.725009063258767128e-02
2.443690085783600807e-02 4.495080932974815369e-02
2.280894957948476076e-02 4.469004675047472119e-02
2.738345938269048929e-02 4.523760121082887053e-02
1.946992392186075449e-02 4.038420779397711158e-02
2.816355566028505564e-02 4.579137166729196906e-02
2.261379372794181108e-02 4.213964025257155299e-02
3.020455839578062296e-02 4.779879114357754588e-02
2.338530321139842272e-02 4.499997402308508754e-02
2.318878372898325324e-02 4.899649292929098010e-02
2.581126400036737323e-02 4.375691682798787951e-02
2.463665435789152980e-02 4.375349909764736367e-02
2.504388877423480153e-02 5.076048888963669015e-02
2.158582821721211076e-02 4.693850914713948441e-02
2.929945342475548387e-02 4.482703602639048768e-02
2.055605367058888078e-02 4.411651530767812801e-02
2.336277562426403165e-02 4.779764927457108570e-02
2.867194713326171041e-02 4.261597163508668018e-02
2.673066087299957871e-02 4.570425149518086982e-02
2.350553340511396527e-02 4.466559411025627924e-02
2.100321493344381452e-02 4.775269258766456915e-02
2.836191590176895261e-02 4.270372468977257085e-02
2.485743473516777158e-02 3.954697748645230604e-02
2.996757702203467488e-02 4.786458959802075697e-02
2.073942666174843907e-02 4.555708588100060297e-02
2.860753034474328160e-02 5.054513736627086473e-02
2.023644914152100682e-02 4.631122061050518823e-02
2.081922994693741202e-02 5.091686685568674875e-02
2.389844408025965095e-02 5.102252085430336592e-02
2.285523881437256932e-02 4.427295653817964194e-02
2.904281840892508626e-02 5.140790167001796362e-02
2.080187277169898152e-02 4.666570490894628165e-02
2.523240522714331746e-02 5.150062367988539336e-02
