4.383000334005338755e-02 3.988287271338689099e-02
0.000000000000000000e+00 0.000000000000000000e+00
9.572093375027179718e-03 8.477032184600830078e-03
1.802182663232088089e-02 1.756897661834955215e-02
2.663596346974372864e-02 2.479431824758648872e-02
3.512728866189718246e-02 3.188834153115749359e-02
3.966127568855881691e-02 3.223324619466438890e-02
4.213243420235812664e-02 2.766040159622207284e-02
3.907514386810362339e-02 3.421973070362582803e-02
4.281547106802463531e-02 2.991249604383483529e-02
4.254009344731457531e-02 3.487172262975946069e-02
4.328148937202058733e-02 3.029107727343216538e-02
4.476580835762433708e-02 3.187350305961444974e-02
4.258785999263636768e-02 3.202179702930152416e-02
4.188358047395013273e-02 3.561713011004030704e-02
4.519041636376641691e-02 3.439691162202507257e-02
4.028758508502505720e-02 3.514563536737114191e-02
3.954921590047888458e-02 3.563914156984537840e-02
3.982026324956677854e-02 3.374524577520787716e-02
4.267948734923265874e-02 2.760625374503433704e-02
3.874926091521047056e-02 3.243308770470321178e-02
3.527163862599991262e-02 3.523027407936751842e-02
3.889531255117617548e-02 3.404437296558171511e-02
3.916834830306470394e-02 3.261842601932585239e-02
4.162085754796862602e-02 3.496276843361556530e-02
3.976634901482611895e-02 3.138033137656748295e-02
3.853173775132745504e-02 3.377353656105697155e-02
4.239603190217167139e-02 3.352669824380427599e-02
4.346735263243317604e-02 3.173897613305598497e-02
4.599324963055551052e-02 2.923208114225417376e-02
4.392279405146837234e-02 3.523855807725340128e-02
3.942309413105249405e-02 3.523511769731157983e-02
4.249825514853000641e-02 2.968383444954270090e-02
4.110270179808139801e-02 3.821157807965391839e-02
3.891731961630284786e-02 3.803934033044242824e-02
3.972098330268636346e-02 3.563209243134224380e-02
4.174392070854082704e-02 3.170846162379348243e-02
3.851312497863546014e-02 3.678094215706551040e-02
3.693918097997084260e-02 3.396531419843995536e-02
3.694208968659040693e-02 2.967833627030813659e-02
3.391201143381294969e-02 2.991287338795700634e-02
3.917744011846480134e-02 3.378419506611862744e-02
3.853315506125909451e-02 3.167934295038321579e-02
4.137135292398852471e-02 2.837083347390034760e-02
3.526942287567180756e-02 3.038780692281761731e-02
3.811914236280244950e-02 3.044096830331000092e-02
3.827376634285428736e-02 3.068657640164929035e-02
4.178533580557086680e-02 3.497195711156564357e-02
3.906640916534342978e-02 3.297006969137328269e-02
4.172201052710988733e-02 3.285376076587454008e-02
3.956423530758002016e-02 3.191052803072125243e-02
