2.415840910266602026e-02 4.703798879628649787e-02
0.000000000000000000e+00 0.000000000000000000e+00
8.906658738851547241e-03 9.857162833213806152e-03
1.691017486155033112e-02 1.925933361053466797e-02
2.138948161154985428e-02 2.756577264517545700e-02
2.530368277803063393e-02 3.631242550909519196e-02
2.386468963231891394e-02 4.387576831504702568e-02
2.221308252774178982e-02 4.989425046369433403e-02
1.886187097989022732e-02 5.114628770388662815e-02
2.622205042280256748e-02 5.101764955907128751e-02
1.918341242708265781e-02 4.819874800159595907e-02
2.486684848554432392e-02 5.110054518445394933e-02
1.895219250582158566e-02 4.861379120848141611e-02
2.082547347526997328e-02 5.508483466110192239e-02
2.061079602572135627e-02 4.914319873205386102e-02
2.321829061838798225e-02 4.488378189853392541e-02
1.924157721805386245e-02 5.124081749818287790e-02
1.874187754583545029e-02 4.656832650653086603e-02
1.965489910799078643e-02 5.002749277628026903e-02
2.617947265389375389e-02 4.751123263849876821e-02
1.877410124870948493e-02 4.436193298897705972e-02
1.756986867985688150e-02 5.041625568992458284e-02
1.504851350910030305e-02 4.288247306249104440e-02
2.446893634623847902e-02 5.126647916040383279e-02
1.814659949741326272e-02 4.383011333993636072e-02
2.332922336063347757e-02 4.779349532327614725e-02
1.580473067588172853e-02 4.298040256253443658e-02
2.408479092991910875e-02 4.974401075742207468e-02
1.734400665736757219e-02 4.434714405215345323e-02
2.202973034582100809e-02 5.182071993476711214e-02
1.725453822291456163e-02 4.768728589988313615e-02
2.257643904886208475e-02 4.703949906979687512e-02
1.736806132248602808e-02 4.446518889744766057e-02
1.612749855848960578e-02 4.765009859693236649e-02
1.602124136115889996e-02 4.706364075536839664e-02
1.647119085828308016e-02 5.124257129500620067e-02
2.095631651172880083e-02 4.664099027286283672e-02
1.527911006996873766e-02 4.400299905682913959e-02
1.964674053306225687e-02 4.972098206053487957e-02
1.595120552519802004e-02 4.779347215662710369e-02
1.916699043067637831e-02 4.651139114866964519e-02
1.675926266761962324e-02 4.701912615564651787e-02
1.380515705386642367e-02 5.085682825301773846e-02
1.747509233246091753e-02 4.815319206682033837e-02
1.657633775903377682e-02 5.292778488365001976e-02
1.389699465653393418e-02 4.737216586363501847e-02
1.664932597486767918e-02 4.764926666393876076e-02
2.092693200393114239e-02 4.347197897732257843e-02
1.777544141805265099e-02 4.644059413112699986e-02
1.815080763481091708e-02 4.481317929457873106e-02
1.125377211428713053e-02 4.368303413502871990e-02
