2.722667748189187484e-03 4.996292853019548841e-02
0.000000000000000000e+00 0.000000000000000000e+00
6.322277709841728210e-03 9.648950770497322083e-03
1.047982787713408470e-02 1.962537597864866257e-02
1.382965175434947014e-02 2.950540836900472641e-02
1.528118574060499668e-02 3.866738080978393555e-02
1.361703011207282543e-02 4.660994000732898712e-02
1.437803596490994096e-02 5.165029689669609070e-02
1.070596190402284265e-02 5.012785363942384720e-02
1.004306768300011754e-02 5.029973197088111192e-02
8.198770054150372744e-03 5.058044123870786279e-02
8.954335178714245558e-03 5.282859852013643831e-02
8.365007408428937197e-03 5.235233657003846020e-02
7.513537188060581684e-03 5.589730954670812935e-02
8.946946589276194572e-03 5.913158982002642006e-02
1.034369552507996559e-02 5.520193009579088539e-02
8.617514045909047127e-03 5.686558991146739572e-02
1.041637745220214128e-02 5.943477408436592668e-02
1.015122380340471864e-02 6.073645838478114456e-02
1.056360331131145358e-02 5.725457808875944465e-02
1.145674433792009950e-02 5.446769633272197098e-02
9.728533972520381212e-03 5.582096612488385290e-02
8.087816589977592230e-03 5.453961469174828380e-02
9.148116398137062788e-03 5.427562929980922490e-02
9.931215317919850349e-03 5.452734923164825886e-02
9.283334889914840460e-03 5.548223467485513538e-02
8.619012543931603432e-03 5.741832462081220001e-02
8.064696507062762976e-03 5.675067157426383346e-02
8.563593321014195681e-03 5.283041215443518013e-02
6.595685903448611498e-03 5.688188654312398285e-02
7.086813857313245535e-03 5.636389715073164552e-02
6.489458493888378143e-03 5.599563523719552904e-02
6.259469213546253741e-03 5.439296354597900063e-02
5.823502360726706684e-03 5.680320960527751595e-02
4.755297719384543598e-03 6.081217610335443169e-02
7.588941880385391414e-03 6.014172641152981669e-02
8.491488508298061788e-03 5.919657439517322928e-02
8.067765054875053465e-03 5.813529169245157391e-02
8.852761777234263718e-03 5.906216295261401683e-02
9.434914347366429865e-03 5.842969864897895604e-02
8.718826531548984349e-03 6.074802479997742921e-02
8.767419814830645919e-03 5.989498163398820907e-02
7.909616018878296018e-03 5.903380301606375724e-02
7.039237447315827012e-03 6.262568601232487708e-02
6.612193421460688114e-03 5.876465451729018241e-02
4.772423417307436466e-03 5.809121917991433293e-02
4.036995116621255875e-03 5.915849156735930592e-02
4.058158341649686918e-03 6.042540738417301327e-02
4.713063153758412227e-03 6.085542509390506893e-02
6.905401849508052692e-03 6.425591059087309986e-02
8.727615957468515262e-03 5.890679279400501400e-02
