2.308880759797389201e-02 4.729803165379936614e-02
0.000000000000000000e+00 0.000000000000000000e+00
8.420105092227458954e-03 9.931292384862899780e-03
1.568523654714226723e-02 1.980740670114755630e-02
2.196859102696180344e-02 2.975103817880153656e-02
2.422096952795982361e-02 3.952621389180421829e-02
2.492030482972040772e-02 4.421446472406387329e-02
2.357847202802076936e-02 4.766791732981801033e-02
2.541242347797378898e-02 4.902807739563286304e-02
2.622475253883749247e-02 5.051095632370561361e-02
2.755111921578645706e-02 5.104306602152064443e-02
2.612637635320425034e-02 5.167248746147379279e-02
2.497348189353942871e-02 4.866084357490763068e-02
2.593178389361128211e-02 4.760380409425124526e-02
2.548728941474109888e-02 5.046591063728556037e-02
2.600905415602028370e-02 4.803691053530201316e-02
2.418139937799423933e-02 5.200572166359052062e-02
2.352025872096419334e-02 5.148880335036665201e-02
2.158636285457760096e-02 5.341046419925987720e-02
2.083457424305379391e-02 5.269581766333431005e-02
2.093411042005755007e-02 5.054088390897959471e-02
2.107358170906081796e-02 5.145910417195409536e-02
2.110348655151028652e-02 5.217307957354933023e-02
2.024992661790747661e-02 4.815547971520572901e-02
2.027464704769954551e-02 4.693243955262005329e-02
1.972891827062994707e-02 4.664227520697750151e-02
1.982581634547386784e-02 5.120250736945308745e-02
1.994215626655204687e-02 4.770031376392580569e-02
1.827505486471636686e-02 4.985871227108873427e-02
1.968815584586991463e-02 4.961524876125622541e-02
1.948068341334874276e-02 5.029325753275770694e-02
2.124425958936626557e-02 4.976328702468890697e-02
2.146859836102521513e-02 4.660820944991428405e-02
2.172340702418296132e-02 4.967973924067337066e-02
2.303767395824252162e-02 4.977917289943434298e-02
2.261907592219358776e-02 4.872157730278559029e-02
2.183524329484498594e-02 4.898678936297073960e-02
2.048233357527351473e-02 5.159744416596367955e-02
2.003265410348831210e-02 5.149688397796126083e-02
1.942458660960255656e-02 4.966701428202213719e-02
1.866696628894715104e-02 4.826348822825821117e-02
1.774614845089672599e-02 5.061833177023800090e-02
1.847665820423571859e-02 5.012429273483576253e-02
1.679508661072759423e-02 4.829263606370659545e-02
1.711876605440920684e-02 5.082824256533058360e-02
1.685832475232018624e-02 4.906341108289780095e-02
1.543496467093063984e-02 5.096812034753384069e-02
1.565371491051337216e-02 4.836095590871991590e-02
1.604628897075599525e-02 5.196269532461883500e-02
1.687758179650700185e-02 5.169353626115480438e-02
1.620324522991722915e-02 5.226620098255807534e-02
