4.312455950267479743e-02 4.022345796798225404e-02
0.000000000000000000e+00 0.000000000000000000e+00
9.525503963232040405e-03 8.829878643155097961e-03
1.824163366109132767e-02 1.633759867399930954e-02
2.595026046037673950e-02 2.281348919495940208e-02
3.059950983151793480e-02 2.935785381123423576e-02
3.651612903922796249e-02 3.629735903814435005e-02
3.094935230910778046e-02 3.121903259307146072e-02
3.668083110824227333e-02 3.308402013499289751e-02
3.077065292745828629e-02 3.254394902614876628e-02
3.656951943412423134e-02 3.058538347249850631e-02
3.443126659840345383e-02 3.751235402887687087e-02
3.305908606853336096e-02 3.668316762195900083e-02
3.512111597228795290e-02 3.675961057888343930e-02
3.355163510423153639e-02 3.630261344369500875e-02
3.669038822408765554e-02 3.659818452433682978e-02
3.582168871071189642e-02 3.881562026799656451e-02
3.519363340456038713e-02 3.511040974990464747e-02
3.736991586629301310e-02 3.127825437695719302e-02
3.549527470022439957e-02 3.482844392419792712e-02
3.391624044161289930e-02 3.573174393386580050e-02
3.832245746161788702e-02 3.741491588880307972e-02
3.257166675757616758e-02 3.667729112203232944e-02
3.887195966672152281e-02 4.049808226409368217e-02
3.766987705603241920e-02 3.835437746602110565e-02
3.520127688534557819e-02 4.161382044549100101e-02
3.363346611149609089e-02 3.866320053930394351e-02
3.067250060848891735e-02 3.275129009853117168e-02
3.702453034929931164e-02 3.520116137224249542e-02
3.470159741118550301e-02 3.477849470800720155e-02
3.426448081154376268e-02 3.284965510829351842e-02
3.616167395375669003e-02 3.699151854380033910e-02
3.175889491103589535e-02 3.607898697373457253e-02
3.678438789211213589e-02 3.254113139701075852e-02
3.568806778639554977e-02 3.882844353211112320e-02
3.822821984067559242e-02 3.763747125049121678e-02
3.364924760535359383e-02 3.991514819790609181e-02
3.833614289760589600e-02 3.820168462698347867e-02
3.951101237908005714e-02 3.823378053493797779e-02
3.746603243052959442e-02 3.548019262962043285e-02
3.657334379386156797e-02 3.364059422165155411e-02
3.662942818846204318e-02 4.000788880512118340e-02
3.558784714914509095e-02 3.639392927289009094e-02
3.239516626126714982e-02 3.632441118679707870e-02
3.998953468180843629e-02 3.953805637866025791e-02
3.464329746566363610e-02 3.617631087399786338e-02
4.218229317120858468e-02 3.833152775041526183e-02
3.547775830156751908e-02 4.009163742739474401e-02
3.721933093402185477e-02 4.064759259199490771e-02
3.187957106638350524e-02 3.842852493835380301e-02
3.482748687747516669e-02 3.752642714971443638e-02
