2.488674943346437518e-02 4.685375420001003377e-02
0.000000000000000000e+00 0.000000000000000000e+00
9.143271483480930328e-03 8.972974494099617004e-03
1.234526629559695721e-02 1.864496711641550064e-02
1.818358874879777431e-02 2.758640516549348831e-02
2.243009512312710285e-02 3.693787660449743271e-02
2.383923111483454704e-02 4.440564475953578949e-02
2.056165761314332485e-02 5.017988616600632668e-02
1.713687623851001263e-02 5.267171189188957214e-02
2.416477608494460583e-02 5.157059896737337112e-02
1.661675027571618557e-02 4.895443143323063850e-02
2.220980939455330372e-02 4.487619642168283463e-02
2.189213692327030003e-02 4.888195497915148735e-02
1.867924098041839898e-02 5.088922847062349319e-02
1.974792839610017836e-02 5.542312702164053917e-02
1.944467247813008726e-02 4.773019254207611084e-02
2.378025473444722593e-02 5.351412715390324593e-02
1.952478484599851072e-02 4.673341335728764534e-02
2.031585646909661591e-02 5.114105297252535820e-02
1.840809537679888308e-02 4.980460240039974451e-02
1.897628259030170739e-02 5.142233555670827627e-02
1.847046447801403701e-02 5.157682721619494259e-02
1.911929438938386738e-02 5.040872577228583395e-02
2.308199836988933384e-02 4.273813278996385634e-02
1.816657141898758709e-02 4.933721819543279707e-02
1.892862157546915114e-02 4.827400008798576891e-02
2.181246122927404940e-02 5.018499647849239409e-02
1.897876537987031043e-02 4.778709696256555617e-02
2.469770438619889319e-02 5.215847786166705191e-02
1.607373278238810599e-02 4.865141087793745100e-02
1.863526846864260733e-02 5.222817711182869971e-02
2.340482236468233168e-02 5.430430095293559134e-02
1.658770177164115012e-02 5.453165809740312397e-02
1.946760868304409087e-02 5.122290531289763749e-02
2.518865527235902846e-02 5.331523696077056229e-02
1.716482700430788100e-02 5.108739415300078690e-02
2.366735009127296507e-02 4.628752896678633988e-02
1.880134982638992369e-02 5.295988850411958992e-02
2.119873571791686118e-02 5.627007994917221367e-02
1.968425619998015463e-02 5.499788376619108021e-02
1.900200117961503565e-02 5.108797273715026677e-02
2.407618277356959879e-02 5.276584104285575449e-02
1.713004233897663653e-02 5.294962122570723295e-02
1.799564718385227025e-02 5.360157799441367388e-02
2.311776255373843014e-02 5.456537910504266620e-02
1.691345221479423344e-02 5.409394035814329982e-02
2.223723896895535290e-02 5.246942950179800391e-02
1.651030223001725972e-02 4.908927221549674869e-02
1.534155468107201159e-02 5.426265829009935260e-02
2.067028349847532809e-02 5.138967506354674697e-02
2.125191394588910043e-02 4.957014432875439525e-02
