4.199178850832565452e-02 4.075621024410423787e-02
0.000000000000000000e+00 0.000000000000000000e+00
9.834661148488521576e-03 9.227098897099494934e-03
1.900263410061597824e-02 1.838688738644123077e-02
2.843098994344472885e-02 2.699032891541719437e-02
3.539620479568839073e-02 3.138866648077964783e-02
4.375344654545187950e-02 3.031185257714241743e-02
3.947407146915793419e-02 3.495764255058020353e-02
4.422222869470715523e-02 3.536635159980505705e-02
3.877924848347902298e-02 3.349915274884551764e-02
4.576664371415972710e-02 2.961757674347609282e-02
4.332589381374418736e-02 2.828326716553419828e-02
4.117730609141290188e-02 2.677005191799253225e-02
3.966274135746061802e-02 3.261624916922301054e-02
4.564526048488914967e-02 3.100724332034587860e-02
3.998600388877093792e-02 2.919338224455714226e-02
4.262604843825101852e-02 3.162037488073110580e-02
3.998337290249764919e-02 2.827966329641640186e-02
3.860999131575226784e-02 2.857287283404730260e-02
4.500279435887932777e-02 3.129486422403715551e-02
3.991083893924951553e-02 3.011568644433282316e-02
4.152259859256446362e-02 2.989422182145062834e-02
3.902968554757535458e-02 3.158925393654499203e-02
3.904009967118327040e-02 2.716206166951451451e-02
3.742979858543549199e-02 3.108282866014633328e-02
4.207289517398749013e-02 2.916651080886367708e-02
4.202782750689948443e-02 3.022842471546027809e-02
4.025328756870294455e-02 2.910088423232082278e-02
4.332135074400866870e-02 3.366401560197118670e-02
3.820079021716082934e-02 3.032385233382228762e-02
3.613121566922927741e-02 2.984570329135749489e-02
4.287012379245425109e-02 2.958092217158991843e-02
4.023220638373459224e-02 3.383455036964733154e-02
4.032725790784752462e-02 2.919870040204841644e-02
4.369127490826940630e-02 3.157141113479156047e-02
3.963688408293819521e-02 2.948582738463301212e-02
4.288990163513517473e-02 3.110646929417271167e-02
4.121002341889834497e-02 2.923449660011101514e-02
4.103921976093261037e-02 3.490735190280247480e-02
4.124374116690887604e-02 2.937588533677626401e-02
3.816209162505401764e-02 3.033733805932570249e-02
3.709545218771381769e-02 3.397834482893813401e-02
4.346247249668522272e-02 2.767415899143088609e-02
3.760604280432744417e-02 3.264028434932697564e-02
4.195924661507888231e-02 3.359683633607346565e-02
3.735504066025896464e-02 2.921185347076971084e-02
4.276960389142914210e-02 2.795696475368458778e-02
3.979663643440289889e-02 3.264103394758421928e-02
3.730156155688746367e-02 3.110262025438714772e-02
4.131821379451139364e-02 2.903268039517570287e-02
3.889390406584425364e-02 2.502216045104432851e-02
