2.363491551425815976e-02 4.716681927815626063e-02
0.000000000000000000e+00 0.000000000000000000e+00
8.415360003709793091e-03 8.541866205632686615e-03
1.419829297810792923e-02 1.763006485998630524e-02
2.015044353902339935e-02 2.745603956282138824e-02
2.501247776672244072e-02 3.564946912229061127e-02
2.075261995196342468e-02 4.440947622060775757e-02
1.828287052921950817e-02 5.264667607843875885e-02
1.783181357313878834e-02 5.451732606161385775e-02
2.079971603234298527e-02 5.413145275088027120e-02
1.425101517816074193e-02 5.236380855785682797e-02
2.099809379433281720e-02 4.915669123874977231e-02
2.280485958908684552e-02 4.907713334250729531e-02
1.971717461128719151e-02 5.387425112712662667e-02
1.922250018105842173e-02 5.471250343543943018e-02
1.496567242429591715e-02 5.755241074075456709e-02
2.164748162613250315e-02 5.138262266700621694e-02
1.901968094171024859e-02 4.821704745700117201e-02
2.448363127768971026e-02 4.710598591191228479e-02
1.809251579106785357e-02 4.452442655747290701e-02
2.283926625386811793e-02 5.155898582597728819e-02
1.571800085366703570e-02 5.222530731407459825e-02
2.346690036938525736e-02 5.370090015640016645e-02
1.596633429289795458e-02 4.756963251566048712e-02
1.723564023268409073e-02 5.372687427734490484e-02
2.048070056480355561e-02 5.228413430450018495e-02
1.792818776448257267e-02 5.238962498697219416e-02
1.874747863621450961e-02 5.094180558080552146e-02
1.627132287831045687e-02 4.833338595199165866e-02
2.266045883879996836e-02 4.951674676703987643e-02
1.738681449205614626e-02 4.452301607670960948e-02
1.668035701732151210e-02 5.026916134374914691e-02
1.523879959131591022e-02 5.306170810217736289e-02
1.449502838659100235e-02 5.009850742499111220e-02
2.017001734930090606e-02 4.733956581185339019e-02
1.487346060457639396e-02 4.630824689957080409e-02
1.483917362929787487e-02 4.918821690807817504e-02
1.758104572945740074e-02 4.885700641170842573e-02
2.219419936591293663e-02 5.189309518755180761e-02
1.543101026618387550e-02 5.203582565445685759e-02
1.602572154661174864e-02 5.197895448145573027e-02
2.388494693150278181e-02 4.588868272912804969e-02
1.765187176351901144e-02 4.837489025157992728e-02
2.351477414777036756e-02 5.192954665471916087e-02
1.466918502410408109e-02 4.749935832296614535e-02
1.985742103715892881e-02 5.406335428779129870e-02
1.742733384890016168e-02 5.045040221375529654e-02
2.036010751908179373e-02 5.473849959162180312e-02
1.498193338920827955e-02 5.104632805523579009e-02
2.391254108806606382e-02 4.779097334903781302e-02
1.912467180227395147e-02 4.536746642042999156e-02
