2.439371940074417516e-02 4.697910318103461214e-02
0.000000000000000000e+00 0.000000000000000000e+00
7.681338582187891006e-03 9.719241410493850708e-03
1.453623268753290176e-02 1.908719632774591446e-02
2.020040480419993401e-02 2.875836193561553955e-02
2.279944741167128086e-02 3.867956157773733139e-02
2.378866274375468493e-02 4.640619736164808273e-02
2.228269656188786030e-02 4.674679020536132157e-02
2.242400725663173944e-02 4.623623591032810509e-02
2.069258301344234496e-02 5.023975836229510605e-02
1.999421867367345840e-02 4.848702545859850943e-02
1.904930507589597255e-02 4.987190364045090973e-02
1.918888126965612173e-02 5.023188947234302759e-02
1.768957299645990133e-02 4.865756095387041569e-02
1.746070844819769263e-02 4.708774271421134472e-02
1.717927795834839344e-02 4.964526463299989700e-02
1.683942717500030994e-02 4.986200976418331265e-02
1.560355827677994967e-02 5.002405452250968665e-02
1.568564221815904602e-02 5.106358455668669194e-02
1.607822582445805892e-02 4.901812311436515301e-02
1.671577258821344003e-02 5.041154734499286860e-02
1.693571372743463144e-02 5.038315109595714603e-02
1.564054949994897470e-02 4.798106016278325114e-02
1.442728147230809554e-02 4.631185420475958381e-02
1.486339075927389786e-02 4.384501237109361682e-02
1.704595778574002907e-02 4.841378336459456477e-02
1.651850737835047767e-02 5.038626311034022365e-02
1.657705940306186676e-02 5.352079501062689815e-02
1.544286822900176048e-02 4.933133028134761844e-02
1.463500357931479812e-02 5.143726599089859519e-02
1.494068719330243766e-02 5.020767467249243055e-02
1.341875115758739412e-02 5.008727925633138511e-02
1.345870653312886134e-02 4.830785301783180330e-02
1.312092462467262521e-02 4.445403205500042532e-02
1.336200514197116718e-02 5.123813260615861509e-02
1.642971068940823898e-02 5.079284897692559753e-02
1.513503587193554267e-02 4.984058078298403416e-02
1.560456072184024379e-02 5.202326701873971615e-02
1.686975277698365971e-02 4.960914782168401871e-02
1.583123311138479039e-02 5.127267527313961182e-02
1.613041862583486363e-02 5.016959423119260464e-02
1.679055199929280207e-02 4.889173025185300503e-02
1.637520002987002954e-02 4.888978177609715203e-02
1.743051458470290527e-02 5.421826751830849389e-02
1.834116150712361559e-02 5.371675165065425972e-02
1.762503614736488089e-02 5.101526891508001427e-02
1.527479636570205912e-02 4.909446639635461906e-02
1.684537153778364882e-02 5.148280169510144333e-02
1.867976408539107069e-02 5.464331400276023487e-02
1.716168384155025706e-02 5.271253958039778809e-02
1.693346362299052998e-02 5.056952326253849606e-02
