4.304498184714921488e-02 4.026145100638807428e-02
0.000000000000000000e+00 0.000000000000000000e+00
9.823849424719810486e-03 9.912827052175998688e-03
1.926632039248943329e-02 1.829721312969923019e-02
2.548966603353619576e-02 2.676464989781379700e-02
3.243256499990820885e-02 3.574234433472156525e-02
3.180193656589835882e-02 3.630482027074322104e-02
3.650929208379238844e-02 3.967329923762008548e-02
3.076752449851483107e-02 3.476743138162419200e-02
2.838773035909980536e-02 3.819159528939053416e-02
3.187618276569992304e-02 3.661040455335751176e-02
3.430511255282908678e-02 3.235115349525585771e-02
3.645987890195101500e-02 3.772689407924190164e-02
3.433214931283146143e-02 3.423336945706978440e-02
3.326574654784053564e-02 4.150508582824841142e-02
3.846096701454371214e-02 3.856013604672625661e-02
3.424421127419918776e-02 3.796716401120647788e-02
3.694248001556843519e-02 3.126668365439400077e-02
3.502347995527088642e-02 4.095541493734344840e-02
3.277354245074093342e-02 3.827169671421870589e-02
3.393118618987500668e-02 3.174987941747531295e-02
3.218304878100752831e-02 3.520600096089765429e-02
3.719456167891621590e-02 3.639293083688244224e-02
3.374811867251992226e-02 3.496748517500236630e-02
3.521751379594206810e-02 3.746443922864273190e-02
3.649312350898981094e-02 3.231214574771001935e-02
3.413960314355790615e-02 4.027146595763042569e-02
3.148172469809651375e-02 3.669208550127223134e-02
3.304475871846079826e-02 3.532094805268570781e-02
3.429581364616751671e-02 3.422314376803115010e-02
3.401565810781903565e-02 3.287142963381484151e-02
4.003770023700781167e-02 3.996034228475764394e-02
3.422066688654012978e-02 4.056893312372267246e-02
3.288097030599601567e-02 3.534421813674271107e-02
3.591595523175783455e-02 3.487912847776897252e-02
4.066409103688783944e-02 3.702862447244115174e-02
3.526508415234275162e-02 3.640338606783188879e-02
3.095969071728177369e-02 3.345653010183013976e-02
3.552150333416648209e-02 3.258575571817345917e-02
3.607799133169464767e-02 3.311442027916200459e-02
3.799977383459918201e-02 4.112671225448139012e-02
3.289622391457669437e-02 3.830378039856441319e-02
3.171057670260779560e-02 3.403225869988091290e-02
3.039871362852863967e-02 3.348441809066571295e-02
3.492869270849041641e-02 3.581259810016490519e-02
3.359843508224003017e-02 3.585573994132573716e-02
3.237502180854789913e-02 3.414520165460999124e-02
3.367652019369415939e-02 3.075699355031247251e-02
3.295349379186518490e-02 3.898555725390906446e-02
3.602608808432705700e-02 3.606209913778002374e-02
3.794849760015495121e-02 3.472479151605512016e-02
