2.400482371141361010e-02 4.707609612352546546e-02
0.000000000000000000e+00 0.000000000000000000e+00
6.596517283469438553e-03 9.483418427407741547e-03
1.323476014658808708e-02 1.874416600912809372e-02
1.310655652196146548e-02 2.820528391748666763e-02
1.757469485164619982e-02 3.754219878464937210e-02
1.749968180956784636e-02 4.656337108463048935e-02
2.135683411324862391e-02 5.170163093134760857e-02
1.839228394965175539e-02 4.552604630589485168e-02
1.899298788339365274e-02 4.701012209989130497e-02
1.794060594693291932e-02 5.297125387005507946e-02
1.713639865920413285e-02 5.006821919232606888e-02
2.007829067588318139e-02 5.370987695641815662e-02
1.864386147644836456e-02 5.097124632447957993e-02
1.630393446248490363e-02 4.578939033672213554e-02
1.596374037035275251e-02 4.899103357456624508e-02
1.523284679569769651e-02 5.096675339154899120e-02
1.127483900927472860e-02 5.557443317957222462e-02
1.535402583249378949e-02 5.351299652829766273e-02
1.470731904555577785e-02 4.674016078934073448e-02
1.264243230980355293e-02 5.350145185366272926e-02
1.875532355916220695e-02 4.816559003666043282e-02
2.039821592916268855e-02 4.670435830485075712e-02
2.012678056780714542e-02 5.301750113721936941e-02
2.048638135602232069e-02 4.860871739219874144e-02
2.053421765958773904e-02 4.872383422480197623e-02
1.913420769778895192e-02 5.309588148520560935e-02
1.903489205506048165e-02 4.824959266261430457e-02
1.670047032166621648e-02 5.341561057866783813e-02
1.860807762932381593e-02 5.178770947532029822e-02
1.628402943242690526e-02 4.560055316687794402e-02
1.612925166773493402e-02 5.436906510294647887e-02
1.741045350718195550e-02 5.143266858794959262e-02
2.029821146788890474e-02 5.254100380261661485e-02
2.092884054218302481e-02 5.092144187801750377e-02
1.714490649101207964e-02 5.117227847949834540e-02
1.858944054038147442e-02 5.338873307482572272e-02
1.788855487757246010e-02 5.321415942307794467e-02
2.105807354018907063e-02 5.520354779582703486e-02
2.026641000338713638e-02 5.052701532986247912e-02
1.872922297843615524e-02 5.262543503340566531e-02
1.960202927512000315e-02 5.532261063490295783e-02
1.813892605059663765e-02 5.058703371469164267e-02
2.124334922336856835e-02 4.933408633951330557e-02
2.133249154212535359e-02 5.521208872232818976e-02
2.075806016000569798e-02 4.998437813628697768e-02
2.278047905201674439e-02 5.342667256627464667e-02
1.950283174301148392e-02 4.994488167722010985e-02
2.035657648593769409e-02 4.776423736620927230e-02
2.052351121164974757e-02 5.573230269510531798e-02
2.051927808997788816e-02 5.018332540203118697e-02
