2.353884253416216668e-02 4.719013783379422122e-02
0.000000000000000000e+00 0.000000000000000000e+00
8.440962061285972595e-03 9.933991357684135437e-03
1.602401491254568100e-02 1.857146434485912323e-02
1.803914178162813187e-02 2.807084750384092331e-02
2.070460421964526176e-02 3.786319866776466370e-02
1.938096387311816216e-02 4.705120529979467392e-02
2.015230042161419988e-02 5.269686644896864891e-02
1.730483450228348374e-02 4.942955216392874718e-02
1.604668475920334458e-02 5.487436475232243538e-02
9.831545467022806406e-03 5.050038406625390053e-02
1.555374969029799104e-02 5.476122302934527397e-02
1.966858847299590707e-02 4.964478686451911926e-02
1.802238269010558724e-02 5.481997318565845490e-02
1.547942572506144643e-02 5.337716173380613327e-02
2.169217291520908475e-02 5.314426553377415985e-02
1.753109862329438329e-02 4.955057763436343521e-02
1.813923165900632739e-02 5.590690961980726570e-02
2.062510297400876880e-02 5.267158510105218738e-02
1.911004952853545547e-02 5.159135289432015270e-02
1.836421183543279767e-02 5.453520953597035259e-02
1.808339229319244623e-02 5.294699371734168380e-02
1.965060096699744463e-02 5.515614814066793770e-02
1.977190237812465057e-02 5.596811718714889139e-02
1.537917137466138229e-02 4.799311816168483347e-02
1.696648474171524867e-02 5.629733692330773920e-02
1.660089487995719537e-02 5.293666965735610574e-02
1.770197381119942293e-02 5.410708427370991558e-02
1.779743780207354575e-02 4.797105804027523845e-02
2.036503057752270252e-02 5.488202800916042179e-02
1.480430371884722263e-02 4.831637289316859096e-02
2.211233841080684215e-02 5.620455589087214321e-02
1.628238994453568012e-02 4.941670210973825306e-02
1.942470863286871463e-02 5.338826669321861118e-02
1.511292679060716182e-02 4.823365654738154262e-02
2.153032978822011501e-02 5.569052170903887600e-02
1.483491536055225879e-02 4.910480264516081661e-02
1.818397858005482703e-02 5.717551182897295803e-02
1.383454057213384658e-02 4.846487879694905132e-02
1.676701761607546359e-02 5.121217119449283928e-02
1.340863697987515479e-02 5.373184672498609871e-02
1.033437375735957175e-02 4.898162708559539169e-02
1.193401818454731256e-02 5.019166214333381504e-02
1.904290165111888200e-02 4.535994758771266788e-02
1.770900581323076040e-02 5.307995747716631740e-02
1.774224851396866143e-02 4.706356987298931926e-02
1.808067772071808577e-02 4.948118781612720340e-02
1.677673670928925276e-02 5.514772269816603512e-02
1.630741154076531529e-02 4.820675902010407299e-02
1.949982071528211236e-02 5.042832774051930755e-02
1.716265833238139749e-02 5.088620823516976088e-02
