4.187222434027824958e-02 4.081143556181353327e-02
0.000000000000000000e+00 0.000000000000000000e+00
9.429622441530227661e-03 9.438984096050262451e-03
1.841956749558448792e-02 1.858172379434108734e-02
2.701317332684993744e-02 2.759100589901208878e-02
3.469904325902462006e-02 2.707101736450567842e-02
3.498161456082016230e-02 3.434406412998214364e-02
3.621033567469567060e-02 3.520820272387936711e-02
3.665340202860534191e-02 3.251552238361909986e-02
3.597812075167894363e-02 3.730361006455495954e-02
3.472967830020934343e-02 3.440872329520061612e-02
3.679690568242222071e-02 3.780993592226877809e-02
3.936174709815531969e-02 3.275076817953959107e-02
3.300987335387617350e-02 3.680834459373727441e-02
3.982931107748299837e-02 3.455262543866410851e-02
3.478326846379786730e-02 3.707475174451246858e-02
4.040198598522692919e-02 3.712309707043459639e-02
3.412941901478916407e-02 3.667139342724112794e-02
4.160413576755672693e-02 3.356494486070005223e-02
3.454822546336799860e-02 3.793779445550171658e-02
4.046550963539630175e-02 3.569283440447179601e-02
3.618836926762014627e-02 3.722770883905468509e-02
3.805599373299628496e-02 3.577882306854007766e-02
3.458362456876784563e-02 2.994511392171261832e-02
3.793417091947048903e-02 3.727473527396796271e-02
4.091641295235604048e-02 3.880986116564599797e-02
3.508189215790480375e-02 3.720581914967624471e-02
4.284413566347211599e-02 3.483331470488337800e-02
3.731600509490817785e-02 4.173070459364680573e-02
4.071383213158696890e-02 3.875600324681727216e-02
3.601186990272253752e-02 3.653872186987427995e-02
3.987596032675355673e-02 3.002214326261309907e-02
3.986335454101208597e-02 3.307124028651742265e-02
4.002570567536167800e-02 3.164229226968018338e-02
3.568171450751833618e-02 3.585267264134017751e-02
3.889307074132375419e-02 4.011339239514200017e-02
3.505585013772360981e-02 3.562901319673983380e-02
4.309264893527142704e-02 3.484410052624298260e-02
3.623843097011558712e-02 3.612083795451326296e-02
3.109642860363237560e-02 3.281054383114678785e-02
3.051561952452175319e-02 3.670193434663815424e-02
3.911382050137035549e-02 3.888716821529669687e-02
4.223300187732093036e-02 3.659441059426171705e-02
3.741902016918174922e-02 3.659927790931760683e-02
3.998004339518956840e-02 3.383475371583699598e-02
3.833574682357721031e-02 3.091645605809389963e-02
3.974677828955464065e-02 3.514883613161146059e-02
3.501897372188977897e-02 3.865575154259204282e-02
3.699299736763350666e-02 3.442223991214632406e-02
3.996720231953077018e-02 3.686658704600631609e-02
3.856126705068163574e-02 4.365238726086317911e-02
