6.068811464048808058e-02 2.947925981904321591e-02
0.000000000000000000e+00 0.000000000000000000e+00
9.593342430889606476e-03 8.659226819872856140e-03
1.925625279545783997e-02 1.568614924326539040e-02
2.881411276757717133e-02 1.975541654974222183e-02
3.851099405437707901e-02 2.617836277931928635e-02
4.096994781866669655e-02 2.142871683463454247e-02
4.700575489550828934e-02 2.848349045962095261e-02
4.476332338526844978e-02 2.104384824633598328e-02
4.154480923898518085e-02 2.922085393220186234e-02
4.226728068897500634e-02 2.341453777626156807e-02
4.728421528125181794e-02 2.444972854573279619e-02
4.384172410937026143e-02 1.871100405696779490e-02
4.835550376446917653e-02 2.241803857032209635e-02
4.905016132397577167e-02 2.520233846735209227e-02
4.625864810077473521e-02 2.719550591427832842e-02
4.343174461973831058e-02 2.683837575023062527e-02
4.429427866125479341e-02 2.720941108418628573e-02
4.338808782631531358e-02 2.562314976239576936e-02
4.344950802624225616e-02 2.334462344879284501e-02
4.673879151232540607e-02 3.055994916940107942e-02
4.162208992056548595e-02 2.982713747769594193e-02
4.749996145255863667e-02 2.333015995100140572e-02
4.716775257838889956e-02 2.893631393089890480e-02
4.314165207324549556e-02 2.189453830942511559e-02
4.627634858479723334e-02 2.781503181904554367e-02
4.563796619186177850e-02 2.457646466791629791e-02
4.175093217054381967e-02 2.970014186576008797e-02
4.647140769520774484e-02 2.796792238950729370e-02
4.787806893000379205e-02 2.473705983720719814e-02
4.418814816744998097e-02 2.849542000330984592e-02
4.892168176593258977e-02 2.770508982939645648e-02
4.439709318103268743e-02 2.983795985346660018e-02
4.587583075044676661e-02 2.277730958303436637e-02
4.951333039207383990e-02 1.983171136816963553e-02
4.616030392935499549e-02 2.222822810290381312e-02
4.449859325541183352e-02 2.985432854620739818e-02
4.613071860512718558e-02 3.184440004406496882e-02
4.188446275657042861e-02 2.416217949939891696e-02
4.670243704458698630e-02 2.652527944883331656e-02
4.380411602323874831e-02 2.069048205157741904e-02
4.269723390461876988e-02 2.412489213747903705e-02
4.622246004873886704e-02 2.436013973783701658e-02
4.858357511693611741e-02 2.092737134080380201e-02
4.119480593362823129e-02 2.943918004166334867e-02
4.487360088387504220e-02 2.637545962352305651e-02
4.401011439040303230e-02 2.829980268143117428e-02
4.420725675299763680e-02 2.856247557792812586e-02
4.776589130051434040e-02 2.710012567695230246e-02
4.627524537499994040e-02 3.245350008364766836e-02
4.215550969820469618e-02 2.375672978814691305e-02
