4.161635841342863767e-02 4.092897619793729735e-02
0.000000000000000000e+00 0.000000000000000000e+00
9.851145558059215546e-03 7.122857496142387390e-03
1.858595293015241623e-02 1.469344459474086761e-02
2.704423200339078903e-02 2.096037194132804871e-02
3.109508380293846130e-02 2.731801290065050125e-02
3.936212416738271713e-02 3.115694294683635235e-02
3.759972157422453165e-02 3.348350059241056442e-02
4.191328224260360003e-02 3.909624554216861725e-02
3.653148759622126818e-02 3.438614215701818466e-02
3.872037644032388926e-02 3.321211482398211956e-02
3.692253411281853914e-02 3.525942354463040829e-02
4.089513246435672045e-02 3.447286039590835571e-02
3.426659863907843828e-02 3.651358513161540031e-02
4.222611442673951387e-02 3.513264632783830166e-02
3.777461184654384851e-02 3.371600841637700796e-02
3.699431195855140686e-02 3.213270287960767746e-02
3.761141432914882898e-02 3.260804276214912534e-02
3.689299419056624174e-02 3.984486759873107076e-02
3.544636152219027281e-02 3.317240840988233685e-02
3.415668208617717028e-02 3.643634432228282094e-02
4.038304288405925035e-02 3.029639768647029996e-02
3.618138108868151903e-02 3.744540020124986768e-02
3.796435624826699495e-02 3.680610819719731808e-02
3.576476185116916895e-02 3.324455441907048225e-02
3.518367081414908171e-02 3.460732393432408571e-02
3.699637914542108774e-02 3.778376511763781309e-02
3.913778916466981173e-02 3.701354376971721649e-02
3.490328800398856401e-02 4.046927788294851780e-02
3.877790214028209448e-02 3.627497307024896145e-02
3.755298675969243050e-02 3.564101271331310272e-02
3.579522203654050827e-02 3.861187980510294437e-02
3.957287245430052280e-02 3.623959538526833057e-02
3.840215853415429592e-02 3.803111426532268524e-02
3.385371970944106579e-02 3.770295673166401684e-02
4.118827846832573414e-02 3.578443281003274024e-02
3.805700689554214478e-02 3.421705125947482884e-02
3.308297600597143173e-02 3.676971074310131371e-02
3.951898636296391487e-02 3.610801990726031363e-02
3.551564831286668777e-02 4.060568628483451903e-02
3.733776346780359745e-02 3.587966054328717291e-02
3.599159978330135345e-02 3.801368796848692000e-02
3.711443324573338032e-02 3.644316646386869252e-02
3.541470074560493231e-02 3.631114694871939719e-02
3.505917097209021449e-02 3.003622512915171683e-02
3.858921787468716502e-02 3.755398714565671980e-02
3.709052939666435122e-02 3.795208060182631016e-02
3.576725622406229377e-02 3.953831992112100124e-02
3.418807528214529157e-02 3.492906759493052959e-02
4.206217295723035932e-02 3.781381784938275814e-02
3.621228999691084027e-02 4.091116599738597870e-02
