2.195278605502356747e-02 4.756062312440589857e-02
0.000000000000000000e+00 0.000000000000000000e+00
8.858682587742805481e-03 9.830641560256481171e-03
1.654057065024971962e-02 1.918356120586395264e-02
2.120369719341397285e-02 2.894225250929594040e-02
2.212755725486204028e-02 3.824501950293779373e-02
2.983176492853090167e-02 4.793636966496706009e-02
2.273946459172293544e-02 4.383408976718783379e-02
2.537855081027373672e-02 5.189336976036429405e-02
1.895474217599257827e-02 5.166423103946726769e-02
2.543071511900052428e-02 5.081169090408366174e-02
1.905818836530670524e-02 4.983467845886480063e-02
2.484894398367032409e-02 5.438006906479131430e-02
2.023518452188000083e-02 5.032103093981277198e-02
1.948582538170740008e-02 5.442556743219029158e-02
2.113130578072741628e-02 5.123264207213651389e-02
2.076895246864296496e-02 5.257750760938506573e-02
1.550715780467726290e-02 4.824829606513958424e-02
2.313290900201536715e-02 5.380009200598578900e-02
1.946400586166419089e-02 5.472095396544318646e-02
2.293819599435664713e-02 5.543593309994321316e-02
1.482602712349034846e-02 5.165287588897626847e-02
1.798416595556773245e-02 5.118387435504700989e-02
1.851433733827434480e-02 4.645077335590030998e-02
2.073514307267032564e-02 5.110688052081968635e-02
1.690014460473321378e-02 5.050809406384360045e-02
2.155525432317517698e-02 5.328316222585272044e-02
1.682926304056309164e-02 4.788484545133542269e-02
2.387047660886310041e-02 5.060546011372935027e-02
1.751826013787649572e-02 5.126361460133921355e-02
2.244257423444651067e-02 4.755810489587020129e-02
1.915523814386688173e-02 5.194063652015756816e-02
1.795818502432666719e-02 5.615364182449411601e-02
2.603456409997306764e-02 5.582153906289022416e-02
1.749586718506179750e-02 4.907776058826129884e-02
2.300287722027860582e-02 5.254167730163317174e-02
1.737714404589496553e-02 4.846752567391376942e-02
2.463589780381880701e-02 5.646055882971268147e-02
1.769199673435650766e-02 4.994202211673837155e-02
2.277449410757981241e-02 5.104187321558129042e-02
1.979410517378710210e-02 4.845718159049283713e-02
1.850710561848245561e-02 5.078836814209353179e-02
1.930120991892181337e-02 4.508139756217133254e-02
2.317790556116960943e-02 5.316378087445627898e-02
1.536004393710754812e-02 4.951707464351784438e-02
2.004999117343686521e-02 5.643763863190542907e-02
2.257073236978612840e-02 5.588031616935040802e-02
1.792734707123599946e-02 4.925574977823998779e-02
2.649636132991872728e-02 4.455989050620701164e-02
2.475322000100277364e-02 4.892413281777407974e-02
1.944426409318111837e-02 4.764544333738740534e-02
