2.183916945055265971e-02 4.758611928809368397e-02
0.000000000000000000e+00 0.000000000000000000e+00
9.202161803841590881e-03 9.053939022123813629e-03
1.664447644725441933e-02 1.832247339189052582e-02
2.362112980335950851e-02 2.768198587000370026e-02
2.935196831822395325e-02 3.727942332625389099e-02
2.988088916754350066e-02 4.671599902212619781e-02
2.420268807327374816e-02 4.925445117987692356e-02
1.873674936359748244e-02 4.746530042029917240e-02
1.663951942464336753e-02 5.336008756421506405e-02
1.490507257403805852e-02 5.258088081609457731e-02
1.903840183513239026e-02 5.296917527448385954e-02
1.896487474004970863e-02 5.210165295284241438e-02
1.459222444827901199e-02 4.921908897813409567e-02
1.406132052215980366e-02 5.602119478862732649e-02
1.494216273567872122e-02 5.701700237113982439e-02
1.771370234928326681e-02 5.368502170313149691e-02
1.737588766991393641e-02 5.321555287810042500e-02
1.869932650151895359e-02 5.522862105863168836e-02
1.467606653022812679e-02 5.339587904745712876e-02
1.309744950413005427e-02 5.787140090251341462e-02
1.707508305116789415e-02 5.348483991110697389e-02
1.778769831435056403e-02 4.782922478625550866e-02
1.694596274319337681e-02 5.168168741511180997e-02
1.873043989326106384e-02 4.635257442714646459e-02
1.967377041728468612e-02 5.404412216739729047e-02
2.315636131243081763e-02 5.274122901028022170e-02
1.866465260536642745e-02 4.905908479122444987e-02
1.600761351437540725e-02 5.640767671866342425e-02
1.551756676781224087e-02 5.246511305449530482e-02
1.889993710938142613e-02 5.789499095408245921e-02
1.929212373943300918e-02 5.402232584310695529e-02
1.953780334588373080e-02 4.874399275286123157e-02
2.072980916273081675e-02 5.582791165215894580e-02
1.943513434525812045e-02 5.397237493889406323e-02
1.427302612137282267e-02 5.479282210581004620e-02
1.680549383308971301e-02 5.206968612037599087e-02
1.858627549518132582e-02 5.682084872387349606e-02
1.893120280146831647e-02 5.138603760860860348e-02
1.994225019734585658e-02 5.157884908840060234e-02
2.029655449587153271e-02 5.513589456677436829e-02
1.796428504894720390e-02 5.551604583160951734e-02
1.858488500147359446e-02 5.137900897534564137e-02
1.496378478623228148e-02 5.730408738600090146e-02
1.938611089281039312e-02 5.524241999955847859e-02
1.851134596654446796e-02 5.085820873500779271e-02
1.939296542695956305e-02 5.693674861686304212e-02
1.914424775895895436e-02 5.839746765559539199e-02
1.852107642480405048e-02 5.585502687608823180e-02
1.700953488034429029e-02 5.572864893474616110e-02
1.750747324695112184e-02 5.072311792173422873e-02
