4.313909446749653737e-02 4.021650917944237513e-02
0.000000000000000000e+00 0.000000000000000000e+00
9.879245422780513763e-03 8.845078758895397186e-03
1.972898468375205994e-02 1.727425213903188705e-02
2.823129948228597641e-02 2.426376333460211754e-02
3.694258723407983780e-02 2.856903057545423508e-02
4.460663814097642899e-02 3.250560723245143890e-02
4.480599898670334369e-02 3.266565165540669113e-02
4.220660480496007949e-02 2.689125285542104393e-02
3.904581240203697234e-02 3.505629384017083794e-02
4.406468088563997298e-02 3.398203699907753617e-02
4.126127187919337302e-02 3.117579793615732342e-02
4.524908338498789817e-02 3.724968865572009236e-02
4.341888283670414239e-02 3.405392718559596688e-02
4.206930911459494382e-02 3.098525236418936402e-02
4.017322936851996928e-02 2.991255478991661221e-02
4.298842705611605197e-02 3.324052401876542717e-02
4.551968241867143661e-02 2.959758475481066853e-02
3.975185968738514930e-02 3.863006983010563999e-02
4.358141620468813926e-02 3.189932474924717098e-02
4.299765250470954925e-02 3.021956935117486864e-02
4.587021244515199214e-02 3.446946620533708483e-02
4.259374884713906795e-02 3.263897066062781960e-02
4.883624341164249927e-02 3.188092891650740057e-02
4.385925277892965823e-02 3.986198619531933218e-02
4.269165925506968051e-02 3.633021797577384859e-02
3.940019600850064307e-02 3.099207395280245692e-02
4.356433248904068023e-02 3.363135691324714571e-02
4.469051335763651878e-02 3.427090281911659986e-02
4.471641038253437728e-02 3.679936281696427613e-02
4.295271197042893618e-02 3.444433929689694196e-02
4.299017348967026919e-02 3.204382555850315839e-02
4.284820654720533639e-02 3.503614799410570413e-02
4.546563229814637452e-02 3.351753130846191198e-02
4.067445309192407876e-02 3.370804205769672990e-02
4.286742345720995218e-02 3.125528414966538548e-02
4.239912585762795061e-02 2.800201746867969632e-02
4.303826646355446428e-02 3.116325341397896409e-02
4.000111365166958421e-02 3.331327048363164067e-02
4.208054811169859022e-02 3.068919997895136476e-02
4.577139879984315485e-02 3.051224868977442384e-02
3.895180088875349611e-02 3.788843756774440408e-02
4.485718927753623575e-02 3.177668160060420632e-02
4.693978976865764707e-02 3.402766055660322309e-02
4.537667472322937101e-02 3.165623202221468091e-02
4.141490905021782964e-02 3.232994570862501860e-02
3.976702071668114513e-02 3.337109100539237261e-02
3.954911389155313373e-02 3.193360229488462210e-02
4.486926476238295436e-02 2.855182683560997248e-02
4.169849975733086467e-02 3.721027134452015162e-02
4.146377547294832766e-02 3.196226025465875864e-02
