2.461579486560845631e-02 4.692297273161964710e-02
0.000000000000000000e+00 0.000000000000000000e+00
7.275667041540145874e-03 9.943184442818164825e-03
1.447456562891602516e-02 1.964119356125593185e-02
1.813971716910600662e-02 2.945030480623245239e-02
2.407656377181410789e-02 3.885918855667114258e-02
2.485896291909739375e-02 3.772521973587572575e-02
2.683272649301216006e-02 4.620397300459444523e-02
2.521736494963988662e-02 4.323390941135585308e-02
2.345148375025019050e-02 4.362572412355802953e-02
1.939396694069728255e-02 4.636459573521278799e-02
1.840294554131105542e-02 4.164987904368899763e-02
1.944963767891749740e-02 4.420427288278006017e-02
1.948989465381600894e-02 4.604628644301556051e-02
1.777337506428011693e-02 4.594243548490339890e-02
1.705221846714266576e-02 4.795599843055242673e-02
1.762954905643709935e-02 4.966354868520284072e-02
1.454039119198569097e-02 4.722915203456068411e-02
1.371516965809860267e-02 4.588701760076219216e-02
1.639772186535992660e-02 4.782960806187475100e-02
1.592004666235879995e-02 4.577727718424284831e-02
1.613387355246231891e-02 4.539113565260777250e-02
1.578907738803536631e-02 4.828646805981406942e-02
1.470188505845726468e-02 4.784414618188748136e-02
1.452807434907299466e-02 4.747695834521437064e-02
1.504445558020961471e-02 4.947928209003293887e-02
1.392476568071288057e-02 4.916760224296012893e-02
1.396309623305569403e-02 4.873275297723012045e-02
1.406568893798976205e-02 4.998024117230670527e-02
1.557714223963557743e-02 4.554320063471095636e-02
1.514990569194196723e-02 4.967158038198249415e-02
1.558400751309818588e-02 5.169495294830994681e-02
1.421074036261416040e-02 4.862685508123831823e-02
1.583634133203304373e-02 4.444448190770344809e-02
1.607192869050777517e-02 4.306488653674023226e-02
1.933164943693554960e-02 4.867405800177948549e-02
2.104549508294439875e-02 4.808317987044574693e-02
1.842948959892964922e-02 4.613152950332732871e-02
1.823322640484548174e-02 4.869848222733708099e-02
1.596308036459959112e-02 4.592344619595678523e-02
1.610075040298397653e-02 4.557251552614616230e-02
1.598093791471910663e-02 4.797514779056655243e-02
1.716366217078757472e-02 4.737773101805942133e-02
1.779410404924419709e-02 4.971264751657145098e-02
1.929974717859295197e-02 4.940198810800211504e-02
2.017755194174242206e-02 4.976777465344639495e-02
1.891204346975428052e-02 5.426365754829021171e-02
1.987804640157264657e-02 5.387896084721432999e-02
1.906518392570433207e-02 5.414848827786045149e-02
1.864071005911682732e-02 5.250313547003315762e-02
1.727412340187584050e-02 5.255284097438561730e-02
