2.488529891221259727e-02 4.685412690252198364e-02
0.000000000000000000e+00 0.000000000000000000e+00
6.732638925313949585e-03 7.673349231481552124e-03
1.297219004482030869e-02 1.756128482520580292e-02
1.969282561913132668e-02 2.742900326848030090e-02
1.810473087243735790e-02 3.727658651769161224e-02
2.157291769981384277e-02 4.557524900883436203e-02
2.367529040202498436e-02 5.417860206216573715e-02
1.950491871684789658e-02 4.834555462002754211e-02
1.719917217269539833e-02 5.465420801192522049e-02
1.666480221319943666e-02 4.970857221633195877e-02
1.760265266057103872e-02 5.363545008003711700e-02
2.137592213694006205e-02 5.393755025579594076e-02
2.184876697720028460e-02 4.737322134315036237e-02
2.347082752385176718e-02 5.337724843411706388e-02
1.799527383991517127e-02 4.919587643234990537e-02
1.835071539971977472e-02 5.125491655780933797e-02
1.872818326228298247e-02 5.338284754543565214e-02
2.062047089566476643e-02 4.629058166756294668e-02
1.968281713197939098e-02 5.434881206019781530e-02
1.834017012151889503e-02 4.893496408476494253e-02
2.133950075949542224e-02 5.783161017461679876e-02
1.509706486831419170e-02 5.065337716951034963e-02
1.856105795013718307e-02 5.745016838773153722e-02
1.662681807647459209e-02 5.503381820744834840e-02
1.832178581389598548e-02 5.097512839711271226e-02
1.409603116917423904e-02 5.823500719270668924e-02
1.645044793258421123e-02 5.105960633954964578e-02
1.874670243705622852e-02 5.380360511480830610e-02
2.020283913589082658e-02 5.314533322234638035e-02
1.880434676422737539e-02 5.821896999259479344e-02
1.834808930289000273e-02 5.562815631856210530e-02
1.888918143231421709e-02 5.244130457867868245e-02
1.616719958838075399e-02 5.141220780205912888e-02
1.845769153442233801e-02 5.229516836698167026e-02
1.500555162783712149e-02 5.609902340802364051e-02
1.670639158692210913e-02 5.282597147743217647e-02
1.274964108597487211e-02 5.380439720465801656e-02
1.658362511079758406e-02 4.801895245327614248e-02
1.862091652583330870e-02 5.706162060960195959e-02
1.754548901226371527e-02 5.268070669262669981e-02
1.857164490502327681e-02 5.318581548635847867e-02
1.802899409085512161e-02 5.178622636594809592e-02
2.102859178557991982e-02 5.293656027060933411e-02
1.750364177860319614e-02 4.601859001559205353e-02
2.120943181216716766e-02 5.487411169451661408e-02
1.611667638644576073e-02 4.978211576235480607e-02
1.741544727701693773e-02 5.599620964494533837e-02
2.010413177777081728e-02 5.378877258044667542e-02
1.659034576732665300e-02 5.179448219132609665e-02
1.509767619427293539e-02 4.602105708909220994e-02
