4.697450918151625625e-03 4.988960884332042933e-02
0.000000000000000000e+00 0.000000000000000000e+00
6.072504445910453796e-03 9.991945698857307434e-03
9.120275732129812241e-03 1.993571221828460693e-02
1.322513772174715996e-02 2.990567591041326523e-02
1.599010289646685123e-02 3.981422539800405502e-02
1.979127805680036545e-02 4.933237284421920776e-02
1.812427921686321497e-02 5.881941504776477814e-02
1.444758579600602388e-02 6.187875219620764256e-02
1.364393398398533463e-02 5.973833403550088406e-02
1.289118931163102388e-02 6.444352003745734692e-02
1.267125234880950302e-02 5.970800039358437061e-02
9.557142257108353078e-03 5.531236319802701473e-02
1.026173830905463547e-02 6.072122487239539623e-02
1.384905572922434658e-02 5.910570418927818537e-02
1.031979556137230247e-02 6.176279822830110788e-02
1.000195259985048324e-02 6.394876155536621809e-02
1.053890581533778459e-02 6.171991501469165087e-02
1.138396853639278561e-02 5.919706623535603285e-02
1.119872863637283444e-02 5.392845848109573126e-02
1.116547222409280948e-02 6.162692874204367399e-02
8.688927871844498441e-03 5.892394867260009050e-02
8.337471470440505072e-03 5.371532833669334650e-02
9.233360247890232131e-03 6.233777164015918970e-02
1.005975478256004862e-02 5.878255853895097971e-02
8.762477034906623885e-03 5.126906849909573793e-02
1.106270013769972138e-02 6.011468090582638979e-02
8.283023325930116698e-03 5.633515340741723776e-02
7.339514628256438300e-03 6.059797981288284063e-02
9.391278097609756514e-03 5.623019800987094641e-02
9.716036391182569787e-03 5.734390125144273043e-02
9.437080687348498031e-03 6.198635569307953119e-02
9.509815045021241531e-03 5.701368174050003290e-02
7.469914064131444320e-03 6.191945879254490137e-02
9.734038172609871253e-03 6.199536768690450117e-02
8.103584197669988498e-03 5.818092560366494581e-02
9.192208202875917777e-03 5.730695823876885697e-02
1.000438825212768279e-02 5.393258562980918214e-02
1.016974584126728587e-02 5.979809990822104737e-02
1.290098084064084105e-02 6.020096412248676643e-02
1.243039084874908440e-02 5.698103785834973678e-02
1.093476129972259514e-02 5.554163632768904790e-02
9.357119368360145018e-03 6.032656729075824842e-02
9.871367987216217443e-03 5.810525002743816003e-02
6.757064646080834791e-03 5.412987493764376268e-02
8.251888251834316179e-03 5.782809983793413267e-02
8.944777928263647482e-03 5.425079064298188314e-02
1.013323843289981596e-02 5.790734956826781854e-02
6.911638349265558645e-03 5.629118638898944482e-02
5.686144268111092970e-03 5.756925176683580503e-02
6.067045364034129307e-03 5.456942752789473161e-02
