4.062314819122252868e-02 4.137702025692223395e-02
0.000000000000000000e+00 0.000000000000000000e+00
9.842922911047935486e-03 9.282755665481090546e-03
1.938241161406040192e-02 1.848847791552543640e-02
2.896279748529195786e-02 2.742850128561258316e-02
3.209813404828310013e-02 3.049659775570034981e-02
3.603770537301898003e-02 3.376931580714881420e-02
3.847647341899573803e-02 3.389082702778978273e-02
3.370867413468658924e-02 3.652200119540793821e-02
3.895674389787018299e-02 3.617263634077971801e-02
3.455651621334254742e-02 3.518722371518379077e-02
3.112117876298725605e-02 3.614485097205033526e-02
3.815381997264921665e-02 3.631722879799781367e-02
3.765235416358336806e-02 3.233879990148125216e-02
4.209317447384819388e-02 3.758877701329765841e-02
3.736830031266435981e-02 3.632550068869022653e-02
4.375040571903809905e-02 3.662764259934192523e-02
3.828109236201271415e-02 4.201531575381522998e-02
4.534889891510829329e-02 3.673170020192628726e-02
3.964594745775684714e-02 3.658459058351581916e-02
3.511602099752053618e-02 3.939574819378321990e-02
4.031800659140571952e-02 3.459453445248072967e-02
3.601860668277367949e-02 3.410795015952317044e-02
3.803227207390591502e-02 3.118925971648423001e-02
3.844266911619342864e-02 3.937451505771605298e-02
4.165151008055545390e-02 3.492780599481193349e-02
3.946952885598875582e-02 3.603513747657416388e-02
3.897390430211089551e-02 3.862353460135636851e-02
4.171906769624911249e-02 3.518655383231816813e-02
4.255466160248033702e-02 3.344548551103798673e-02
3.760020664776675403e-02 3.694075776002136990e-02
4.224648509989492595e-02 3.353277767746476457e-02
3.845720805111341178e-02 3.665428130625514314e-02
4.513784192386083305e-02 3.610747725906549022e-02
4.016650255653075874e-02 4.081520716863451526e-02
3.955209490959532559e-02 3.785906312259612605e-02
4.226872188155539334e-02 3.846822736522881314e-02
3.942742690560407937e-02 3.321343112475005910e-02
4.633972494048066437e-02 2.891806896514026448e-02
4.029277365771122277e-02 3.737733617163030431e-02
4.216600573272444308e-02 3.496726776211289689e-02
3.898751773522235453e-02 3.692443400359479710e-02
4.445604598731733859e-02 3.671788424981059507e-02
3.958254624740220606e-02 3.341828613338293508e-02
4.352431083680130541e-02 3.447360662539722398e-02
4.343197429989231750e-02 3.101812396926106885e-02
3.663835935731185600e-02 3.282339836732717231e-02
4.314822825108421966e-02 3.734454152436228469e-02
3.889851626445306465e-02 3.551569348928751424e-02
4.426098131079925224e-02 3.425378690735669807e-02
3.845155826275004074e-02 3.627976298594148830e-02
