2.151310598791379702e-02 4.765851867990210378e-02
0.000000000000000000e+00 0.000000000000000000e+00
8.858754299581050873e-03 9.787752293050289154e-03
1.546164602041244507e-02 1.966950111091136932e-02
2.223293622955679893e-02 2.955728955566883087e-02
2.535817585885524750e-02 3.796391934156417847e-02
2.854674658738076687e-02 4.734597727656364441e-02
2.033461234532296658e-02 3.961732285097241402e-02
2.016250632004812360e-02 4.782807221636176109e-02
2.058931728242896497e-02 4.873943317215889692e-02
1.604231502278707922e-02 4.366718966048210859e-02
1.847068578354083002e-02 5.178287706803530455e-02
1.630557686439715326e-02 4.557442746590822935e-02
2.025434406823478639e-02 5.122806399594992399e-02
1.855308629455976188e-02 4.586092371027916670e-02
2.252312863129191101e-02 4.398371535353362560e-02
2.283166730194352567e-02 5.120010091923177242e-02
1.852459748624823987e-02 4.288676078431308270e-02
2.193541251472197473e-02 5.109760793857276440e-02
1.789548792294226587e-02 5.010691436473280191e-02
1.933463729801587760e-02 4.641934914980083704e-02
1.726011370192281902e-02 4.792381566949188709e-02
2.004210322047583759e-02 4.885286849457770586e-02
2.350811797077767551e-02 4.783815727569162846e-02
1.725503845955245197e-02 4.162037721835076809e-02
1.983157426002435386e-02 4.274429194629192352e-02
2.026699096313677728e-02 4.908360354602336884e-02
1.955958336475305259e-02 4.028781782835721970e-02
2.281707731890492141e-02 4.883970879018306732e-02
1.704103985684923828e-02 4.264575568959116936e-02
2.168423190596513450e-02 4.883816651999950409e-02
1.410232178750447929e-02 4.346481757238507271e-02
2.046644801157526672e-02 5.158842029049992561e-02
1.465708037721924484e-02 4.748194385319948196e-02
2.096650583553127944e-02 5.420138500630855560e-02
1.483841493609361351e-02 4.936143383383750916e-02
1.872990673291496933e-02 4.642521613277494907e-02
1.966427269508130848e-02 4.795429459773004055e-02
1.979049744841177016e-02 5.055904132314026356e-02
1.568751067679841071e-02 4.844544804655015469e-02
1.788077906530816108e-02 5.255774059332907200e-02
1.441974130284506828e-02 4.769947356544435024e-02
1.425186065898742527e-02 5.194329447112977505e-02
1.532375124224927276e-02 4.669507802464067936e-02
1.417238682915922254e-02 5.165522149764001369e-02
1.283406057336833328e-02 5.641906312666833401e-02
1.502653384523000568e-02 5.097403493709862232e-02
9.778138584806583822e-03 4.789529647678136826e-02
1.616951810137834400e-02 5.342736793681979179e-02
1.263411935360636562e-02 5.088020884431898594e-02
1.796658463717903942e-02 4.868385987356305122e-02
