4.044841677601134639e-02 4.145450005502236690e-02
0.000000000000000000e+00 0.000000000000000000e+00
7.129193283617496490e-03 9.675374254584312439e-03
1.673637982457876205e-02 1.950511429458856583e-02
1.420321222394704819e-02 2.690114825963973999e-02
2.201462956145405769e-02 3.008952341042459011e-02
2.964441245421767235e-02 2.860982739366590977e-02
3.652945207431912422e-02 3.615279286168515682e-02
3.347175521776080132e-02 3.348765219561755657e-02
3.386489074910059571e-02 3.785770735703408718e-02
3.686159040080383420e-02 3.471252042800188065e-02
3.283669875236228108e-02 4.064748482778668404e-02
4.103206453146412969e-02 3.746299119666218758e-02
3.764893888728693128e-02 3.698667977005243301e-02
3.950827236985787749e-02 4.097084607928991318e-02
3.578226937679573894e-02 3.671862324699759483e-02
4.066817293642088771e-02 3.218451002612709999e-02
3.624668362317606807e-02 4.082038858905434608e-02
4.201675875810906291e-02 3.536161547526717186e-02
4.164814040996134281e-02 4.011108633130788803e-02
3.843347239308059216e-02 3.445593826472759247e-02
4.145060456357896328e-02 3.498290647985413671e-02
3.904189262539148331e-02 3.588898648740723729e-02
4.291972424834966660e-02 3.418856678763404489e-02
3.890800941735506058e-02 4.345768044004216790e-02
4.132329090498387814e-02 3.637762699509039521e-02
3.823667042888700962e-02 3.925228497246280313e-02
4.055782314389944077e-02 3.622024675132706761e-02
3.792371740564703941e-02 3.723416937282308936e-02
3.736893885070458055e-02 3.625211311737075448e-02
3.649056667927652597e-02 3.528761817142367363e-02
4.223623278085142374e-02 3.304135939106345177e-02
3.763409156817942858e-02 3.873527888208627701e-02
4.333935503382235765e-02 3.614396695047616959e-02
3.809176816139370203e-02 3.665016771992668509e-02
3.841430199099704623e-02 3.622213247581385076e-02
3.335663460893556476e-02 3.586432221345603466e-02
4.224544268799945712e-02 3.104092483408749104e-02
3.716221050126478076e-02 3.935122606344521046e-02
3.673838215763680637e-02 3.612337354570627213e-02
3.651610392262227833e-02 3.780091996304690838e-02
3.743293779552914202e-02 3.589918138459324837e-02
3.857864279416389763e-02 3.791574714705348015e-02
3.448004255187697709e-02 3.958856454119086266e-02
4.233774894964881241e-02 3.563901921734213829e-02
3.682836637017317116e-02 4.229371063411235809e-02
4.293867925298400223e-02 3.771228296682238579e-02
3.729775713873095810e-02 4.377612564712762833e-02
4.335565611836500466e-02 3.908202052116394043e-02
3.885184813407249749e-02 3.838139417348429561e-02
3.674897601013071835e-02 3.614674758864566684e-02
