4.067835099680044975e-02 4.135245897172722118e-02
0.000000000000000000e+00 0.000000000000000000e+00
8.920351974666118622e-03 9.752268902957439423e-03
1.720741111785173416e-02 1.899226754903793335e-02
2.533076144754886627e-02 2.750448416918516159e-02
3.425221610814332962e-02 2.715263020945712924e-02
4.075436014682054520e-02 3.189720975933596492e-02
3.499842714518308640e-02 3.280473215272650123e-02
3.561757277930155396e-02 2.761600067606195807e-02
4.187225882196798921e-02 3.105221915757283568e-02
4.208811823627911508e-02 3.633783519035205245e-02
3.664983328781090677e-02 3.690844000084325671e-02
4.427562266937457025e-02 3.531447536079213023e-02
3.976093218079768121e-02 3.217178484192118049e-02
4.522845181054435670e-02 3.831595316296443343e-02
4.021542271948419511e-02 4.122977511724457145e-02
4.459353987476788461e-02 3.554396698018535972e-02
4.004473271197639406e-02 3.498273738659918308e-02
4.043299975455738604e-02 3.404851985396817327e-02
3.904477067408151925e-02 3.573629091260954738e-02
4.140495488536544144e-02 3.314421436516568065e-02
4.330065558315254748e-02 3.919881366891786456e-02
4.291120002744719386e-02 3.298905416158959270e-02
3.893964475719258189e-02 4.128422419307753444e-02
4.272498300997540355e-02 3.920049237785860896e-02
3.739100991515442729e-02 3.851629007840529084e-02
3.904004389187321067e-02 3.519949602195993066e-02
3.679502074373885989e-02 3.604822204215452075e-02
3.407925082137808204e-02 3.257011104142293334e-02
4.066522041102871299e-02 3.396508615696802735e-02
3.904562332900241017e-02 3.623924526618793607e-02
3.796863061143085361e-02 3.607980880769900978e-02
3.623921022517606616e-02 3.757208734168671072e-02
4.337795096216723323e-02 3.439852161682210863e-02
4.282755451276898384e-02 3.768084789044223726e-02
3.679461590945720673e-02 3.284296192578040063e-02
3.980568866245448589e-02 3.150792277301661670e-02
3.752725874073803425e-02 3.636420142720453441e-02
3.680495597654953599e-02 3.235530990059487522e-02
3.977836464764550328e-02 3.143879192066378891e-02
4.074963065795600414e-02 3.638083839905448258e-02
3.483961266465485096e-02 3.753795407828874886e-02
4.141135723330080509e-02 3.770700596214737743e-02
3.803461720235645771e-02 3.888246555288787931e-02
4.354532179422676563e-02 3.557751791959162802e-02
3.672945941798388958e-02 3.475537138001527637e-02
4.215897736139595509e-02 2.814084557758178562e-02
3.870228305459022522e-02 3.794129365996923298e-02
4.273342853412032127e-02 3.628428220690693706e-02
3.711731825023889542e-02 3.680890558462124318e-02
3.648070368217304349e-02 3.323968189943116158e-02
