2.530176437482818674e-02 4.674616643320124443e-02
0.000000000000000000e+00 0.000000000000000000e+00
9.109049104154109955e-03 9.978928603231906891e-03
1.712589990347623825e-02 1.940505858510732651e-02
2.272302377969026566e-02 2.917540539056062698e-02
2.855794411152601242e-02 3.884526435285806656e-02
3.051817044615745544e-02 4.723738878965377808e-02
2.513069612905383110e-02 4.384142556227743626e-02
2.764294366352260113e-02 5.117713590152561665e-02
2.350413682870566845e-02 4.570907703600823879e-02
2.531575562898069620e-02 5.380548047833144665e-02
2.242388611193746328e-02 5.133505165576934814e-02
1.921168470289558172e-02 5.294283444527536631e-02
1.989616535138338804e-02 5.023435840848833323e-02
2.295608178246766329e-02 5.470041616354137659e-02
2.157873113173991442e-02 5.182848440017551184e-02
1.767182594630867243e-02 5.059610062744468451e-02
2.186905744019895792e-02 5.235410621389746666e-02
2.107174939010292292e-02 5.162556999130174518e-02
1.816903834696859121e-02 5.268386955140158534e-02
1.663501036819070578e-02 5.231979186646640301e-02
1.621205761330202222e-02 5.127592198550701141e-02
1.759188721189275384e-02 5.683943117037415504e-02
1.592739770421758294e-02 5.184367625042796135e-02
1.497363339876756072e-02 5.043580324854701757e-02
1.331936853239312768e-02 5.625304009299725294e-02
1.610620511928573251e-02 5.472040921449661255e-02
1.701239118119701743e-02 5.189572065137326717e-02
1.899841421982273459e-02 4.847290855832397938e-02
1.802454766584560275e-02 5.564278434030711651e-02
1.579669298371300101e-02 5.143212084658443928e-02
1.923478412209078670e-02 5.345720890909433365e-02
2.051395102171227336e-02 5.128083843737840652e-02
1.966934133088216186e-02 5.184927245136350393e-02
2.006436395458877087e-02 5.406537197995930910e-02
1.957436668453738093e-02 5.102792999241501093e-02
1.806942390976473689e-02 5.197950499132275581e-02
1.656768616521731019e-02 5.120403366163372993e-02
2.015676192240789533e-02 5.715866386890411377e-02
1.964775257511064410e-02 5.618043243885040283e-02
2.030638389987871051e-02 5.249279807321727276e-02
1.611645397497341037e-02 4.817762575112283230e-02
1.733318617334589362e-02 4.803951583744492382e-02
1.925058889901265502e-02 4.784549497708212584e-02
1.683703245362266898e-02 5.166292916692327708e-02
1.644732238491997123e-02 5.421227570332121104e-02
1.913843856891617179e-02 5.355310199956875294e-02
1.917806969504454173e-02 4.933632251049857587e-02
1.805533041260787286e-02 4.767952258407603949e-02
1.688959173407056369e-02 5.152012388862203807e-02
1.336763732615509070e-02 5.371568123518954962e-02
