2.377325046516400031e-02 4.713306626643977426e-02
0.000000000000000000e+00 0.000000000000000000e+00
9.229576215147972107e-03 9.649613872170448303e-03
1.747315935790538788e-02 1.915212627500295639e-02
2.475694194436073303e-02 2.829546388238668442e-02
2.819507359527051449e-02 3.781743068248033524e-02
2.482779975980520248e-02 4.690381977707147598e-02
2.066575177013874054e-02 5.273272842168807983e-02
2.250617987010627985e-02 5.293494193756487221e-02
2.594238275196403265e-02 5.160723776498343796e-02
1.911948982160538435e-02 5.359847271756734699e-02
2.499796904157847166e-02 5.214027849433477968e-02
1.842594414483755827e-02 4.681694529426749796e-02
2.258097415324300528e-02 5.320261487213429064e-02
2.017521264497190714e-02 5.129118867625948042e-02
2.336161967832595110e-02 5.327327548002358526e-02
2.034572197590023279e-02 4.960204426606651396e-02
2.339582156855612993e-02 5.276579804194625467e-02
1.892595749814063311e-02 5.294527835212647915e-02
2.552123519126325846e-02 5.506422347389161587e-02
1.963524438906461000e-02 5.169922602362930775e-02
2.297102787997573614e-02 5.417003273032605648e-02
1.970656553748995066e-02 5.186847387813031673e-02
2.676789567340165377e-02 5.138162313960492611e-02
2.157031942624598742e-02 5.043104768265038729e-02
1.988047058694064617e-02 5.521187430713325739e-02
2.447260892949998379e-02 5.077771574724465609e-02
1.829376094974577427e-02 5.487857724074274302e-02
2.487020124681293964e-02 5.497183466650312766e-02
2.013937872834503651e-02 5.271922310203080997e-02
2.374040032736957073e-02 5.629453600704437122e-02
1.955447834916412830e-02 5.195158652350073680e-02
2.673359517939388752e-02 5.358388346940046176e-02
1.877935440279543400e-02 4.899362639844184741e-02
2.165307663381099701e-02 5.294958434387808666e-02
2.306407107971608639e-02 5.536068279616301879e-02
2.201805671211332083e-02 4.846573110989993438e-02
2.207406242814613506e-02 5.406497234798735008e-02
2.367181498993886635e-02 5.052522711775964126e-02
2.245522109296871349e-02 4.929780950624262914e-02
2.029454550211085007e-02 4.976335039100376889e-02
2.599227270547999069e-02 5.089537612366257235e-02
2.057384448562515900e-02 5.361733421887038276e-02
2.264632545848144218e-02 5.172171699086902663e-02
2.008264516916824505e-02 5.211056934058433399e-02
1.579777575534535572e-02 4.859750021569197997e-02
1.499809126107720658e-02 5.053464639786398038e-02
2.172200509085087106e-02 5.788812963146483526e-02
1.672446529119042680e-02 5.213605370227014646e-02
2.057172927743522450e-02 5.733298966515576467e-02
2.207434921729145572e-02 5.376884890574729070e-02
