4.124033451410477613e-02 4.110013616435893857e-02
0.000000000000000000e+00 0.000000000000000000e+00
9.903563186526298523e-03 9.020490571856498718e-03
1.920790039002895355e-02 1.782458741217851639e-02
2.826790139079093933e-02 2.734183706343173981e-02
2.573007764294743538e-02 3.532720357179641724e-02
3.129878919571638107e-02 3.402066149283200502e-02
3.443501377478241920e-02 3.853206767234951258e-02
3.103849804028868675e-02 3.688517527189105749e-02
3.552264254540205002e-02 3.722502663731575012e-02
4.257061285898089409e-02 3.714991942251799628e-02
3.468543058261275291e-02 4.525735996867297217e-02
3.637236356735229492e-02 4.105576569418190047e-02
4.185255058109760284e-02 3.646470023522851989e-02
3.385959006845951080e-02 4.544748248736141250e-02
4.196359682828187943e-02 4.006638307328103110e-02
3.611182514578104019e-02 4.036484736570855603e-02
3.986185952089726925e-02 3.863306246785214171e-02
3.569167084060609341e-02 4.096947746438672766e-02
4.154178570024669170e-02 3.892427283426513895e-02
3.692738502286374569e-02 3.941293912794208154e-02
3.395665134303271770e-02 3.633395153883611783e-02
3.620133968070149422e-02 3.801425059646135196e-02
4.015170410275459290e-02 3.559633649274474010e-02
3.533126460388302803e-02 4.301684142410522327e-02
3.840832575224339962e-02 3.870764260500436649e-02
3.660886152647435665e-02 3.243443860992556438e-02
3.677737935504410416e-02 4.107335421576863155e-02
3.859835131152067333e-02 4.436987128428881988e-02
4.267443636490497738e-02 4.188545329816406593e-02
3.588969646079931408e-02 3.511343991704052314e-02
3.372080148255918175e-02 3.693584715801989660e-02
3.478870088292751461e-02 3.354062829021131620e-02
3.794192489294800907e-02 3.791489628929411992e-02
3.290282249508891255e-02 3.794739750810549594e-02
3.970141395984683186e-02 3.534894978292868473e-02
3.363677639572415501e-02 3.886376164518878795e-02
4.065408710448537022e-02 3.599172138274298050e-02
3.256481479911599308e-02 4.301254643723950721e-02
3.828574823273811489e-02 4.111718555577681400e-02
3.997113266086671501e-02 4.044851084836409427e-02
3.415025946742389351e-02 4.125914827818633057e-02
3.346443177724722773e-02 3.786469309488893487e-02
4.069967476243618876e-02 3.680954780793399550e-02
3.403859167883638293e-02 3.878702479778439738e-02
4.087298644299153239e-02 3.775981860599131323e-02
3.561988101864699274e-02 3.937679122100234963e-02
3.805072770046535879e-02 4.041019152282387950e-02
3.739090725139249116e-02 3.741811705185682513e-02
3.443598021112848073e-02 3.269965737490565516e-02
4.062077747948933393e-02 3.547708946643979289e-02
