2.210015362409437426e-02 4.752734595892287028e-02
0.000000000000000000e+00 0.000000000000000000e+00
7.727963849902153015e-03 9.748229756951332092e-03
1.435986487194895744e-02 1.870363205671310425e-02
1.978292874991893768e-02 2.816609852015972137e-02
2.380965882912278175e-02 3.546809544786810875e-02
2.583990385755896568e-02 4.361697984859347343e-02
2.442174963653087616e-02 5.122176697477698326e-02
2.222052635625004768e-02 4.887199215590953827e-02
2.439606841653585434e-02 5.098536051809787750e-02
2.188933780416846275e-02 5.307613755576312542e-02
2.461819583550095558e-02 5.471060413401573896e-02
2.296560641843825579e-02 5.230559979099780321e-02
2.072750322986394167e-02 5.123976746108382940e-02
2.234006638173013926e-02 4.850488121155649424e-02
2.376848331186920404e-02 5.500847718212753534e-02
2.582486730534583330e-02 5.101265583653002977e-02
2.118502010125666857e-02 4.639703419525176287e-02
2.270099148154258728e-02 4.853251960594207048e-02
2.292545541422441602e-02 5.179176235105842352e-02
2.087964100064709783e-02 5.472773814108222723e-02
2.670093561755493283e-02 4.988883750047534704e-02
2.463227655971422791e-02 5.248620512429624796e-02
2.410560398129746318e-02 5.079161771573126316e-02
2.287582185817882419e-02 4.619871568866074085e-02
2.501308469800278544e-02 4.888214659877121449e-02
2.234257379313930869e-02 4.819291189778596163e-02
2.139374538091942668e-02 4.441734158899635077e-02
2.280730527127161622e-02 4.932421154808253050e-02
2.458749565994367003e-02 5.481269757729023695e-02
2.649747038958594203e-02 4.967296158429235220e-02
2.239835838554427028e-02 5.153407005127519369e-02
2.097773895366117358e-02 4.980945738498121500e-02
2.404628851218149066e-02 4.757649160455912352e-02
2.626647095894441009e-02 5.380245426204055548e-02
2.402419660938903689e-02 5.199247703421860933e-02
2.498530718730762601e-02 4.984906723257154226e-02
2.330170368077233434e-02 5.266627960372716188e-02
2.240663627162575722e-02 5.683892045635730028e-02
2.009112574160099030e-02 5.119681323412805796e-02
2.372217504307627678e-02 4.826260369736701250e-02
2.371236411909194430e-02 4.659186105709522963e-02
2.554728589075239142e-02 5.029647552873939276e-02
2.229550327228935203e-02 4.902896250132471323e-02
1.978923645856411895e-02 5.078097188379615545e-02
2.186387274468870601e-02 4.693484993185847998e-02
2.276011798585386714e-02 5.384725786279886961e-02
1.985601997057528934e-02 4.714156070258468390e-02
1.610927572528453311e-02 5.380767246242612600e-02
1.827427381704183063e-02 4.903523006942123175e-02
1.768288968651177129e-02 4.963285720441490412e-02
