4.394064775743469070e-02 3.982883431647686601e-02
0.000000000000000000e+00 0.000000000000000000e+00
9.778814390301704407e-03 9.808942675590515137e-03
1.934308279305696487e-02 1.789376325905323029e-02
2.848020568490028381e-02 2.666152734309434891e-02
3.661236725747585297e-02 2.614915452431887388e-02
3.847310377750545740e-02 3.427056584041565657e-02
3.562188579235225916e-02 3.308044886216521263e-02
3.832287492696195841e-02 3.253058111295104027e-02
4.252924269530922174e-02 3.129567066207528114e-02
4.037809453438967466e-02 3.235999029129743576e-02
3.684260451700538397e-02 3.090253751724958420e-02
4.125338408630341291e-02 3.466177498921751976e-02
3.705047944094985723e-02 3.546697890851646662e-02
4.109368647914379835e-02 3.084287105593830347e-02
3.758853406179696321e-02 3.680749342311173677e-02
4.443778016138821840e-02 3.303398971911519766e-02
3.813714499119669199e-02 3.653811814729124308e-02
4.156128980685025454e-02 3.454745176713913679e-02
3.914173936937004328e-02 3.696598776150494814e-02
4.066617821808904409e-02 3.776656277477741241e-02
4.344647505786269903e-02 3.479638579301536083e-02
3.850334684830158949e-02 3.586575505323708057e-02
3.593071398790925741e-02 3.044645930640399456e-02
3.838542394805699587e-02 3.484326018951833248e-02
4.276728548575192690e-02 3.097461420111358166e-02
3.473541804123669863e-02 4.018195881508290768e-02
3.737047861795872450e-02 3.557420778088271618e-02
3.601176093798130751e-02 2.975019556470215321e-02
4.173987347166985273e-02 3.338383045047521591e-02
3.694036079104989767e-02 3.565848548896610737e-02
4.048564622644335032e-02 3.296799678355455399e-02
3.401561325881630182e-02 3.794411662966012955e-02
3.957640111912041903e-02 3.321071760728955269e-02
4.133079107850790024e-02 3.763460274785757065e-02
4.023368947673588991e-02 3.767821546716731973e-02
3.487368545029312372e-02 3.778991814397159033e-02
4.113368235994130373e-02 3.310097720168414526e-02
3.648461925331503153e-02 3.512627504460397176e-02
4.065766197163611650e-02 3.492689691120176576e-02
3.607587388250976801e-02 3.190972841912298463e-02
3.812358772847801447e-02 3.637874638297944330e-02
3.920302784536033869e-02 3.188320388653664850e-02
3.800757450517266989e-02 3.095136989941238426e-02
4.066714330110698938e-02 3.694472403367399238e-02
3.731941280420869589e-02 3.670363458149950020e-02
3.864155104383826256e-02 3.076773466818849556e-02
3.379877377301454544e-02 3.907217508458415978e-02
3.872968349605798721e-02 3.239380013474146836e-02
3.762437135446816683e-02 3.705969922521035187e-02
3.731590838287957013e-02 3.227952732049743645e-02
