2.161147826871663916e-02 4.763679637841866654e-02
0.000000000000000000e+00 0.000000000000000000e+00
6.971959955990314484e-03 9.358981624245643616e-03
1.433295710012316704e-02 1.928854268044233322e-02
1.855395175516605377e-02 2.903364878147840500e-02
2.337759220972657204e-02 3.873505815863609314e-02
2.694504568353295326e-02 4.827639460563659668e-02
2.465267083607614040e-02 5.578735703602433205e-02
2.092230413109064102e-02 4.964458104223012924e-02
2.164801809703931212e-02 5.461238976567983627e-02
2.386957494309172034e-02 5.456869777481188066e-02
1.751260453602299094e-02 5.233042066174675710e-02
2.352250966941937804e-02 5.107474753822316416e-02
2.553660789271816611e-02 5.445942104051937349e-02
1.950255449628457427e-02 5.088194211202790029e-02
2.675904793431982398e-02 4.987327424532850273e-02
2.387811819789931178e-02 5.032040323203545995e-02
2.341585914837196469e-02 5.442940448483568616e-02
2.187147777294740081e-02 4.949704981481772847e-02
2.530896587995812297e-02 5.285911778992158361e-02
2.441949176136404276e-02 4.824707615262013860e-02
2.493883657734841108e-02 5.112054925484699197e-02
2.187071612570434809e-02 4.461606200857204385e-02
2.614173584152013063e-02 5.127833997903508134e-02
2.340373990591615438e-02 5.319502023121458478e-02
2.522948139812797308e-02 4.861504728978616185e-02
2.336227952037006617e-02 5.024866508392733522e-02
2.553945349063724279e-02 4.898814186526578851e-02
2.492911805165931582e-02 4.836407529728603549e-02
2.893409010721370578e-02 4.802538860894856043e-02
2.121718012494966388e-02 4.787589301486150362e-02
2.789157925872132182e-02 4.718611471253097989e-02
2.645329298684373498e-02 4.905313474955619313e-02
2.173786103958263993e-02 4.819623992443666793e-02
2.698599878931418061e-02 4.863355800989666022e-02
2.622460492420941591e-02 4.703101507402607240e-02
2.424606925342231989e-02 4.486431592158623971e-02
2.451107866363599896e-02 5.028314786977716722e-02
2.717248449334874749e-02 4.273020840264507569e-02
2.682371984701603651e-02 4.810020784861990251e-02
2.307289966847747564e-02 4.987991790767409839e-02
2.439316164236515760e-02 4.656420744504430331e-02
2.088080055546015501e-02 5.126823208775022067e-02
2.401465887669473886e-02 4.725851401235559024e-02
2.594803320243954659e-02 4.938606711584725417e-02
2.259951829910278320e-02 4.795259810998686589e-02
2.517931698821485043e-02 4.753365138094522990e-02
2.281872625462710857e-02 4.825627545142197050e-02
2.255371329374611378e-02 4.970072963988059200e-02
2.528349868953227997e-02 4.705506013488047756e-02
2.315593603998422623e-02 5.353811392342322506e-02
