4.101110694119219219e-02 4.120355863374025596e-02
0.000000000000000000e+00 0.000000000000000000e+00
9.881403297185897827e-03 8.615886792540550232e-03
1.920105051249265671e-02 1.807859726250171661e-02
2.852825541049242020e-02 2.733786869794130325e-02
3.794476017355918884e-02 3.318730741739273071e-02
3.698036179412156343e-02 4.116686247289180756e-02
3.982551803346723318e-02 3.759435866959393024e-02
3.621224884409457445e-02 3.774420474655926228e-02
3.731589205563068390e-02 3.586121182888746262e-02
3.767022019019350410e-02 3.218929935246706009e-02
3.789528016932308674e-02 2.706404030323028564e-02
3.721716348081827164e-02 3.654975909739732742e-02
3.391371271573007107e-02 3.476800885982811451e-02
3.978417883627116680e-02 3.677058429457247257e-02
3.789232624694705009e-02 3.113225917331874371e-02
3.774707151751499623e-02 3.574588126502931118e-02
3.517584285873454064e-02 3.875781828537583351e-02
3.565789780986960977e-02 3.178379777818918228e-02
3.189512294193264097e-02 3.236917976755648851e-02
3.795940893178340048e-02 3.722096432466059923e-02
4.114925161411520094e-02 3.525981830898672342e-02
3.383265294542070478e-02 4.273077158723026514e-02
3.788550382887478918e-02 3.999906207900494337e-02
3.817893272207584232e-02 3.585850948002189398e-02
3.735394244722556323e-02 3.500100667588412762e-02
3.337997924245428294e-02 4.174766107462346554e-02
4.001765958673786372e-02 4.030252387747168541e-02
3.869515533733647317e-02 4.070592692005448043e-02
4.087551233533304185e-02 4.427101646433584392e-02
3.761168957862537354e-02 4.067902496899478137e-02
3.566550025425385684e-02 3.813767081010155380e-02
3.521766075573395938e-02 3.927833560737781227e-02
4.259897330484818667e-02 4.390732638421468437e-02
3.760753925598692149e-02 4.071284478413872421e-02
4.107146435126196593e-02 3.757255381788127124e-02
3.780365646525751799e-02 4.031379052321426570e-02
3.533881860494147986e-02 3.332961859996430576e-02
3.789356890774797648e-02 3.410713493940420449e-02
3.418502169370185584e-02 3.619253568467684090e-02
3.711313921667169780e-02 3.894710473832674325e-02
3.973500691063236445e-02 3.360063934815116227e-02
3.196345623291563243e-02 3.754549872246570885e-02
3.886716188571881503e-02 3.587484793388284743e-02
4.093074616685044020e-02 3.474374549114145339e-02
3.585110422864090651e-02 3.233179720700718462e-02
3.959207171283196658e-02 3.418084888835437596e-02
3.326702052436303347e-02 3.594253680785186589e-02
4.246528939984273165e-02 3.411353196133859456e-02
3.728723507083486766e-02 4.010624255170114338e-02
4.022859320684801787e-02 3.426975713227875531e-02
