4.104639716556686413e-02 4.118768162271999045e-02
0.000000000000000000e+00 0.000000000000000000e+00
9.451007470488548279e-03 8.756821043789386749e-03
1.918477937579154968e-02 1.671331468969583511e-02
2.453019190579652786e-02 2.555597107857465744e-02
3.026881953701376915e-02 3.120523737743496895e-02
3.845537221059203148e-02 3.411903302185237408e-02
3.776213922537863255e-02 3.521809377707540989e-02
4.093261389061808586e-02 3.286046837456524372e-02
4.229886201210319996e-02 3.338807082036510110e-02
3.835865180008113384e-02 3.124838817166164517e-02
4.037599707953631878e-02 3.576875553699210286e-02
3.926991729531437159e-02 3.346777084516361356e-02
3.821513440925627947e-02 3.397161368047818542e-02
4.303312546107918024e-02 3.913223597919568419e-02
4.482082487083971500e-02 3.769743541488423944e-02
4.116098419763147831e-02 3.600735409418120980e-02
4.227392445318400860e-02 3.799612500006332994e-02
3.826501383446156979e-02 3.439705242635682225e-02
3.860010160133242607e-02 3.574293601559475064e-02
4.382260423153638840e-02 3.701477154390886426e-02
4.032769077457487583e-02 3.790106280939653516e-02
3.819300467148423195e-02 4.257021035300567746e-02
4.510823776945471764e-02 3.924678411567583680e-02
3.989954758435487747e-02 3.727806411916390061e-02
4.177479667123407125e-02 3.231222374597564340e-02
3.795255592558532953e-02 3.527120087528601289e-02
4.558540985453873873e-02 3.662660805275663733e-02
4.056698188651353121e-02 4.048300342401489615e-02
4.501205321867018938e-02 3.843424998922273517e-02
4.383041674736887217e-02 4.205276927677914500e-02
4.300292307743802667e-02 4.037782276282086968e-02
4.318103964033070952e-02 3.690649551572278142e-02
4.165773921704385430e-02 3.938064730027690530e-02
3.737420578545425087e-02 3.726715367520228028e-02
4.431269540509674698e-02 3.598428406985476613e-02
4.191789113974664360e-02 4.086300526978448033e-02
4.236188613867852837e-02 3.884007787564769387e-02
4.033702159358654171e-02 3.666457283543422818e-02
4.078781865246128291e-02 3.660927641612943262e-02
3.929259446158539504e-02 3.463124319387134165e-02
3.767618809069972485e-02 3.378755737503524870e-02
4.060720342386048287e-02 3.856486592849250883e-02
4.463091368961613625e-02 3.398429554363247007e-02
4.000996721151750535e-02 3.719041727890726179e-02
4.480566007259767503e-02 3.366780419310089201e-02
3.896689291286747903e-02 3.766783604805823416e-02
4.608067373919766396e-02 3.628062921052332968e-02
3.978844934317748994e-02 4.029862348397728056e-02
4.449348633352201432e-02 3.659467118268366903e-02
4.041110134858172387e-02 3.585784095048438758e-02
