4.065336856932991183e-02 4.136357930798366389e-02
0.000000000000000000e+00 0.000000000000000000e+00
9.563600644469261169e-03 9.878303855657577515e-03
1.875066943466663361e-02 1.726834988221526146e-02
2.827822417020797729e-02 2.600696729496121407e-02
3.619345650076866150e-02 3.275468386709690094e-02
4.185158945620059967e-02 2.828658977523446083e-02
3.356552496552467346e-02 3.759105177596211433e-02
4.212906956672668457e-02 3.151098778471350670e-02
3.662341320887207985e-02 3.578143054619431496e-02
4.035907937213778496e-02 3.240472963079810143e-02
4.373645852319896221e-02 3.826944530010223389e-02
4.199150402564555407e-02 3.509823512285947800e-02
3.730071999598294497e-02 3.676568693481385708e-02
4.553642321843653917e-02 3.116311575286090374e-02
4.207098658662289381e-02 4.090180597268044949e-02
4.823953320737928152e-02 3.708706819452345371e-02
4.142024030443280935e-02 4.045383282937109470e-02
4.372487647924572229e-02 3.517174045555293560e-02
4.629465204197913408e-02 3.634348663035780191e-02
4.040159203577786684e-02 4.006330866832286119e-02
4.630303347948938608e-02 3.515631717164069414e-02
4.029760335106402636e-02 3.634214436169713736e-02
4.383440699893981218e-02 3.426833555568009615e-02
4.738975840155035257e-02 3.692874114494770765e-02
4.100045713130384684e-02 3.746993222739547491e-02
3.944043070077896118e-02 3.188487642910331488e-02
4.339353227987885475e-02 3.601590020116418600e-02
4.262629000004380941e-02 3.016438183840364218e-02
3.774210333358496428e-02 3.918820933904498816e-02
4.525569302495568991e-02 3.481468406971544027e-02
4.020542360376566648e-02 3.586530289612710476e-02
4.216041893232613802e-02 3.627930363290943205e-02
4.428783978801220655e-02 3.534850498544983566e-02
4.166377743240445852e-02 4.159783499198965728e-02
4.900239163544028997e-02 3.760214403155259788e-02
4.222841456066817045e-02 3.979770021396689117e-02
4.447965219151228666e-02 3.800118292565457523e-02
3.931330132763832808e-02 3.637102452921681106e-02
4.386475717183202505e-02 3.299363466794602573e-02
3.908132470678538084e-02 3.975600327248685062e-02
4.402823129203170538e-02 3.549190561170689762e-02
3.913069877307862043e-02 4.109198364312760532e-02
4.650595819111913443e-02 3.832512415829114616e-02
4.142419330310076475e-02 3.912330305320210755e-02
4.292162053752690554e-02 3.379326526192016900e-02
4.138889070600271225e-02 3.855028309044428170e-02
4.365402692928910255e-02 3.327498145517893136e-02
3.748941235244274139e-02 3.917134439689107239e-02
3.895630885381251574e-02 3.424252921831794083e-02
4.322343517560511827e-02 3.639228272368200123e-02
