5.976377521450829122e-02 3.017662484857867866e-02
0.000000000000000000e+00 0.000000000000000000e+00
9.969596751034259796e-03 7.037806324660778046e-03
1.985124778002500534e-02 1.097280019894242287e-02
2.842784300446510315e-02 1.622009975835680962e-02
3.754397388547658920e-02 2.172372769564390182e-02
4.403010569512844086e-02 1.823168247938156128e-02
5.121123278513550758e-02 2.374547906219959259e-02
4.903558222576975822e-02 2.027203980833292007e-02
5.005093663930892944e-02 2.686877874657511711e-02
4.823275783564895391e-02 1.819604868069291115e-02
5.233583308290690184e-02 2.599727595224976540e-02
4.582940822001546621e-02 1.687361160293221474e-02
4.519351490307599306e-02 2.576649794355034828e-02
4.837266204413026571e-02 1.733213430270552635e-02
5.051249742973595858e-02 2.570888074114918709e-02
4.508433362934738398e-02 1.691869413480162621e-02
4.947945114690810442e-02 2.304262667894363403e-02
4.816363507416099310e-02 1.653872942551970482e-02
4.886662180069833994e-02 2.625894499942660332e-02
5.029263428878039122e-02 1.803822396323084831e-02
5.228531535249203444e-02 2.111799828708171844e-02
4.660483112093061209e-02 2.143559805699624121e-02
5.112333025317639112e-02 2.568276287638582289e-02
4.483618901576846838e-02 2.150444049038924277e-02
5.178517510648816824e-02 2.378728511394001544e-02
4.806727415416389704e-02 1.655080021009780467e-02
4.790121919359080493e-02 2.648083344683982432e-02
4.599664462148211896e-02 2.387503455975092947e-02
4.830838213092647493e-02 2.314487172407098114e-02
4.550364622264169157e-02 1.560824297484941781e-02
4.843720546341501176e-02 2.502898339298553765e-02
4.664031506399624050e-02 1.903706023585982621e-02
5.081116451765410602e-02 2.886273691547103226e-02
4.498575904290191829e-02 2.111566325766034424e-02
5.089537097956053913e-02 2.907393479836173356e-02
4.509656454320065677e-02 2.203350167837925255e-02
4.231492916005663574e-02 2.601639719796366990e-02
4.581577211502008140e-02 2.240125046228058636e-02
4.529412419651634991e-02 2.345550167956389487e-02
4.581187633448280394e-02 2.855689372518099844e-02
4.083566801273263991e-02 2.193893693038262427e-02
4.580253470339812338e-02 2.419666541391052306e-02
4.641657936736010015e-02 2.996915453695692122e-02
4.110416545881889760e-02 2.451642058440484107e-02
4.467140193446539342e-02 3.098080414929427207e-02
4.290019985637627542e-02 2.231966253020800650e-02
4.438426959677599370e-02 2.943919380777515471e-02
4.211235753609798849e-02 2.237979150959290564e-02
4.575490098795853555e-02 3.087250996031798422e-02
4.173939474276266992e-02 2.243874236592091620e-02
