2.312239653070302312e-02 4.729005488063481311e-02
0.000000000000000000e+00 0.000000000000000000e+00
6.693435832858085632e-03 9.611769579350948334e-03
1.031823852099478245e-02 1.947208587080240250e-02
1.427329494617879391e-02 2.898453362286090851e-02
1.747154071927070618e-02 3.842312004417181015e-02
1.543212612159550190e-02 4.658999852836132050e-02
1.429206214379519224e-02 4.925415199249982834e-02
1.568206865340471268e-02 4.627692280337214470e-02
1.446935732383280993e-02 4.838885483331978321e-02
1.516524393809959292e-02 4.765536903869360685e-02
1.517043311832821928e-02 4.491453466471284628e-02
1.539744693945976906e-02 4.385123611427843571e-02
1.573621945499326102e-02 4.703002446331083775e-02
1.448809935754979961e-02 4.991204733960330486e-02
1.467666221651597880e-02 4.722358821891248226e-02
1.317380746695562266e-02 4.576931183692067862e-02
1.181745429857983254e-02 4.848359769675880671e-02
1.258697529192431830e-02 4.911893431562930346e-02
1.116290356367244385e-02 4.484614462126046419e-02
1.267995143643929623e-02 4.356672137510031462e-02
1.353517674942850135e-02 4.362275570019846782e-02
1.509551901472150348e-02 4.250734837114578113e-02
1.701119436984299682e-02 4.185135932493722066e-02
1.582168123786686920e-02 3.880543811101233587e-02
1.628309866282506846e-02 4.709170935529982671e-02
1.785260211545391940e-02 5.307642780098831281e-02
1.816021452759741805e-02 4.944868841994320974e-02
1.777914416379644535e-02 4.427700340602314100e-02
1.933605799786164425e-02 5.194705994654214010e-02
1.964491375474608503e-02 4.752744678262388334e-02
1.796448838649666868e-02 4.637001107766991481e-02
1.979255562400794588e-02 4.552362989488756284e-02
2.044008500160998665e-02 4.370149809255963191e-02
1.794531233827001415e-02 4.796600041299825534e-02
1.970422864178544842e-02 4.252222066133981571e-02
2.056971072670421563e-02 3.949191702849930152e-02
2.222331284065148793e-02 4.689057592622702941e-02
2.442569608319899999e-02 4.132130930520361289e-02
2.492815962978056632e-02 4.527771754510467872e-02
2.447926633976749144e-02 4.249268935382133350e-02
2.611499893464497291e-02 4.490835477918153629e-02
2.661757453097379766e-02 3.876311683416133747e-02
2.461075529208756052e-02 4.027326721552526578e-02
2.250204796655452810e-02 4.023674327982007526e-02
2.333265656125149690e-02 4.335561103289364837e-02
2.440455308169475757e-02 3.968748461556970142e-02
2.569923267219564877e-02 4.290505533208488487e-02
2.278741469126543961e-02 4.050639632259844802e-02
2.528059944961569272e-02 4.660482646067976020e-02
2.556791886672726832e-02 4.145995468934415840e-02
