2.375775724684869167e-02 4.713685691126622002e-02
0.000000000000000000e+00 0.000000000000000000e+00
8.114909753203392029e-03 9.892644360661506653e-03
1.492481166496872902e-02 1.984491012990474701e-02
1.995504554361104965e-02 2.965237945318222046e-02
2.613898925483226776e-02 3.887421172112226486e-02
2.911033201962709427e-02 4.576957365497946739e-02
2.668886003084480762e-02 4.329230682924389839e-02
2.838464197702705860e-02 4.899973515421152115e-02
2.913150843232870102e-02 4.538895026780664921e-02
2.856311795767396688e-02 4.989643464796245098e-02
2.613924990873783827e-02 4.812642349861562252e-02
2.791831141803413630e-02 4.971262230537831783e-02
2.517350332345813513e-02 5.019110333523713052e-02
2.987019193824380636e-02 5.271945134154520929e-02
3.063076030230149627e-02 5.527381793945096433e-02
3.036540400353260338e-02 5.025466353981755674e-02
2.838988325675018132e-02 4.739545387565158308e-02
2.617380049196071923e-02 4.572922151419334114e-02
2.373916588840074837e-02 4.584404747583903372e-02
2.558080750168301165e-02 4.658991497126407921e-02
2.558588104875525460e-02 4.586633844883181155e-02
3.015949072869261727e-02 4.515193446422927082e-02
2.980655137071153149e-02 4.939124544034712017e-02
2.830883088608970866e-02 5.059429127140901983e-02
2.931097088003298268e-02 4.652222720324061811e-02
2.695532733196159825e-02 4.846712315338663757e-02
2.647386962053133175e-02 4.641237758914940059e-02
2.456629875086946413e-02 4.124661578680388629e-02
2.825148583360714838e-02 4.685243588755838573e-02
2.382305164792342111e-02 4.815370900905691087e-02
2.523947733425302431e-02 4.542817347100935876e-02
2.608423248602775857e-02 4.901429507299326360e-02
2.798351295496104285e-02 4.616416789940558374e-02
2.749488600966287777e-02 4.386955531663261354e-02
2.798789744701934978e-02 4.550025492790155113e-02
2.660631067556096241e-02 3.992158055189065635e-02
2.990699774090899155e-02 4.614393712836317718e-02
2.760906778712524101e-02 4.466768747079186141e-02
2.827511389477876946e-02 4.664264430175535381e-02
2.603801094664959237e-02 4.421565050142817199e-02
2.599436365926521830e-02 4.754436967778019607e-02
2.870869003163534217e-02 4.584524637903086841e-02
2.883486351856845431e-02 4.325732236611656845e-02
2.888306698514497839e-02 4.980086788418702781e-02
2.513557884594774805e-02 4.855410449090413749e-02
2.906416848054504953e-02 4.709320361143909395e-02
2.705992597839212976e-02 4.948928052908740938e-02
2.679283817633404396e-02 4.447689777589403093e-02
2.938202808945789002e-02 4.209932763478718698e-02
2.898329923846176825e-02 5.058168512186966836e-02
