2.247627495053718463e-02 4.744135192179886606e-02
0.000000000000000000e+00 0.000000000000000000e+00
9.579340927302837372e-03 9.964101947844028473e-03
1.737513719126582146e-02 1.964687649160623550e-02
2.376462379470467567e-02 2.867826353758573532e-02
2.685225871391594410e-02 3.591161826625466347e-02
2.846860908903181553e-02 4.299112409353256226e-02
2.803713583853095770e-02 5.038008186966180801e-02
2.354372281115502119e-02 4.921036818996071815e-02
2.256011450663208961e-02 4.893597224145196378e-02
2.500741672702133656e-02 4.800672570127062500e-02
2.419070497853681445e-02 5.032765536452643573e-02
2.588578237919136882e-02 4.962387590785510838e-02
2.015957626281306148e-02 4.750678388518281281e-02
2.303195622516795993e-02 5.227832289529033005e-02
2.623943117214366794e-02 4.810756703955121338e-02
2.417585760122165084e-02 4.713526510749943554e-02
2.136265364242717624e-02 4.746488831005990505e-02
2.383054926758632064e-02 4.725023529317695647e-02
2.302925783442333341e-02 5.232124107715208083e-02
2.088680473389104009e-02 4.978402990673203021e-02
2.272820560028776526e-02 5.258783472527284175e-02
2.450150932418182492e-02 4.621221318666357547e-02
2.445934857678366825e-02 4.644950284273363650e-02
2.235030550946248695e-02 4.967960846261121333e-02
2.181217452016426250e-02 4.927973879966884851e-02
2.516525290411664173e-02 4.531222360674291849e-02
2.286734902736498043e-02 4.964464448858052492e-02
2.597354497265769169e-02 4.825670446734875441e-02
2.395063201402081177e-02 4.584734712261706591e-02
2.062674337503267452e-02 5.143816967029124498e-02
2.181371981714619324e-02 4.637213016394525766e-02
1.994292792369378731e-02 4.950498125981539488e-02
1.979114529240177944e-02 4.359623638447374105e-02
2.035076253378065303e-02 4.542470420710742474e-02
2.375486715027363971e-02 4.951158002950251102e-02
2.374240501103486167e-02 4.660522658377885818e-02
2.737387992692674743e-02 4.448327631689608097e-02
2.621143917804147350e-02 4.533812490990385413e-02
2.845644439821626293e-02 4.948022071039304137e-02
2.771468368609930621e-02 4.529901914065703750e-02
2.462781640952016460e-02 4.468038195045664907e-02
2.450076672266732203e-02 4.537942045135423541e-02
2.316389414500008570e-02 5.255720129935070872e-02
2.116885986197303282e-02 4.573246062500402331e-02
2.361578303407441126e-02 4.823056742316111922e-02
2.561497287842939841e-02 5.096477078041061759e-02
2.254404635186801897e-02 4.786739213159307837e-02
2.118259046710591065e-02 4.715472325915470719e-02
1.801452327072183834e-02 4.426876764046028256e-02
2.079578798748116242e-02 4.972691257717087865e-02
