2.208371101339556830e-02 4.753107047437156452e-02
0.000000000000000000e+00 0.000000000000000000e+00
8.235418237745761871e-03 9.097692556679248810e-03
1.653261110186576843e-02 1.870688889175653458e-02
1.834335131570696831e-02 2.845998108386993408e-02
2.193902293220162392e-02 3.335684584453701973e-02
1.811031624674797058e-02 4.257776727899909019e-02
2.054819744080305099e-02 4.536396730691194534e-02
2.305630245245993137e-02 4.695282678585499525e-02
2.458279649727046490e-02 4.839873290620744228e-02
2.312267886009067297e-02 4.274117271415889263e-02
2.641387202311307192e-02 4.976408625952899456e-02
1.777464814949780703e-02 4.401954472996294498e-02
2.115692442748695612e-02 3.726841625757515430e-02
1.701981632504612207e-02 4.607888520695269108e-02
2.039461454842239618e-02 4.115900606848299503e-02
2.272795152384787798e-02 4.976196796633303165e-02
3.032142447773367167e-02 4.430094244889914989e-02
2.531731466297060251e-02 4.376939957728609443e-02
2.421415550634264946e-02 4.646465711994096637e-02
2.505087235476821661e-02 4.689929538290016353e-02
2.587372635025531054e-02 4.550409849616698921e-02
2.927131031174212694e-02 4.463370740995742381e-02
2.374425588641315699e-02 4.613317668554373085e-02
2.748005080502480268e-02 4.349977200035937130e-02
2.245323255192488432e-02 4.362156097340630367e-02
2.317829919047653675e-02 4.466260731715010479e-02
2.527390909381210804e-02 4.531403125292854384e-02
2.851611445657908916e-02 4.216129199630813673e-02
2.801992784952744842e-02 4.743275518558220938e-02
2.225676359375938773e-02 4.510981316707329825e-02
2.238667072379030287e-02 4.801886791392462328e-02
2.715112749137915671e-02 4.757126505865016952e-02
2.297458905377425253e-02 4.554609247861662880e-02
2.442254082416184247e-02 4.945324120490113273e-02
2.405490475939586759e-02 4.437405794305959716e-02
2.676663716556504369e-02 4.638482179871061817e-02
2.359986380906775594e-02 4.338154654396930709e-02
2.412568405270576477e-02 4.719110942824045196e-02
2.002902608364820480e-02 4.728011466067982838e-02
2.003677111133583821e-02 4.667985415289876983e-02
1.740568378954776563e-02 5.233891191164730117e-02
1.699341994026326574e-02 5.169011535326717421e-02
1.707966786125325598e-02 5.341314372344641015e-02
2.042760813856148161e-02 5.074570245778886601e-02
2.028249705108464696e-02 4.745722852385370061e-02
2.175672969678998925e-02 4.956865740678040311e-02
2.188882192785968073e-02 4.750474297179607674e-02
2.181572756308014505e-02 5.012298293149797246e-02
1.877721106211538427e-02 4.992804177891230211e-02
1.880973016523057595e-02 5.404467102925991639e-02
