2.162331241214010547e-02 4.763417619013840532e-02
0.000000000000000000e+00 0.000000000000000000e+00
8.180572651326656342e-03 9.687445126473903656e-03
1.531721791252493858e-02 1.907351426780223846e-02
2.251612953841686249e-02 2.801937237381935120e-02
2.551333955489099026e-02 3.555801510810852051e-02
2.722337888553738594e-02 4.503165930509567261e-02
2.351533528417348862e-02 4.591726866783574224e-02
2.425869938451796770e-02 5.178577249171212316e-02
2.126244001556187868e-02 5.446531117195263505e-02
2.823187049943953753e-02 4.772210173541679978e-02
2.161333442199975252e-02 5.219969066092744470e-02
2.579957118723541498e-02 4.805315198609605432e-02
2.713713154662400484e-02 4.664049629354849458e-02
2.652220829622820020e-02 4.600415594177320600e-02
2.831749181495979428e-02 5.301690549822524190e-02
2.159834682242944837e-02 4.828917823033407331e-02
2.319466887274757028e-02 5.039095488609746099e-02
2.107156632700935006e-02 5.083700863178819418e-02
2.512601349735632539e-02 4.674405918922275305e-02
2.589608286507427692e-02 5.297310219611972570e-02
2.337544783949851990e-02 4.771903518121689558e-02
2.337079986955359345e-02 4.577050695661455393e-02
1.990280256632104283e-02 5.209542962256819010e-02
2.285016284349694615e-02 4.758702788967639208e-02
2.427658185388281709e-02 4.834752116585150361e-02
2.076917889553442365e-02 5.222898029023781419e-02
2.825260630834236508e-02 4.983430641004815698e-02
2.152848153400555020e-02 4.625449451850727201e-02
1.977587796773150330e-02 5.355442204745486379e-02
2.464562727163865929e-02 4.657892958493903279e-02
2.435497715396195417e-02 5.053181882249191403e-02
2.332968494647502666e-02 4.641077230917289853e-02
2.335357329593534814e-02 4.660619686183054000e-02
2.327305219387199031e-02 4.791804980777669698e-02
2.365032692341628717e-02 4.537598574825096875e-02
1.851162004186335253e-02 5.099486531980801374e-02
2.674964412017288851e-02 4.703470431559253484e-02
2.353147270059707807e-02 4.431276182003784925e-02
2.410579086881625699e-02 4.893706664734054357e-02
2.317020720238360809e-02 4.419838656031060964e-02
2.413095060637715505e-02 4.725036952004302293e-02
2.327326002432528185e-02 4.295475357503164560e-02
2.608141831024113344e-02 5.010643829882610589e-02
2.068737025274458574e-02 4.603184801817405969e-02
2.503937964229407953e-02 4.018350779369939119e-02
2.447535998089733766e-02 4.767943076149094850e-02
2.647907488881173776e-02 4.423411721654701978e-02
2.384503131634119200e-02 5.007631629996467382e-02
2.640461797727766680e-02 4.762864318036008626e-02
2.360927236168208765e-02 4.397498811886180192e-02
