4.244719985919049622e-03 4.990987114515331446e-02
0.000000000000000000e+00 0.000000000000000000e+00
5.245909560471773148e-03 9.975085966289043427e-03
9.304775856435298920e-03 1.985550299286842346e-02
9.680393588496372104e-03 2.970280032604932785e-02
1.114828904974274337e-02 3.967955429106950760e-02
1.224400239880196750e-02 4.948301613330841064e-02
1.257801012252457440e-02 5.254044709727168083e-02
1.460943304118700325e-02 5.331703479168936610e-02
1.612512071733362973e-02 5.634803342400118709e-02
1.889049241435714066e-02 5.352318048244342208e-02
1.739162034937180579e-02 4.693979810690507293e-02
1.686366330250166357e-02 5.171254224842414260e-02
1.694874178065219894e-02 5.513399181654676795e-02
1.559471319342264906e-02 5.346695362823083997e-02
1.514005196077050641e-02 5.432862817542627454e-02
1.554937015316681936e-02 5.024604155914857984e-02
1.526887011277722195e-02 5.315936036640778184e-02
1.301108202460454777e-02 5.454563797684386373e-02
1.141170232585864142e-02 5.338978831423446536e-02
1.173475234099896625e-02 5.107423494337126613e-02
1.199558584630722180e-02 5.507377319736406207e-02
1.314664094388717785e-02 5.105166247813031077e-02
1.135050328593933955e-02 5.026889796135947108e-02
9.994429747166577727e-03 5.514145613415166736e-02
7.971949387865606695e-03 5.203929188428446651e-02
9.808157432416919619e-03 5.894123314647004008e-02
8.670171817357186228e-03 5.446302163181826472e-02
7.345372789131943136e-03 5.570284946588799357e-02
7.576301439257804304e-03 4.943062196252867579e-02
9.328725609520915896e-03 5.391328100813552737e-02
8.679749073053244501e-03 5.778436170658096671e-02
9.600491823221091181e-03 5.316062312340363860e-02
1.147073295578593388e-02 5.785343603929504752e-02
1.075451225187862292e-02 5.344613402849063277e-02
1.213812441710615531e-02 5.099682480795308948e-02
1.427120422158623114e-02 5.259016418131068349e-02
1.203673691634321585e-02 5.133805720834061503e-02
1.419649678427958861e-02 5.440688686212524772e-02
1.057967273663962260e-02 5.280958249932155013e-02
1.301276879530632868e-02 5.554542731260880828e-02
1.381730629509547725e-02 5.554508220171783250e-02
1.417522502742940560e-02 5.388429062674049419e-02
1.442676140140974894e-02 5.022974102990929168e-02
1.453638745442731306e-02 5.320692621404532474e-02
1.660109234944684431e-02 5.660335370572511238e-02
1.450596417271299288e-02 5.224759993376437706e-02
1.391421641892520711e-02 4.989431146765355152e-02
1.681362219824222848e-02 5.446909880498651546e-02
1.646786223136587068e-02 5.147402500966791195e-02
1.911433220811886713e-02 5.317136377794895452e-02
