4.231917553757216094e-02 4.060401415952911985e-02
0.000000000000000000e+00 0.000000000000000000e+00
9.421221911907196045e-03 9.224425069987773895e-03
1.869078818708658218e-02 1.873205695301294327e-02
2.240781602449715137e-02 2.720715571194887161e-02
2.893071225844323635e-02 3.399472031742334366e-02
3.243321459740400314e-02 3.281543229240924120e-02
2.708572195842862129e-02 2.781334437895566225e-02
3.340693283826112747e-02 3.319309756625443697e-02
3.813796536996960640e-02 3.928736143279820681e-02
3.698721493128687143e-02 3.925880901988421101e-02
3.257095545995980501e-02 3.931164853747759480e-02
3.121523594018071890e-02 4.139566533740435261e-02
3.084317661705426872e-02 3.551710369538341183e-02
3.282058445620350540e-02 3.897721036810253281e-02
3.527296867105178535e-02 3.467452475342724938e-02
3.110470037790946662e-02 3.772430839489970822e-02
3.521141243982128799e-02 3.786173404841974843e-02
3.068989116582088172e-02 3.779650272372236941e-02
3.493823736789636314e-02 3.501077906730643008e-02
2.980252887937240303e-02 4.299476349297037814e-02
3.358220236259512603e-02 3.877107126209011767e-02
3.665364763583056629e-02 3.884972435662348289e-02
3.163778033922426403e-02 3.406731960603792686e-02
3.225415552151389420e-02 3.952179280349810142e-02
3.417288619675673544e-02 3.555612162926991004e-02
3.334312516381032765e-02 3.944031674654979724e-02
3.545620760996825993e-02 3.893166147645388264e-02
3.426638027303852141e-02 3.735589767347846646e-02
3.622299330891110003e-02 3.730015183646173682e-02
3.964189896942116320e-02 3.865141416281403508e-02
3.428095710114575922e-02 3.994520922969968524e-02
3.949277047649957240e-02 3.751267336156161036e-02
3.407905195490457118e-02 4.114131938513310160e-02
3.461098999832756817e-02 3.736683988790900912e-02
3.810943083954043686e-02 3.926123638484568801e-02
3.683727109455503523e-02 3.770340042501629796e-02
3.682035946985706687e-02 3.980138846054614987e-02
3.746587538626044989e-02 3.854270704869122710e-02
3.719284440740011632e-02 3.869655139533278998e-02
3.776133086648769677e-02 3.832582421273400541e-02
3.703804701217450202e-02 4.162803818144311663e-02
4.041381800197996199e-02 3.892437638387491461e-02
3.394786283024586737e-02 3.863534513766353484e-02
3.648779439390636981e-02 3.639135599041765090e-02
3.655434535903623328e-02 3.205120699385588523e-02
3.850640934979310259e-02 3.662896525020187255e-02
3.830396456032758579e-02 3.836389429307018872e-02
3.895601789554348215e-02 3.536492361126875039e-02
3.949168006511172280e-02 3.528792633551347535e-02
3.920049947191728279e-02 3.666559235534805339e-02
