3.998417830608838423e-03 4.992003129929388494e-02
0.000000000000000000e+00 0.000000000000000000e+00
4.977019969373941422e-03 9.801519103348255157e-03
8.620391832664608955e-03 1.960300002247095108e-02
9.246687637642025948e-03 2.934753149747848511e-02
1.063804002478718758e-02 3.925332706421613693e-02
1.205314847175031900e-02 4.632342606782913208e-02
1.162740084691904485e-02 4.842197685502469540e-02
9.910203021718189120e-03 5.098176747560501099e-02
8.506499318173155189e-03 5.291486880742013454e-02
9.617031522793695331e-03 4.987853136844933033e-02
1.109207476838491857e-02 4.947204081690870225e-02
9.431510901777073741e-03 4.566329703084193170e-02
1.009449452976696193e-02 4.882313948473893106e-02
1.053508013137616217e-02 4.957602600916288793e-02
1.073910205741412938e-02 4.949614028737414628e-02
9.671874955529347062e-03 4.996146420307923108e-02
1.178927384898997843e-02 5.017996528476942331e-02
1.268868168699555099e-02 4.865597347088623792e-02
1.160613025422208011e-02 5.022045232180971652e-02
1.144069756264798343e-02 5.166860909957904369e-02
1.331672628293745220e-02 5.156012507359264418e-02
1.423326213262043893e-02 4.738563507999060676e-02
1.443808038311544806e-02 5.186369385774014518e-02
1.490707953053060919e-02 4.900846815871773288e-02
1.389757114520762116e-02 4.896564162481809035e-02
1.317745466076303273e-02 4.937707697536097839e-02
1.327861804747954011e-02 5.031591328588547185e-02
1.309629101888276637e-02 5.236720224638702348e-02
1.410728823975659907e-02 5.159757991350488737e-02
1.410239410233771196e-02 5.213946954609127715e-02
1.552929588706319919e-02 5.225764409988187253e-02
1.519101927169685951e-02 4.842703425674699247e-02
1.549083660120231798e-02 4.689552212948910892e-02
1.432093933453870704e-02 4.644928779453039169e-02
1.182678530221892288e-02 4.864223790355026722e-02
1.247233695812610677e-02 4.530358035117387772e-02
1.373330651313153794e-02 4.539575535454787314e-02
1.407580193244939437e-02 5.203602477558888495e-02
1.318495690702548018e-02 4.688052754499949515e-02
1.441304984382441035e-02 4.256322947912849486e-02
1.296604941944679013e-02 4.899570779525674880e-02
1.351072143643250456e-02 4.920624212536495179e-02
1.211013277406891575e-02 4.885123208805453032e-02
1.311317638374021044e-02 4.522503101907204837e-02
1.213361455938866129e-02 4.744464466057252139e-02
1.201183333523658803e-02 4.655154356441926211e-02
1.399172314904717496e-02 4.873059624515008181e-02
1.343295702008617809e-02 4.814827202062588185e-02
1.396180755455134204e-02 4.691392129461746663e-02
1.547288064375607064e-02 4.254362492065411061e-02
