5.023478582897012400e-03 4.987374361125739008e-02
0.000000000000000000e+00 0.000000000000000000e+00
-9.890432469546794891e-03 9.897872805595397949e-03
-1.957122050225734711e-02 1.975927501916885376e-02
-2.743137162178754807e-02 2.947511244565248489e-02
-2.490405854769051075e-02 3.854914661496877670e-02
-2.091733296401798725e-02 4.780783597379922867e-02
-1.620843145065009594e-02 5.463539157062768936e-02
-1.022360776551067829e-02 6.179384607821702957e-02
-6.939129671081900597e-03 6.459107296541333199e-02
-4.634427838027477264e-03 6.502179877134039998e-02
-4.285323433578014374e-03 6.931925640674307942e-02
-8.725891821086406708e-04 7.039718615124002099e-02
-4.866789095103740692e-04 7.016843486053403467e-02
5.502835847437381744e-05 7.045834588643629104e-02
-5.845491541549563408e-04 6.966925669985357672e-02
3.442211309447884560e-04 6.914459932886529714e-02
1.511278911493718624e-03 6.956585038278717548e-02
2.093453658744692802e-04 7.114183525845874101e-02
1.124784466810524464e-03 7.077877204574178904e-02
1.790842507034540176e-03 7.134985485754441470e-02
1.954110353835858405e-03 7.156953611411154270e-02
2.306128226337023079e-03 7.294011383783072233e-02
2.602247681352309883e-03 7.349899917608126998e-02
1.941421753144823015e-03 7.437494304031133652e-02
-4.475263558560982347e-04 7.652684953063726425e-02
-6.409130292013287544e-04 7.516402506735175848e-02
4.933454329147934914e-04 7.337173842824995518e-02
5.125357438373612240e-04 7.367932939087040722e-02
2.333255270059453323e-04 7.398915672092698514e-02
2.220941360064898618e-03 7.338568594423122704e-02
1.301330516071175225e-03 7.311216619564220309e-02
8.443905990134226158e-04 7.175840524723753333e-02
1.316122014031861909e-03 7.290351652773097157e-02
5.480929412442492321e-04 7.270870411593932658e-02
7.550962927780346945e-04 7.122890623577404767e-02
1.043767553710495122e-03 6.972787827544379979e-02
-1.191351311717880890e-04 7.101256104942876846e-02
2.566602215665625408e-04 7.127181145187932998e-02
-8.869267003319691867e-05 7.162328572303522378e-02
1.027312118822010234e-04 7.156374962505651638e-02
2.526387152101960965e-03 7.182889014802640304e-02
3.622238802563515492e-03 7.198403149232035503e-02
2.503400015484658070e-03 7.293143300194060430e-02
2.626838848300394602e-03 7.283374397229636088e-02
4.271392930604633875e-03 7.161833611462498084e-02
5.218507127210614271e-03 7.352963297307724133e-02
3.125336357697960921e-03 7.457402555883163586e-02
4.027154633149621077e-03 7.343222233612323180e-02
1.786626980901928619e-04 7.338131043434259482e-02
8.399118542001815513e-04 7.162917415917036124e-02
