2.374376954504393844e-02 4.714027695962084985e-02
0.000000000000000000e+00 0.000000000000000000e+00
9.406928904354572296e-03 8.931565098464488983e-03
1.880658138543367386e-02 1.879897527396678925e-02
2.613116241991519928e-02 2.870075590908527374e-02
3.023285837844014168e-02 3.702624421566724777e-02
3.097709151916205883e-02 4.531190916895866394e-02
3.087779852648964152e-02 4.815490171313285828e-02
2.914056515874108300e-02 4.840568825602531433e-02
3.024244165135314688e-02 5.078382533974945545e-02
2.907717329071601853e-02 5.278096231631934643e-02
2.969284870050614700e-02 5.126115831080824137e-02
3.114195437956368551e-02 4.886718967463821173e-02
3.083393905399134383e-02 4.830831446452066302e-02
2.993618640903150663e-02 4.625376564217731357e-02
2.975049828091869131e-02 4.953590611694380641e-02
2.824643409257987514e-02 5.171558115398511291e-02
2.821777618009946309e-02 5.066179909044876695e-02
2.894523299983120523e-02 5.058697499771369621e-02
3.116539402617490850e-02 5.272894544032169506e-02
3.042826757518923841e-02 5.200930579303530976e-02
3.208530289339250885e-02 5.057738534378586337e-02
3.330505944541073404e-02 4.778190491924760863e-02
2.995105369700468145e-02 4.810276981879724190e-02
3.128197535625076853e-02 4.518213384289992973e-02
3.111699089276953600e-02 4.660194383905036375e-02
3.070538150132051669e-02 4.736531007074518129e-02
3.040618646991788410e-02 4.481486364238662645e-02
3.164746868060319684e-02 4.805895120807690546e-02
3.211122619904926978e-02 4.508085402630968019e-02
3.127349368514842354e-02 4.777732997172279283e-02
3.065516703281900845e-02 4.775467066974670161e-02
3.129339808583608828e-02 4.617530916766554583e-02
3.129905814284938970e-02 4.592519378820725251e-02
2.996452330125976005e-02 4.782140112547494937e-02
3.001508830357124680e-02 4.753355123284563888e-02
2.900367559641381376e-02 4.574199719536409248e-02
2.637946795448442572e-02 4.674082435849413741e-02
2.551973358504255884e-02 4.689375079942692537e-02
2.319037335701068514e-02 4.787019525429059286e-02
2.438408628813704127e-02 4.915425089893687982e-02
2.610181461795946234e-02 4.934875991784792859e-02
2.567912173117292696e-02 5.065507673316460568e-02
2.676748706153375679e-02 5.172196890816849191e-02
2.618928149468047195e-02 5.050566220779728610e-02
2.734126523728264146e-02 5.299323691178869922e-02
2.678468544627321535e-02 5.305110705921833869e-02
2.682217199844671995e-02 5.034663943479245063e-02
2.622002562065972597e-02 4.985049933566187974e-02
2.649415215500994236e-02 4.854301720297371503e-02
2.423610702180667431e-02 4.672699545881187078e-02
