4.263630350405336715e-03 4.990906593615566933e-02
0.000000000000000000e+00 0.000000000000000000e+00
5.238597281277179718e-03 9.874276816844940186e-03
9.747467935085296631e-03 1.945899892598390579e-02
1.155843224842101336e-02 2.935230918228626251e-02
1.301378570497035980e-02 3.906573448330163956e-02
1.337695441907271743e-02 4.858867079019546509e-02
1.400913321413099766e-02 5.074595008045434952e-02
1.475080690579488873e-02 4.829139565117657185e-02
1.613333419663831592e-02 5.094050499610602856e-02
1.206244918284937739e-02 5.414806446060538292e-02
1.177790734800510108e-02 5.311018368229269981e-02
1.323932022205553949e-02 4.759269161149859428e-02
1.573974578059278429e-02 4.952255531679838896e-02
1.419764428283087909e-02 4.887573764426633716e-02
1.373523683287203312e-02 4.900965497654397041e-02
1.327098460751585662e-02 5.202207838010508567e-02
1.518141358974389732e-02 5.203187619099480798e-02
1.554447738453745842e-02 5.092361187325877836e-02
1.705852348823100328e-02 4.970480538668198278e-02
1.799645379651337862e-02 4.830664014207286527e-02
1.633230282459408045e-02 4.871133300821384182e-02
1.520007150247693062e-02 5.101048439155420056e-02
1.626090065110474825e-02 5.388486949141224613e-02
1.614935652469284832e-02 5.015867324891587486e-02
1.744603170664049685e-02 5.101858468606224051e-02
1.568386566941626370e-02 4.906915168157865992e-02
1.565418076825153548e-02 4.737390745776792755e-02
1.566469383487856248e-02 4.783222066816961160e-02
1.498703017659863690e-02 4.969301679284399142e-02
1.810183293946465710e-02 4.551662969515746227e-02
1.802717633199790725e-02 4.822243143917148700e-02
1.659177727651695022e-02 4.596063424014573684e-02
1.984100993377069244e-02 5.125409899392252555e-02
1.800022304178128252e-02 4.888722718806093326e-02
1.787835062077647308e-02 4.592811944075947395e-02
1.671985029770439724e-02 5.125558957570319762e-02
1.613633217584720114e-02 4.680713055768137565e-02
1.781141699120780686e-02 4.969494695887988200e-02
1.706804573132103542e-02 4.779595613126730314e-02
1.752472936004778603e-02 4.583162545804952970e-02
1.881161983419588069e-02 4.567899584708356997e-02
1.869904215800488601e-02 4.686344863785052439e-02
2.123677300642157206e-02 5.176531786037230631e-02
2.024337103011930594e-02 4.967837088679516455e-02
1.828286762702191481e-02 4.773847578962886473e-02
1.614639454874122748e-02 4.931105493506038329e-02
1.734489377940917620e-02 4.949261068304622313e-02
1.812174253518605838e-02 4.734346044187986990e-02
1.703875419570977101e-02 4.531819472958886763e-02
1.972952718733722577e-02 4.988423089434945723e-02
