4.317935757538400587e-02 4.019724540903191201e-02
0.000000000000000000e+00 0.000000000000000000e+00
9.277896955609321594e-03 8.547774516046047211e-03
1.911029964685440063e-02 1.677442435175180435e-02
2.778551448136568069e-02 2.286681300029158592e-02
3.581334184855222702e-02 2.226667292416095734e-02
3.563032698002643883e-02 2.876984328031539917e-02
4.264271099236793816e-02 2.574909734539687634e-02
4.174356718431226909e-02 3.517689253203570843e-02
4.499353768187575042e-02 3.130449866876006126e-02
3.896859774249605834e-02 3.666565241292119026e-02
4.440724031883291900e-02 3.166792402043938637e-02
3.893112551304511726e-02 3.365463251248002052e-02
4.433346606674604118e-02 3.052695514634251595e-02
4.014949241536669433e-02 3.158116096165031195e-02
3.898352125543169677e-02 2.669887233059853315e-02
3.240025156992487609e-02 3.364664956461638212e-02
3.979834888014011085e-02 2.992437651846557856e-02
3.541441235574893653e-02 3.001432469318388030e-02
4.054425490903668106e-02 2.800634199957130477e-02
3.884941953583620489e-02 3.077439590560970828e-02
4.166595832793973386e-02 3.107825441838940606e-02
3.771668215631507337e-02 2.961637308908393607e-02
4.056731713353656232e-02 2.599429894326021895e-02
4.022387517034076154e-02 3.498832970944931731e-02
4.314172393060289323e-02 3.182713078422239050e-02
3.750619510537944734e-02 3.258339451713254675e-02
4.428803300834260881e-02 2.904222413053503260e-02
3.757039582706056535e-02 3.778961553325643763e-02
4.325438509113155305e-02 3.384304299106588587e-02
3.845931435353122652e-02 3.032911728223552927e-02
4.336021686322055757e-02 3.135608144657453522e-02
3.534425268298946321e-02 3.418312858411809430e-02
4.126465538865886629e-02 2.916130268567940220e-02
3.705562822869978845e-02 3.470625806221505627e-02
4.381988369277678430e-02 2.931333876767894253e-02
3.675555423251353204e-02 3.877664062747498974e-02
4.405476278043352067e-02 3.259728787088533863e-02
3.849510321742855012e-02 3.378092645289143547e-02
4.282559765852056444e-02 3.016329168895026669e-02
3.720474135479889810e-02 3.460610502952476963e-02
4.436415093368850648e-02 2.854986147576710209e-02
4.097811374231241643e-02 3.659983569377800450e-02
4.019695971510373056e-02 3.331817438447615132e-02
4.293501944630406797e-02 3.307694783870829269e-02
4.358696311828680336e-02 3.471073850960237905e-02
3.997603643801994622e-02 3.694720722705824301e-02
4.631791802239604294e-02 3.076617902115685865e-02
3.851573800784535706e-02 3.926540462271077558e-02
4.511030743014998734e-02 3.509623993159038946e-02
4.402459392440505326e-02 3.972506726131541654e-02
