2.349931805499309162e-02 4.719970190772333762e-02
0.000000000000000000e+00 0.000000000000000000e+00
8.419187739491462708e-03 9.832574985921382904e-03
1.508526038378477097e-02 1.958840340375900269e-02
1.854248112067580223e-02 2.945308946073055267e-02
2.219480322673916817e-02 3.648509504273533821e-02
2.375978033524006605e-02 4.601418366655707359e-02
1.680298091378062963e-02 4.482749092858284712e-02
2.053187240380793810e-02 4.690149414818733931e-02
1.948294509202241898e-02 5.010886292438954115e-02
1.804361632093787193e-02 4.859701136592775583e-02
2.384278457611799240e-02 5.344873399008065462e-02
1.775016309693455696e-02 4.991095291916280985e-02
1.619191886857151985e-02 5.065357912098988891e-02
2.232857700437307358e-02 5.149808753049001098e-02
1.646490534767508507e-02 4.918779962463304400e-02
2.322430443018674850e-02 4.929637783061480150e-02
1.800018269568681717e-02 5.028916944138472900e-02
1.979736762586981058e-02 5.048171032831305638e-02
2.084948611445724964e-02 4.621025661617750302e-02
1.714237406849861145e-02 5.346071461826795712e-02
2.079698140732944012e-02 4.832014648854965344e-02
2.003756462363526225e-02 4.488341671094531193e-02
2.032181917456910014e-02 5.168552019313210621e-02
2.365550579270347953e-02 4.561579062283271924e-02
2.331367734586820006e-02 5.148799459129804745e-02
2.111186523688957095e-02 4.909338636934990063e-02
2.277095691533759236e-02 4.992487593699479476e-02
2.032855834113433957e-02 4.873776480235392228e-02
2.315340010682120919e-02 4.891480848164064810e-02
2.435973967658355832e-02 5.008021758840186521e-02
2.140703174518421292e-02 4.785573662229580805e-02
2.188981862855143845e-02 4.499863151431782171e-02
1.977990547311492264e-02 4.975701931834919378e-02
2.365002900478430092e-02 4.628286736988229677e-02
2.194192263414151967e-02 4.889773733884794638e-02
2.662322859396226704e-02 4.589063178718788549e-02
2.082713835989125073e-02 4.627353083196794614e-02
2.291039683041162789e-02 5.199195248860633001e-02
1.860191699233837426e-02 4.551713717955863103e-02
2.013188230921514332e-02 4.872350222285604104e-02
1.947065876447595656e-02 4.304618495370959863e-02
2.603008286678232253e-02 4.625987904000794515e-02
2.119060760014690459e-02 4.929793849441921338e-02
2.111956959561211988e-02 4.879687623906647786e-02
2.128866319981170818e-02 4.896434024703921750e-02
2.321599242714000866e-02 4.917664841195801273e-02
1.928542140376521274e-02 4.516837435221532360e-02
2.052675961022032425e-02 4.818685484497109428e-02
2.449455466557992622e-02 5.044633444776991382e-02
1.896378985111368820e-02 4.501615852495888248e-02
