4.161547023489392538e-02 4.092938269409211738e-02
0.000000000000000000e+00 0.000000000000000000e+00
9.195878170430660248e-03 9.825226850807666779e-03
1.864311844110488892e-02 1.965149305760860443e-02
2.706032525748014450e-02 2.617130894213914871e-02
3.192359674721956253e-02 3.111914172768592834e-02
3.364933480042964220e-02 3.302576311398297548e-02
3.286388388369232416e-02 4.069827788043767214e-02
3.893858671654015779e-02 3.740505094174295664e-02
3.553607582580298185e-02 3.747592563013313338e-02
4.019917815458029509e-02 3.737110728980042040e-02
4.122937284409999847e-02 3.809046142851002514e-02
4.078742288402281702e-02 3.780357295181602240e-02
3.588183675310574472e-02 4.400935431476682425e-02
3.664420396671630442e-02 3.985164209734648466e-02
3.712915448704734445e-02 3.852980840019881725e-02
4.056248330743983388e-02 3.758578887209296227e-02
3.561989153968170285e-02 3.768436898826621473e-02
3.448664274765178561e-02 3.340590893640182912e-02
3.819374641170725226e-02 3.635833910084329545e-02
3.371025755768641829e-02 3.478931120480410755e-02
3.461355756735429168e-02 3.478768280592703377e-02
3.497658562264405191e-02 3.631927421201908146e-02
3.544306108960881829e-02 3.163215959330045735e-02
3.876585076795890927e-02 4.111996268738948856e-02
3.771305811824277043e-02 4.117104029182883096e-02
3.896002663532271981e-02 3.990777351327778888e-02
3.531911625759676099e-02 3.654931767277957988e-02
3.601776016876101494e-02 3.791427113947065664e-02
3.790574555750936270e-02 3.135793669980557752e-02
3.508798906113952398e-02 4.005063990962298703e-02
3.382130153477191925e-02 3.739040545087846112e-02
3.202197328209877014e-02 3.289209087279232335e-02
3.118355351034551859e-02 4.058492011290582013e-02
3.456294850911945105e-02 3.745840270903499913e-02
3.667533479165285826e-02 3.356463871796222520e-02
3.055895667057484388e-02 3.883073655788393808e-02
3.434481483418494463e-02 3.535623117249997449e-02
3.716412640642374754e-02 3.227510689657719922e-02
2.994158247020095587e-02 3.765022489142211271e-02
3.261855815071612597e-02 3.171232077193053556e-02
3.471790172625333071e-02 3.535161344234438729e-02
3.307861485518515110e-02 3.713482934881540132e-02
3.686470654793083668e-02 3.508329358783157659e-02
3.433239483274519444e-02 3.545451012223566067e-02
3.308497928082942963e-02 3.154033596410954488e-02
3.331926248210947961e-02 3.994751336767876637e-02
3.550274872395675629e-02 3.515278535678589833e-02
3.128874224785249680e-02 3.130825852758789551e-02
3.557208336133044213e-02 3.778720238960886491e-02
3.588522826612461358e-02 3.443185670084858430e-02
