3.891592061653127189e-03 4.992424886495609726e-02
0.000000000000000000e+00 0.000000000000000000e+00
5.539047531783580780e-03 9.983777999877929688e-03
6.911413394846022129e-03 1.997815072536468506e-02
9.945523343048989773e-03 2.992483042180538177e-02
1.052065572002902627e-02 3.979926463216543198e-02
1.104100188240408897e-02 4.968377668410539627e-02
1.037681422894820571e-02 5.471361568197607994e-02
1.097537478199228644e-02 5.505749990697950125e-02
8.521418261807411909e-03 5.488908282131887972e-02
7.907089893706142902e-03 5.254329080344177783e-02
7.345644524320960045e-03 5.630592690431512892e-02
7.876485877204686403e-03 5.457557368208654225e-02
5.789814342278987169e-03 5.651298203156329691e-02
6.807241763453930616e-03 5.345094008953310549e-02
7.437990047037601471e-03 5.049959701136685908e-02
9.853222640231251717e-03 5.656604460091330111e-02
1.027427462395280600e-02 5.356349042267538607e-02
1.023195890229544602e-02 5.255940850474871695e-02
1.023714092980299029e-02 5.780597837292589247e-02
1.140417123633596930e-02 5.653446589712984860e-02
1.332873245655719074e-02 5.324542571906931698e-02
1.223673787853840622e-02 5.577182586421258748e-02
1.218731013022988918e-02 5.434379636426456273e-02
1.151245144092172268e-02 5.324967976775951684e-02
1.169139888907011482e-02 5.549925685045309365e-02
1.255504155369635555e-02 5.529485047736670822e-02
1.256053590986994095e-02 5.690477193275000900e-02
1.334002991279703565e-02 5.353694093355443329e-02
1.200813967807334848e-02 5.369526517461054027e-02
1.228445726519566961e-02 5.136012865114025772e-02
1.114788854101789184e-02 5.384040295029990375e-02
1.135316574436728843e-02 5.013808023068122566e-02
1.190129005772178061e-02 5.055402885773219168e-02
1.235135160459321924e-02 5.108758099959231913e-02
1.292841513713938184e-02 5.322379586868919432e-02
1.305026252884999849e-02 5.258171321474947035e-02
1.458322600592509843e-02 5.358702901867218316e-02
1.572108822074369527e-02 5.341530684381723404e-02
1.478751679314882495e-02 4.936992889270186424e-02
1.417945168577716686e-02 4.879342863569036126e-02
1.381957912599318661e-02 5.343939369777217507e-02
1.265796690495335497e-02 4.974311316618695855e-02
1.309389737798483111e-02 4.880724573740735650e-02
1.235983759761438705e-02 5.174468533368781209e-02
1.237961918741348200e-02 5.444160831393674016e-02
1.215516717275022529e-02 5.276292696362361312e-02
1.076003047273843549e-02 5.342882405966520309e-02
1.091756077585159801e-02 5.136438156478106976e-02
9.129598500294378027e-03 5.313889170065522194e-02
9.535671819321578369e-03 5.587372672744095325e-02
