4.362942888383398998e-02 3.998040306239171449e-02
0.000000000000000000e+00 0.000000000000000000e+00
9.359355084598064423e-03 9.557275101542472839e-03
1.841840706765651703e-02 1.761921774595975876e-02
2.715933509171009064e-02 2.531945100054144859e-02
3.602631296962499619e-02 3.355389693751931190e-02
3.768277494236826897e-02 3.292900545056909323e-02
3.739088564179837704e-02 3.159263241104781628e-02
4.044618736952543259e-02 3.775979368947446346e-02
3.789077186957001686e-02 3.309484082274138927e-02
3.622113261371850967e-02 3.568522655405104160e-02
4.279001383110880852e-02 3.230313095264136791e-02
3.858425095677375793e-02 4.030430479906499386e-02
4.201828781515359879e-02 3.664172394201159477e-02
3.982507903128862381e-02 3.800551756285130978e-02
4.026992039871402085e-02 3.405372495763003826e-02
3.810677843284793198e-02 3.317238623276352882e-02
3.648831151076592505e-02 3.634011186659336090e-02
4.216713426285423338e-02 3.284610901027917862e-02
3.948389171273447573e-02 3.990472713485360146e-02
4.011332392110489309e-02 3.618790744803845882e-02
4.184041611733846366e-02 3.202954190783202648e-02
3.572316674399189651e-02 4.015017184428870678e-02
4.250863075139932334e-02 3.471111762337386608e-02
4.072432519751600921e-02 3.236866160295903683e-02
3.892029644339345396e-02 3.501148265786468983e-02
4.112955447635613382e-02 3.418227774091064930e-02
4.472407800494693220e-02 3.241737652570009232e-02
3.870792369707487524e-02 4.038834851235151291e-02
4.196355547173880041e-02 3.454718878492712975e-02
4.044241036172024906e-02 3.389285912271589041e-02
3.915395223884843290e-02 3.204983053728938103e-02
3.944390141987241805e-02 3.854592377319931984e-02
3.949552380800014362e-02 3.446061210706830025e-02
3.601187795720761642e-02 2.958397846668958664e-02
3.987107591092353687e-02 3.186768875457346439e-02
4.343906466237967834e-02 3.682461823336780071e-02
4.226668006594991311e-02 3.398315352387726307e-02
4.102803780551766977e-02 3.679199726320803165e-02
3.995873164240038022e-02 3.280347562395036221e-02
4.266834552254294977e-02 3.781747794710099697e-02
3.967459490377223119e-02 3.320147260092198849e-02
3.910062720387941226e-02 3.110980382189154625e-02
4.391471554845338687e-02 3.480875352397561073e-02
4.006400054640835151e-02 3.187953587621450424e-02
4.356932828522985801e-02 3.133884130511432886e-02
3.786370858870213851e-02 3.945022134575992823e-02
4.402947753987973556e-02 3.480285790283232927e-02
4.119197933323448524e-02 3.315664443653076887e-02
4.115111796636483632e-02 3.209695732221007347e-02
4.319383223992190324e-02 3.202874219277873635e-02
