4.031649075197038697e-03 4.991869597695150484e-02
0.000000000000000000e+00 0.000000000000000000e+00
6.901726592332124710e-03 9.998125024139881134e-03
1.282507879659533501e-02 1.936570741236209869e-02
1.615260331891477108e-02 2.902714349329471588e-02
1.700466242618858814e-02 3.876514732837677002e-02
1.687800315266940743e-02 4.792190250009298325e-02
1.636418492125812918e-02 4.878882941557094455e-02
1.568433556531090289e-02 5.254396720556542277e-02
1.661924274230841547e-02 5.312339944066479802e-02
1.637185069557745010e-02 5.346845550229772925e-02
1.550162649073172361e-02 5.645804450614377856e-02
1.569572424341458827e-02 5.512036726577207446e-02
1.596157882886473089e-02 5.608411715365946293e-02
1.533167577872518450e-02 5.497200717218220234e-02
1.556778527447022498e-02 5.324289796408265829e-02
1.581996656022965908e-02 5.339129206549841911e-02
1.579179561849741731e-02 5.216305430803913623e-02
1.484936515953449998e-02 5.175332484941463917e-02
1.537210744027106557e-02 4.982989669952075928e-02
1.490310890403634403e-02 5.122603061317931861e-02
1.510881764443183783e-02 5.310391429520677775e-02
1.450520914841035847e-02 5.137315455067437142e-02
1.482746166038850788e-02 4.896660863596480340e-02
1.418772087527031545e-02 5.116518067370634526e-02
1.448772056937741581e-02 5.198465868306811899e-02
1.309702266917156521e-02 5.022235795331653208e-02
1.330413687719556037e-02 4.914152609126176685e-02
1.269396948373469058e-02 5.126881469914223999e-02
1.194312383631768171e-02 5.174526204064022750e-02
1.120454242663981859e-02 5.248018608835991472e-02
1.063512796281429473e-02 5.284393414331134409e-02
9.926971173626952805e-03 5.322634561161976308e-02
1.174870483555423561e-02 5.111252183269243687e-02
1.195734015527705196e-02 5.098501020984258503e-02
1.218770375453459565e-02 5.291098168527241796e-02
1.244787922223622445e-02 5.202684037794824690e-02
1.252514591215003747e-02 4.814871259441133589e-02
1.042054339086462278e-02 4.906574792403262109e-02
1.089479487745848019e-02 4.741685993212740868e-02
8.892235508028534241e-03 4.830359462357591838e-02
7.081230100084212609e-03 5.090993158228229731e-02
7.082697566374918097e-03 4.834002842835616320e-02
7.025467572248089709e-03 5.171293350576888770e-02
6.710318141131210723e-03 4.927573543682228774e-02
5.922597474864232936e-03 4.899019880394916981e-02
4.599250960609424510e-03 4.659868164162617177e-02
3.883800926132607856e-03 5.063965117733459920e-02
2.835475015899646678e-03 5.143444809073116630e-02
3.005609314868706861e-03 5.095597957551945001e-02
2.342970800100374618e-03 5.048907910531852394e-02
