2.162810130352569443e-02 4.763311545784264245e-02
0.000000000000000000e+00 0.000000000000000000e+00
5.638792179524898529e-03 9.913691319525241852e-03
1.085874997079372406e-02 1.983537897467613220e-02
1.541315251961350441e-02 2.976866997778415680e-02
1.633850386133417487e-02 3.962073102593421936e-02
1.710585405817255378e-02 4.814413096755743027e-02
1.665270855301059783e-02 4.787311222753487527e-02
1.741700698039494455e-02 5.046324999420903623e-02
1.787884044460952282e-02 5.049251945092692040e-02
1.618097419850528240e-02 4.513488098382367752e-02
1.752457616385072470e-02 4.574421804500161670e-02
1.790662642451934516e-02 5.313963780281483196e-02
1.619853611919097602e-02 5.210620059733628295e-02
1.481675330433063209e-02 4.978940274668275379e-02
1.532669129665009677e-02 4.733630816554068588e-02
1.515410009596962482e-02 4.878169810035615228e-02
1.361192770127672702e-02 5.263497610212652944e-02
1.527209587220568210e-02 5.054835392729728483e-02
1.480744786385912448e-02 5.190047097494243644e-02
1.179870807391125709e-02 4.566448821788071655e-02
1.344419196539092809e-02 5.089945101281045936e-02
1.329852417984511703e-02 4.856948286396800540e-02
1.432101566751953214e-02 4.907630948218866251e-02
1.541537359298672527e-02 4.697969770859344862e-02
1.442507944011595100e-02 4.660339332986040972e-02
1.632304860686417669e-02 4.798160172867937945e-02
1.346599891257937998e-02 4.752655126139870845e-02
1.297426478413399309e-02 5.110323041662923060e-02
1.197065853921230882e-02 4.900087447822443210e-02
1.144287250644993037e-02 4.741132954586646520e-02
1.198196072073187679e-02 4.547604484469047748e-02
1.252975837269332260e-02 4.392392860245308839e-02
1.135174358205404133e-02 5.136072841924033128e-02
9.686429737485013902e-03 4.992370874606422149e-02
9.155260559055022895e-03 4.865886011612019502e-02
9.227833979821298271e-03 4.565175037350854836e-02
7.383198979368899018e-03 5.083517517414293252e-02
9.143800976744387299e-03 4.677805324536166154e-02
8.777755756455007941e-03 4.634830317445448600e-02
6.801343268307391554e-03 4.795044971615425311e-02
9.086281272175256163e-03 4.420882076010457240e-02
9.864877654763404280e-03 4.740829075672081672e-02
9.928145598678383976e-03 4.972411118433228694e-02
7.949992701469454914e-03 4.963174246586277150e-02
1.088309419719735160e-02 5.015770339741720818e-02
1.241849785583326593e-02 4.892976075279875658e-02
1.267199879657709971e-02 4.708828130605979823e-02
1.342310434120008722e-02 4.293332254383130930e-02
1.438961984968045726e-02 4.906711825969978236e-02
1.480751278722891584e-02 4.741292731705470942e-02
