2.148230006915165247e-02 4.766529979342164214e-02
0.000000000000000000e+00 0.000000000000000000e+00
9.504531510174274445e-03 9.943329729139804840e-03
1.720876293256878853e-02 1.993467565625905991e-02
2.382397605106234550e-02 2.988413069397211075e-02
3.031839290633797646e-02 3.982346877455711365e-02
3.040635982324602082e-02 4.870240017771720886e-02
2.784926933964015916e-02 5.234819930046796799e-02
2.699815377854974940e-02 4.905712418258190155e-02
2.522404003684641793e-02 4.826389782829210162e-02
2.461138240323634818e-02 4.796559506212361157e-02
2.349893260543467477e-02 4.902950572432018816e-02
2.231320553255500272e-02 5.035915182088501751e-02
2.300497581745730713e-02 5.063792035798542202e-02
2.514434135082410648e-02 4.985050068353302777e-02
2.591592586395563558e-02 4.917679834761656821e-02
2.402511996479006484e-02 4.754915056400932372e-02
2.411399764241650701e-02 4.713751075905747712e-02
2.146321284817531705e-02 4.758257148205302656e-02
2.255154115846380591e-02 4.577458914718590677e-02
2.220901116379536688e-02 4.558139678556472063e-02
2.109973775804974139e-02 4.556201454761321656e-02
2.165102827711962163e-02 4.656416047873790376e-02
2.296114663477055728e-02 4.820045093583757989e-02
2.293915609698160551e-02 4.931366185701335780e-02
2.207100670420913957e-02 4.874414547157357447e-02
2.282340923193260096e-02 5.062378981892834418e-02
2.232562581411912106e-02 4.580781508047948591e-02
2.433209324590279721e-02 4.493475488197873347e-02
2.373738673850311898e-02 4.232408471216331236e-02
2.385474947004695423e-02 4.856605680470238440e-02
2.250468761849333532e-02 4.952635911104152910e-02
2.230687649353058077e-02 4.645099203844438307e-02
2.009100467330426909e-02 4.825443429217557423e-02
1.997465402746456675e-02 4.988426847194205038e-02
2.107234981303918175e-02 4.517735300396452658e-02
2.119878198936930858e-02 4.598610339962760918e-02
2.129569079625071026e-02 5.098545229338924401e-02
2.263411193052888848e-02 4.685488626637379639e-02
2.094668662539334036e-02 5.014779958219151013e-02
2.334733028328628279e-02 4.427689434305648319e-02
2.236171986805857159e-02 4.450090646787430160e-02
2.356871625306666829e-02 4.556734683501417749e-02
2.312880775207304396e-02 4.705415128773893230e-02
2.260582111557596363e-02 4.403509081384981982e-02
2.224930786542245187e-02 4.350521151718567125e-02
2.108153785593458451e-02 4.483737055488745682e-02
2.133594596307375468e-02 4.456437176486360840e-02
2.234400951783754863e-02 4.086123902743565850e-02
2.242113912143395282e-02 4.582958046739804558e-02
2.046226646416471340e-02 4.058306228762376122e-02
