4.224459047644392624e-03 4.991072988300493396e-02
0.000000000000000000e+00 0.000000000000000000e+00
3.777093719691038132e-03 9.982485324144363403e-03
6.606101756915450096e-03 1.997051574289798737e-02
7.750203367322683334e-03 2.972575742751359940e-02
8.030893543036654592e-03 3.915339056402444839e-02
6.901988788740709424e-03 4.900991450995206833e-02
7.985969568835571408e-03 5.331248277798295021e-02
5.610834137769415975e-03 5.203207966405898333e-02
3.595947549911215901e-03 5.066785041708499193e-02
4.174266388872638345e-03 5.257465539034456015e-02
5.339699244359508157e-03 5.396897136233747005e-02
5.315022921422496438e-03 5.381365001085214317e-02
4.439441458089277148e-03 4.929102139431051910e-02
6.465095764724537730e-03 5.566864667343907058e-02
6.282635222305543721e-03 5.149985730531625450e-02
5.636321802739985287e-03 5.255605044658295810e-02
7.915240901638753712e-03 5.077164477552287281e-02
9.295988435042090714e-03 5.660397835890762508e-02
1.124965709459502250e-02 5.464775391737930477e-02
1.154930512711871415e-02 4.933547458495013416e-02
1.311527642246801406e-02 5.564392494852654636e-02
1.087354992341715842e-02 5.355060865986160934e-02
1.230414603196550161e-02 4.998094981419853866e-02
1.214420651376713067e-02 5.161734644207172096e-02
1.384999726724345237e-02 5.238581242156215012e-02
1.596226550464052707e-02 4.936988538247533143e-02
1.539754129771608859e-02 5.458093693596310914e-02
1.674874634773004800e-02 5.293722209171392024e-02
1.492445504118222743e-02 5.455467748106457293e-02
1.441967762366402894e-02 5.087996894144453108e-02
1.458641803765203804e-02 4.953438512166030705e-02
1.556211865681689233e-02 5.331569424015469849e-02
1.552689290838316083e-02 5.395237912307493389e-02
1.645797706441953778e-02 5.445003855857066810e-02
1.622430719726253301e-02 5.064561610925011337e-02
1.516921266738791019e-02 5.275996445561759174e-02
1.566719992842990905e-02 5.364151354297064245e-02
1.646603802510071546e-02 5.422880526748485863e-02
1.554252488131169230e-02 5.354295790311880410e-02
1.771260706300381571e-02 5.278454007930122316e-02
1.749254850437864661e-02 5.613813464879058301e-02
1.936132338596507907e-02 5.110574243008159101e-02
1.825687795644626021e-02 5.431533450610004365e-02
1.815407723188400269e-02 5.470527999568730593e-02
1.757286518113687634e-02 5.713739257771521807e-02
1.683993730694055557e-02 5.404299835208803415e-02
1.722197089111432433e-02 5.207348323892802000e-02
1.578932738630101085e-02 5.102819902822375298e-02
1.463448739377781749e-02 5.530112469568848610e-02
1.515862677479162812e-02 5.167240835726261139e-02
