4.310661032208164961e-02 4.023203503490434263e-02
0.000000000000000000e+00 0.000000000000000000e+00
9.824071079492568970e-03 9.532805532217025757e-03
1.693790918216109276e-02 1.913705933839082718e-02
2.531580207869410515e-02 2.663201186805963516e-02
2.824741951189935207e-02 3.531619254499673843e-02
2.977048384491354227e-02 3.842356614768505096e-02
3.375271672848612070e-02 4.081274429336190224e-02
3.526429529301822186e-02 3.878457238897681236e-02
3.306901804171502590e-02 4.127478878945112228e-02
3.826774447225034237e-02 4.200655501335859299e-02
3.600761201232671738e-02 4.175269705592654645e-02
3.308040881529450417e-02 4.066358073032461107e-02
3.408600704278796911e-02 4.039313062094151974e-02
3.576274286024272442e-02 3.826678986661136150e-02
3.567708323680562899e-02 3.779979285900481045e-02
3.598674604290863499e-02 4.088565756683237851e-02
3.448766780638834462e-02 3.899525213637389243e-02
2.923141451174160466e-02 3.952572870184667408e-02
3.286045751156052575e-02 3.417815317516215146e-02
3.128177727194270119e-02 4.197245466639287770e-02
3.323903292039176449e-02 4.225489127566106617e-02
3.392888869711896405e-02 3.932670110953040421e-02
3.902493215719005093e-02 3.764367933035828173e-02
3.195721221709391102e-02 3.997376319603063166e-02
3.182687355001689866e-02 3.951405404950492084e-02
3.153515590383904055e-02 3.643733260105364025e-02
2.978654165781335905e-02 3.897543551283888519e-02
3.273581277608172968e-02 3.984310509986244142e-02
3.226128710230113938e-02 4.020297527313232422e-02
3.451390029658796266e-02 4.486029595136642456e-02
3.046043986250879243e-02 4.166489467024803162e-02
3.096811642899410799e-02 3.817486157640814781e-02
3.400440800032811239e-02 3.483418235555291176e-02
3.062605608283774927e-02 4.040335165336728096e-02
3.115589248045580462e-02 3.874658932909369469e-02
2.872258477873401716e-02 3.708348143845796585e-02
3.536406072817044333e-02 3.792944655288010836e-02
3.226540244213538244e-02 3.615173394791781902e-02
3.401176603074418381e-02 4.071181803010404110e-02
3.031560866656946018e-02 3.874745406210422516e-02
3.279383382323430851e-02 3.631199337542057037e-02
3.377867659582989290e-02 3.744447918143123388e-02
3.040882439381675795e-02 3.851027099881321192e-02
3.620829998544650152e-02 4.105057788547128439e-02
3.654972848744364455e-02 4.018494382034987211e-02
3.784101422206731513e-02 3.771920467261224985e-02
3.389792668895097449e-02 3.467905439902096987e-02
3.048375726939411834e-02 3.659246000461280346e-02
3.573148477153154090e-02 3.405286232009530067e-02
3.490600037184776738e-02 3.544539969880133867e-02
