4.997499803930494956e-03 4.987504691217779784e-02
0.000000000000000000e+00 0.000000000000000000e+00
5.182263907045125961e-03 9.914244525134563446e-03
9.793505538254976273e-03 1.987959723919630051e-02
1.471987320110201836e-02 2.970889862626791000e-02
1.835935306735336781e-02 3.964807279407978058e-02
2.096599992364645004e-02 4.917347989976406097e-02
1.879138709045946598e-02 4.943156204535625875e-02
1.587225683033466339e-02 4.849496271344833076e-02
1.610555536171887070e-02 5.176499739172868431e-02
1.596445984614547342e-02 5.445493824663572013e-02
1.890286871639546007e-02 5.464158661197870970e-02
1.891385623639507685e-02 5.557087186025455594e-02
2.039985719056858215e-02 5.257838388206437230e-02
2.070654811723215971e-02 5.194284522440284491e-02
1.995014136809913907e-02 5.151836539153009653e-02
1.869452307619212661e-02 5.552219285164028406e-02
1.731954822935222182e-02 5.401577136944979429e-02
1.890658976662962232e-02 5.190652341116219759e-02
1.783681340202747378e-02 4.950164060574024916e-02
1.584255048692284618e-02 4.988616207265295088e-02
1.689059199452458415e-02 5.074084262014366686e-02
1.656629863464331720e-02 5.035890263388864696e-02
1.459814069130516145e-02 4.961893838481046259e-02
1.408250690474233124e-02 5.194728300557471812e-02
1.480427503156533930e-02 5.448095724568702281e-02
1.363865556231758092e-02 5.162511151866056025e-02
1.475498501713445876e-02 4.946119958185590804e-02
1.594330605621507857e-02 4.988578610937111080e-02
1.466384590639790986e-02 4.977720015449449420e-02
1.348494414742162917e-02 4.628680826863273978e-02
1.150408994908502791e-02 5.092494463315233588e-02
1.348001838232448790e-02 5.001255130628123879e-02
1.268721880660450552e-02 4.724011156940832734e-02
1.411174117856717203e-02 5.368992272997274995e-02
1.444649276709242258e-02 4.983842681394889951e-02
1.537091785030497704e-02 5.469436600105836987e-02
1.369375700051023159e-02 5.194999423110857606e-02
1.353707964335626457e-02 5.358424264704808593e-02
1.458825644840544555e-02 5.516676505794748664e-02
1.359413141653931234e-02 5.484438559506088495e-02
1.373676413822977338e-02 5.621372477617114782e-02
1.520429603442607913e-02 5.149561853613704443e-02
1.368050806377141271e-02 5.209884018404409289e-02
1.509352080211101566e-02 5.338707420742139220e-02
1.563819398324994836e-02 5.646770441671833396e-02
1.879027106951980386e-02 5.425369407748803496e-02
1.668407016586570535e-02 5.405429389793425798e-02
1.441803032685129438e-02 5.612004909198731184e-02
1.292827719043998513e-02 5.326506530400365591e-02
1.342260231649561320e-02 5.144307657610625029e-02
