4.339361744441539576e-02 4.009436145002487351e-02
0.000000000000000000e+00 0.000000000000000000e+00
9.941494092345237732e-03 9.561712853610515594e-03
1.788141299039125443e-02 1.722993608564138412e-02
2.592184580862522125e-02 2.088585123419761658e-02
3.570951987057924271e-02 2.771543944254517555e-02
4.217851674184203148e-02 2.820344650535844266e-02
3.607719717547297478e-02 2.913081724545918405e-02
4.416869161650538445e-02 2.553305597393773496e-02
3.989282716065645218e-02 3.395981257199309766e-02
4.655092349275946617e-02 2.750010378076694906e-02
4.026905819773674011e-02 3.410987983806990087e-02
4.451459925621747971e-02 2.692386656417511404e-02
3.878137236461043358e-02 3.318817410035990179e-02
4.693644912913441658e-02 2.901865783496759832e-02
3.853350365534424782e-02 3.532844837172888219e-02
4.218197776935994625e-02 3.026926060556434095e-02
4.309038474457338452e-02 2.685337871662341058e-02
4.186062834924086928e-02 3.265912117785774171e-02
4.469951888313516974e-02 2.949949572212062776e-02
3.944619925459846854e-02 2.827683460782282054e-02
4.058989678742364049e-02 2.495537532377056777e-02
3.941113088512793183e-02 3.358509039389900863e-02
4.483673168579116464e-02 3.149333570036105812e-02
4.087170731509104371e-02 2.735241709160618484e-02
4.343112470814958215e-02 2.637707532267086208e-02
4.260172013891860843e-02 2.538054165779612958e-02
4.245064144197385758e-02 3.116359756677411497e-02
4.425632829952519387e-02 2.407480086549185216e-02
4.001890883955638856e-02 3.393328152014873922e-02
4.148122288461308926e-02 3.081417767680250108e-02
4.650304272945504636e-02 2.423793668276630342e-02
3.736028067942243069e-02 3.331280531710945070e-02
4.179859759460669011e-02 2.911298102117143571e-02
4.306134457874577492e-02 2.708960356540046632e-02
4.004294511105399579e-02 2.490132101229391992e-02
3.974269387254025787e-02 2.607608327525667846e-02
4.041425102332141250e-02 3.207900535198859870e-02
4.437278128170873970e-02 2.477153317886404693e-02
3.866182976344134659e-02 3.393691146629862487e-02
4.570565848553087562e-02 2.970471300068311393e-02
3.922249619790818542e-02 3.300580775248818099e-02
4.593571006262209266e-02 2.959332146565429866e-02
4.396575862483587116e-02 2.686552747036330402e-02
3.902287442178931087e-02 3.263206311385147274e-02
4.608227206335868686e-02 2.790060357074253261e-02
3.968974329472985119e-02 2.996073800022713840e-02
4.273144701437558979e-02 2.376118392567150295e-02
3.624895527900662273e-02 3.209619500557892025e-02
4.281840739713516086e-02 2.762502708355896175e-02
4.074769803264643997e-02 2.261171906138770282e-02
