4.237401540358176621e-02 4.057837942123393438e-02
0.000000000000000000e+00 0.000000000000000000e+00
9.821019135415554047e-03 7.590326946228742599e-03
1.963145192712545395e-02 1.350061595439910889e-02
2.795668970793485641e-02 2.070475509390234947e-02
3.521143086254596710e-02 2.545985253527760506e-02
4.026088351383805275e-02 2.433148003183305264e-02
3.952457068953663111e-02 2.962766238488256931e-02
4.471965052653104067e-02 2.811146574094891548e-02
4.278405709192156792e-02 2.389544853940606117e-02
4.182498855516314507e-02 3.226924734190106392e-02
4.193576140096411109e-02 2.783989533782005310e-02
3.940744808642193675e-02 3.294980851933360100e-02
4.556013987166807055e-02 2.980654221028089523e-02
4.233104217564687133e-02 3.327192529104650021e-02
4.516300786053761840e-02 3.265484317671507597e-02
3.989529184764251113e-02 3.169721114682033658e-02
4.387559083988890052e-02 2.860900998348370194e-02
3.874993225326761603e-02 3.521645866567268968e-02
4.568930057575926185e-02 3.358682600082829595e-02
4.098265193169936538e-02 2.816631580935791135e-02
4.094667754907277413e-02 2.668504446046426892e-02
4.171885333562386222e-02 3.347448661224916577e-02
4.422756277563166805e-02 3.210769494762644172e-02
4.020862786637735553e-02 3.131868800846859813e-02
3.899745438320678659e-02 3.224593121558427811e-02
4.182263584880274720e-02 2.773653483018279076e-02
3.746227482406538911e-02 2.782376503455452621e-02
4.463192662296933122e-02 3.141042913193814456e-02
3.938663872031611390e-02 2.788913107360713184e-02
3.958904416140285321e-02 3.146531662787310779e-02
4.467157040562597103e-02 2.892812105710618198e-02
3.878360100861755200e-02 3.561339477892033756e-02
4.257996728483703919e-02 2.948773975367657840e-02
4.074461396157857962e-02 3.306504825013689697e-02
4.768061089635011740e-02 2.984589917468838394e-02
4.195830748722073622e-02 3.146065209875814617e-02
4.628919401511666365e-02 2.651991599122993648e-02
4.358793060600874014e-02 2.715666402946226299e-02
3.835473173603531905e-02 3.175897474284283817e-02
4.444919350862619467e-02 2.702919064904563129e-02
4.125345066495356150e-02 2.766683991649188101e-02
4.554745262794313021e-02 3.168698228546418250e-02
4.066632954709348269e-02 3.685859093093313277e-02
4.685158223219332285e-02 3.348953151726163924e-02
4.191243682362255640e-02 2.981233634636737406e-02
4.155781840745476075e-02 3.317135354154743254e-02
4.624763199899462052e-02 3.153394363471306860e-02
4.278155228894320317e-02 3.527215859503485262e-02
4.629432688307133503e-02 3.059063563705421984e-02
4.104324708532658406e-02 2.931687785894609988e-02
