2.494806013128004346e-02 4.683797961381699904e-02
0.000000000000000000e+00 0.000000000000000000e+00
9.086582809686660767e-03 9.862377308309078217e-03
1.576884277164936066e-02 1.956097781658172607e-02
2.312130061909556389e-02 2.948651369661092758e-02
2.743776887655258179e-02 3.911405708640813828e-02
2.769408194581046700e-02 4.751272965222597122e-02
2.360664174193516374e-02 4.688009730307385325e-02
2.083366556325927377e-02 4.487045522546395659e-02
2.208192035323008895e-02 4.956596106057986617e-02
2.170629010652191937e-02 4.724296176573261619e-02
2.254371866001747549e-02 4.409748938633129001e-02
2.154904112103395164e-02 4.990917554823681712e-02
1.963421874097548425e-02 4.848504479741677642e-02
1.761148878722451627e-02 4.640897939680144191e-02
1.990523151471279562e-02 4.969154897844418883e-02
1.823098838212899864e-02 4.800584859913215041e-02
1.992422164767049253e-02 4.677953309146687388e-02
2.030562699656002223e-02 5.186200671596452594e-02
1.886385687976144254e-02 5.125803046394139528e-02
2.234251270419918001e-02 4.744902078527957201e-02
2.112590204342268407e-02 4.472943965811282396e-02
1.768858692958019674e-02 5.119599972385913134e-02
1.934949410497210920e-02 4.925362509675323963e-02
1.972027670126408339e-02 4.759016679599881172e-02
1.826685201376676559e-02 4.848622484132647514e-02
2.055791392922401428e-02 4.853102130800834857e-02
2.140533103374764323e-02 4.800090836579329334e-02
1.859170099487528205e-02 4.882056641145027243e-02
1.730927970493212342e-02 5.058747218208736740e-02
1.668892055749893188e-02 5.154814882189384662e-02
1.774506957735866308e-02 4.815511995911947452e-02
2.039129531476646662e-02 5.015732821993879043e-02
2.094894921174272895e-02 4.780740136266103946e-02
2.140065107960253954e-02 5.234831929192296229e-02
2.163902674510609359e-02 5.563745842300704680e-02
2.113373314205091447e-02 5.444547577280900441e-02
2.343424355785828084e-02 5.293352828812203370e-02
2.186352763965260237e-02 5.110470167346647941e-02
2.457237620546948165e-02 5.307300560161820613e-02
2.161387474916409701e-02 5.134487090617767535e-02
2.256996899086516351e-02 4.920747349024168216e-02
2.335321098507847637e-02 4.936326453389483504e-02
2.487630279210861772e-02 5.124263949619489722e-02
2.362089905363973230e-02 5.082744428000296466e-02
2.196471368370112032e-02 5.063118764883256517e-02
2.295085704827215523e-02 5.176229067365056835e-02
2.226063526177313179e-02 5.515353256123489700e-02
2.472814112843479961e-02 5.262305555152124725e-02
2.596431515121366829e-02 5.527356793390936218e-02
2.498061080405022949e-02 5.324777066925889812e-02
