5.340760927510991574e-03 4.985727951789580004e-02
0.000000000000000000e+00 0.000000000000000000e+00
5.603878293186426163e-03 9.748660959303379059e-03
1.004023524001240730e-02 1.971236895769834518e-02
1.274988264776766300e-02 2.967559359967708588e-02
1.657834253273904324e-02 3.965594805777072906e-02
1.761444890871644020e-02 4.722205176949501038e-02
1.536488789133727551e-02 5.138978501781821251e-02
1.394122745841741562e-02 5.539704440161585808e-02
1.383265163894975558e-02 5.629779095761477947e-02
1.430488492042059079e-02 5.471515120007097721e-02
1.381839003443019465e-02 5.561722692800685763e-02
1.471523964573862031e-02 5.697008903371170163e-02
1.404478756739990786e-02 5.718948299181647599e-02
1.464497531560482457e-02 5.783656533458270133e-02
1.281167474371613935e-02 6.000319044687785208e-02
1.309032407152699307e-02 5.795918815420009196e-02
1.207202458317624405e-02 5.663037594058550894e-02
1.302830718486802652e-02 5.346026612096466124e-02
1.256479824223788455e-02 5.311084582353942096e-02
1.226753259106772020e-02 5.560028387117199600e-02
1.231089497014181688e-02 5.534151865867897868e-02
1.259820603445405141e-02 5.355668981792405248e-02
1.121774697821820155e-02 5.275877972599118948e-02
9.905667022394482046e-03 5.327582737663760781e-02
8.058634215558413416e-03 5.352121731266379356e-02
7.817766490916255862e-03 5.419680138584226370e-02
5.589193526247981936e-03 5.349778552772477269e-02
4.198974791506770998e-03 5.302178044803440571e-02
5.341030751878861338e-03 5.171915434766560793e-02
5.214088952925521880e-03 4.932214401196688414e-02
6.377868478011805564e-03 5.334661144297569990e-02
6.067610818718094379e-03 5.422192707192152739e-02
5.654247252095956355e-03 5.346367671154439449e-02
4.745961872686166316e-03 5.221077520400285721e-02
5.300903758325148374e-03 5.192737182369455695e-02
5.474042140122037381e-03 5.552772473311051726e-02
6.558717919688206166e-03 5.297460331348702312e-02
7.089956248819362372e-03 5.098585918312892318e-02
7.092938865071118926e-03 5.235557985724881291e-02
6.339371660260439967e-03 5.145879817428067327e-02
5.864266034450338339e-03 5.199158500181511045e-02
6.376223425149873947e-03 5.240409681573510170e-02
6.868405170507685398e-03 5.020749522373080254e-02
7.209901629948944901e-03 5.181743332650512457e-02
6.972628068297126447e-03 5.532573175150901079e-02
8.111805077760436689e-03 5.503348124329932034e-02
7.959852581961968099e-03 5.597717178170569241e-02
7.995771532705475693e-03 5.446772408322431147e-02
7.193593189413149958e-03 5.631309692398644984e-02
7.163007068129445543e-03 5.560544316540472209e-02
