4.180894732608927272e-02 4.084058522204869757e-02
0.000000000000000000e+00 0.000000000000000000e+00
9.807571768760681152e-03 9.863330982625484467e-03
1.928904373198747635e-02 1.818408537656068802e-02
2.817731164395809174e-02 2.665784861892461777e-02
3.407464036718010902e-02 3.198493039235472679e-02
3.666867502033710480e-02 2.939046896062791348e-02
3.652578183391597122e-02 3.777288435958325863e-02
4.081269317248370498e-02 3.610157012008130550e-02
3.870883221679832786e-02 3.348371037282049656e-02
3.490478509047534317e-02 3.675572038628160954e-02
3.904017676541116089e-02 3.280038828961551189e-02
3.359134086349513382e-02 3.433915367349982262e-02
3.669436565542127937e-02 3.341474762419238687e-02
3.227688894548919052e-02 3.646595572354272008e-02
3.736212347575929016e-02 3.605508423061110079e-02
4.023418399447109550e-02 3.381053186603821814e-02
3.598889159911777824e-02 4.114923547604121268e-02
3.838912640640046448e-02 3.514121394255198538e-02
3.805812333303038031e-02 3.687725882628001273e-02
3.505520570615772158e-02 3.304433697485364974e-02
3.187634820642415434e-02 3.680024846107698977e-02
3.369965661840979010e-02 3.498442101408727467e-02
3.408970702730584890e-02 3.288055051234550774e-02
3.074259585991967469e-02 3.372513517388142645e-02
3.775260127440560609e-02 3.221640459378249943e-02
3.793662584212142974e-02 4.013015146483667195e-02
3.595097929064650089e-02 4.414234499563463032e-02
3.809254437510389835e-02 4.039619144168682396e-02
3.968453787092585117e-02 3.678344914806075394e-02
3.458434909407515079e-02 4.308128429693169892e-02
3.844554752868134528e-02 4.033497537602670491e-02
3.811316880455706269e-02 3.804549554479308426e-02
3.619758169224951416e-02 3.655253388569690287e-02
3.227111314481589943e-02 3.627654889714904130e-02
3.194259262818377465e-02 3.363210315001197159e-02
3.692431531089823693e-02 3.399203650769777596e-02
3.539002027537208050e-02 3.689890497480519116e-02
3.756203262310009450e-02 3.539140513748861849e-02
3.471995324071031064e-02 4.226641441346146166e-02
3.924584474589210004e-02 3.725749943987466395e-02
3.814815792429726571e-02 3.880643940647132695e-02
4.231336635712068528e-02 3.826747517450712621e-02
3.699442760262172669e-02 3.887929421034641564e-02
3.378660713497083634e-02 3.476686475914902985e-02
3.551972417335491627e-02 3.794075947371311486e-02
3.974239381204824895e-02 3.582671753247268498e-02
3.697491197090130299e-02 3.958525162306614220e-02
3.462335553194861859e-02 3.404828792554326355e-02
3.839421474549453706e-02 3.626089569297619164e-02
4.119464840914588422e-02 3.963063823175616562e-02
