2.371758715562870268e-02 4.714667292046165192e-02
0.000000000000000000e+00 0.000000000000000000e+00
9.109948761761188507e-03 9.628335945308208466e-03
1.540835248306393623e-02 1.867744140326976776e-02
1.877721771597862244e-02 2.785512153059244156e-02
2.178245037794113159e-02 3.745771851390600204e-02
2.412889921106398106e-02 4.718318395316600800e-02
2.349421230610460043e-02 4.642924183281138539e-02
2.092521649319678545e-02 5.008800845826044679e-02
2.778794022742658854e-02 4.786797688575461507e-02
2.430642757099121809e-02 4.285247280495241284e-02
2.081807598005980253e-02 4.714748571859672666e-02
2.313066588249057531e-02 4.959548177430406213e-02
2.087136625777930021e-02 4.527960956329479814e-02
1.830881542991846800e-02 5.124606756726279855e-02
2.451067871879786253e-02 4.686941072577610612e-02
2.701505122240632772e-02 4.830741923069581389e-02
2.405919029843062162e-02 4.595987912034615874e-02
2.334532991517335176e-02 5.124098894884809852e-02
2.619711041916161776e-02 4.586409445619210601e-02
2.704873797483742237e-02 5.242068407824262977e-02
2.107204287312924862e-02 4.695926973363384604e-02
2.154048171360045671e-02 4.777753778034821153e-02
2.386776159983128309e-02 5.081967293517664075e-02
2.292683016275987029e-02 5.058492123498581350e-02
2.440178039250895381e-02 4.935538765857927501e-02
2.429047468467615545e-02 4.515525835449807346e-02
2.387694959179498255e-02 5.251888043130747974e-02
2.466546421055682003e-02 4.624152320320717990e-02
2.047666584257967770e-02 4.587379057193174958e-02
2.392220057663507760e-02 5.151694599771872163e-02
2.607550777611322701e-02 5.037628236459568143e-02
2.180130899068899453e-02 4.908169637201353908e-02
2.352235969738103449e-02 4.461267468286678195e-02
2.357380208195536397e-02 4.712907056091353297e-02
2.519492082865326665e-02 4.113151709316298366e-02
2.468649681759416126e-02 4.969192406861111522e-02
2.101039245826541446e-02 4.659882205305621028e-02
2.236665086456923746e-02 4.799156560329720378e-02
2.237993912422098219e-02 5.172348156338557601e-02
1.958702286356128752e-02 5.083549517439678311e-02
2.470348789938725531e-02 4.933040816104039550e-02
1.900543473311699927e-02 4.522369609912857413e-02
2.488957872265018523e-02 4.284578439546748996e-02
2.675014248234219849e-02 4.988238931400701404e-02
2.263200262677855790e-02 4.417614237172529101e-02
2.717205489170737565e-02 5.362339288694784045e-02
2.330585222807712853e-02 4.900621919659897685e-02
2.519873835262842476e-02 4.736813454655930400e-02
2.274746520561166108e-02 4.549149371450766921e-02
2.043209181283600628e-02 5.011360015487298369e-02
