4.115640028696465613e-02 4.113808597627632846e-02
0.000000000000000000e+00 0.000000000000000000e+00
9.880121797323226929e-03 9.800965897738933563e-03
1.914362050592899323e-02 1.948486361652612686e-02
2.779153268784284592e-02 2.888190001249313354e-02
3.452183026820421219e-02 3.453134000301361084e-02
3.916515735909342766e-02 3.008834784850478172e-02
3.216765169054269791e-02 3.947062371298670769e-02
3.612633002921938896e-02 3.589896159246563911e-02
3.746437199879437685e-02 3.772546956315636635e-02
3.456611477304250002e-02 3.533285809680819511e-02
3.977559891063719988e-02 3.548507166851777583e-02
3.963204291358124465e-02 3.937775439408142120e-02
3.898083597596269101e-02 3.680887662630993873e-02
3.979520230495836586e-02 3.682725393082364462e-02
4.079199336410965770e-02 3.298745239953859709e-02
3.927142648899462074e-02 4.186197585295303725e-02
3.990370417886879295e-02 3.528505965005024336e-02
3.299159846210386604e-02 3.746761596630676650e-02
3.546474185714032501e-02 3.085409086997970007e-02
3.637525286467280239e-02 3.402349032330675982e-02
3.519585936737712473e-02 3.003981761503382586e-02
3.829545107146259397e-02 3.546002559232874773e-02
3.645257499010767788e-02 3.412329853381379507e-02
4.044467803032603115e-02 3.583010012152954005e-02
4.067080850654747337e-02 3.688617160878493451e-02
4.124148956907447428e-02 3.788907097987248562e-02
4.160137644794303924e-02 3.527046966701163910e-02
3.855085962277371436e-02 4.176034027113928460e-02
4.106679426331538707e-02 3.685115364714874886e-02
3.857546609651762992e-02 3.833876159842475317e-02
4.189305946056265384e-02 3.548162971492274664e-02
3.488947830919642001e-02 4.264608380253775977e-02
4.122729373921174556e-02 3.782838239203556441e-02
3.775884241622406989e-02 3.488749177995487116e-02
3.798453421040903777e-02 3.775685681830509566e-02
3.681262645113747567e-02 3.673154249190702103e-02
4.230047359305899590e-02 3.526236669495119713e-02
3.518862619239371270e-02 4.336296481415047310e-02
4.206525922927539796e-02 3.909590787588967942e-02
3.782356034207623452e-02 3.521403035483672284e-02
3.961813454225193709e-02 3.211815323084010743e-02
3.682614448189269751e-02 3.962757991030230187e-02
4.374505257874261588e-02 3.532550012096180581e-02
3.707238430797588080e-02 4.219963209106936119e-02
3.926370483532082289e-02 4.021050961091532372e-02
3.626060350507032126e-02 3.600941405966295861e-02
3.684554678329732269e-02 3.482048137448146008e-02
3.690527302023838274e-02 3.700097667388035916e-02
3.721508125818218105e-02 3.604548202929436229e-02
4.119635813913191669e-02 3.587019668702851050e-02
