2.177955532429270979e-02 4.759944144243898057e-02
0.000000000000000000e+00 0.000000000000000000e+00
9.813519194722175598e-03 9.075638838112354279e-03
1.714502880349755287e-02 1.852039992809295654e-02
2.253339579328894615e-02 2.757785376161336899e-02
2.749135158956050873e-02 3.719897288829088211e-02
2.887492312584072351e-02 4.679005406796932220e-02
2.276861446443945169e-02 3.934961836785078049e-02
2.238014896283857524e-02 3.697276883758604527e-02
2.754487560014240444e-02 4.645145428366959095e-02
2.221458122949115932e-02 4.171047941781580448e-02
2.133976211189292371e-02 4.306875600013881922e-02
2.642840109183453023e-02 4.439808859024196863e-02
2.610473477398045361e-02 4.032085428480058908e-02
2.658575019449926913e-02 4.118323331931605935e-02
2.195087764994241297e-02 4.320126894162967801e-02
2.629818665445782244e-02 4.876831156434491277e-02
1.920500947744585574e-02 4.305277747334912419e-02
2.386480281711556017e-02 3.872677014442160726e-02
2.588337837369181216e-02 4.671876860084012151e-02
2.164639197872020304e-02 3.853072767378762364e-02
2.231951439171098173e-02 4.693031200440600514e-02
2.255370699276681989e-02 4.401693778345361352e-02
1.894874892605002970e-02 3.983096923911944032e-02
2.318258372542914003e-02 4.490907402941957116e-02
1.822583771718200296e-02 3.966928838053718209e-02
2.584657746774610132e-02 4.395056940848007798e-02
2.272462331166025251e-02 3.944602288538590074e-02
1.909538962354417890e-02 4.316055570961907506e-02
1.851268629252444953e-02 3.998817253159359097e-02
2.350983959331642836e-02 4.321230208734050393e-02
2.711509801156353205e-02 4.436287313001230359e-02
2.044808426580857486e-02 4.261659650364890695e-02
2.129051128576975316e-02 4.295137431472539902e-02
2.334664149384479970e-02 4.599631321616470814e-02
1.966136151168029755e-02 4.735829483252018690e-02
1.974960380175616592e-02 4.804889927618205547e-02
2.255608733685221523e-02 4.218092630617320538e-02
2.439134648011531681e-02 4.641719046048820019e-02
2.361550500791054219e-02 4.871324356645345688e-02
1.987517361703794450e-02 4.392167646437883377e-02
2.250129233289044350e-02 3.884183894842863083e-02
2.908170704904478043e-02 4.626748058944940567e-02
2.235631427902262658e-02 4.217913141474127769e-02
2.967729621741455048e-02 4.251336326706223190e-02
2.828986399981658906e-02 4.107754825963638723e-02
2.889130821858998388e-02 4.343575341044925153e-02
2.216928450798150152e-02 5.190228027640841901e-02
2.624454673787113279e-02 4.678455516113899648e-02
2.845553563383873552e-02 4.173663500114344060e-02
2.500999507901724428e-02 4.681156025617383420e-02
