4.222755136123315656e-02 4.064675342247187073e-02
0.000000000000000000e+00 0.000000000000000000e+00
9.752160869538784027e-03 9.192764759063720703e-03
1.948896050453186035e-02 1.866008713841438293e-02
2.806936949491500854e-02 2.395818196237087250e-02
3.334383945912122726e-02 2.694097720086574554e-02
4.092489695176482201e-02 3.239363618195056915e-02
3.958446416072547436e-02 3.584097092971205711e-02
3.840394353028386831e-02 3.303477657027542591e-02
4.090541449841111898e-02 2.823694678954780102e-02
4.037005273858085275e-02 3.710394795052707195e-02
4.330164642306044698e-02 3.464778722263872623e-02
4.226034140447154641e-02 3.350219433195888996e-02
4.130124783841893077e-02 3.736485424451529980e-02
4.281553596956655383e-02 3.742302956743515097e-02
4.018418648047372699e-02 3.959610036326921545e-02
4.360889521194621921e-02 3.551066715954220854e-02
4.085665446473285556e-02 4.195328897549188696e-02
4.340251669054850936e-02 3.773602193905389868e-02
4.617940163007006049e-02 3.575391255071735941e-02
4.166767600690945983e-02 3.767521693589515053e-02
4.099080804735422134e-02 3.649398698689765297e-02
4.437411786057054996e-02 3.337368150459951721e-02
3.884073230437934399e-02 3.864551908554858528e-02
4.573448491282761097e-02 3.245025654541677795e-02
4.116620984859764576e-02 4.023759593474096619e-02
4.684851481579244137e-02 3.453171360524720512e-02
4.283939464949071407e-02 4.177388982134289108e-02
4.436627961695194244e-02 3.520480836959904991e-02
4.409164763637818396e-02 2.914681113543338142e-02
3.923119758837856352e-02 3.840593914719647728e-02
4.360400154837407172e-02 3.545103538999683224e-02
4.522237964556552470e-02 3.344196677426225506e-02
4.071859913528896868e-02 3.519144051460898481e-02
4.549265225068666041e-02 2.935621796859777533e-02
3.954184186295606196e-02 3.912673520608223043e-02
4.737522118375636637e-02 3.536881741820252500e-02
4.060849445522762835e-02 3.704948597805923782e-02
4.109542624792084098e-02 3.368684826637036167e-02
3.907590702874585986e-02 2.920921743134385906e-02
3.591306059388443828e-02 3.397051748106605373e-02
4.311883047921583056e-02 3.178736395420855843e-02
3.848157002357766032e-02 3.953259405898279510e-02
4.416523379040881991e-02 3.340507173197693191e-02
3.876069950638338923e-02 3.074244284289306961e-02
3.947263880399987102e-02 3.125990295302472077e-02
4.393944161711260676e-02 2.882644693818292581e-02
3.834614594234153628e-02 3.742008443441591226e-02
4.332403856096789241e-02 3.386283220243058167e-02
4.052481608232483268e-02 3.303053558556712233e-02
4.319899383699521422e-02 2.939148133373237215e-02
