2.355609149768996685e-02 4.718595862238772476e-02
0.000000000000000000e+00 0.000000000000000000e+00
8.879236876964569092e-03 9.840309619903564453e-03
1.626661745831370354e-02 1.859309058636426926e-02
2.216636855155229568e-02 2.857533562928438187e-02
2.740658959373831749e-02 3.825595509260892868e-02
3.223028127104043961e-02 4.754754621535539627e-02
2.945544361136853695e-02 5.382638750597834587e-02
2.637262223288416862e-02 5.347469984553754330e-02
2.294241730123758316e-02 5.342899679453694262e-02
2.215503278421238065e-02 5.263599692625575699e-02
2.160096826264634728e-02 5.284460125039913692e-02
1.868887484306469560e-02 5.378974610721343197e-02
1.956268009962514043e-02 5.525479847347014584e-02
2.173417975427582860e-02 5.220890333657735027e-02
1.914627320365980268e-02 5.286359953242936172e-02
2.073245175415650010e-02 5.453274413957842626e-02
2.146554831415414810e-02 4.945045351996668614e-02
2.272026415448635817e-02 5.419848408564575948e-02
2.492910728324204683e-02 5.097830263912328519e-02
2.508635983394924551e-02 5.621184283882030286e-02
2.593587742012459785e-02 5.566485159579315223e-02
2.600652918772539124e-02 5.377523778952308930e-02
2.634080155257834122e-02 5.117947692997404374e-02
2.431852748122764751e-02 5.609462727807112969e-02
2.290978788369102404e-02 5.661003935165354051e-02
2.468416332703782246e-02 5.181608573548146524e-02
2.698766352114034817e-02 5.435505640707560815e-02
2.569468382716877386e-02 5.655934466994949616e-02
2.522915248846402392e-02 5.532461838811286725e-02
2.642260790889849886e-02 5.670335484683164395e-02
2.587140382820507511e-02 5.529308101176866330e-02
2.381576489278813824e-02 5.104306355133303441e-02
2.329247546003898606e-02 5.294056309867301024e-02
2.122447740839561448e-02 5.515931247282424010e-02
2.062274709896882996e-02 5.298144350308575667e-02
1.985508339566877112e-02 5.351541765048750676e-02
1.927959577733417973e-02 4.893801469370373525e-02
1.910680787841556594e-02 5.390506532057770528e-02
1.701901340129552409e-02 5.455733326743938960e-02
1.890403404104290530e-02 5.390367177096777596e-02
1.820942892663879320e-02 5.388056364608928561e-02
1.746188417746452615e-02 5.009312852052971721e-02
1.700591103144688532e-02 5.398201075149700046e-02
1.690608338685706258e-02 5.279217328643426299e-02
1.781694008968770504e-02 5.580279551213607192e-02
1.768108144460711628e-02 5.139636987587437034e-02
1.760200277203693986e-02 5.223275651223957539e-02
1.867587346350774169e-02 5.333733302541077137e-02
1.995924249058589339e-02 5.445703130681067705e-02
2.053634537151083350e-02 5.506533844163641334e-02
