2.218121322569036047e-02 4.750894205064713771e-02
0.000000000000000000e+00 0.000000000000000000e+00
8.891417644917964935e-03 9.712352417409420013e-03
1.678883936256170273e-02 1.951627340167760849e-02
2.326234243810176849e-02 2.919490542262792587e-02
2.484427473973482847e-02 3.897355217486619949e-02
2.525846264325082302e-02 4.840759187936782837e-02
2.485093378345482051e-02 4.905310895992442966e-02
2.418024206417612731e-02 4.299272288335487247e-02
2.408841753640444949e-02 4.372208705171942711e-02
2.518514532857807353e-02 4.801463941112160683e-02
2.250430791900726035e-02 4.847856381093151867e-02
2.321223583567189053e-02 5.048664429341442883e-02
2.129239711939590052e-02 4.408163859625346959e-02
2.380747703864471987e-02 5.038441720535047352e-02
2.147201338812010363e-02 4.710384018835611641e-02
2.526802809006767347e-02 5.236855361727066338e-02
2.368836670211749151e-02 4.744228001800365746e-02
2.578886767878429964e-02 4.770333284977823496e-02
2.561473270907299593e-02 4.591912147589027882e-02
2.326854487910168245e-02 4.900575266219675541e-02
2.322553834164864384e-02 4.696667776443064213e-02
2.594385706106550060e-02 5.129789817146956921e-02
2.456037551382905804e-02 4.576250002719461918e-02
2.300160741651779972e-02 5.158540164120495319e-02
2.447246285373694263e-02 4.581940476782619953e-02
2.440602155911619775e-02 4.621760550071485341e-02
2.352380907905171625e-02 5.119427017052657902e-02
2.466301833555917256e-02 4.634633476962335408e-02
2.474085722860763781e-02 4.205459312652237713e-02
2.161083735336433165e-02 4.761657168273814023e-02
2.420001539212535135e-02 4.566079916548915207e-02
2.547358783704112284e-02 5.028736058739013970e-02
2.209126801972161047e-02 4.390005746972747147e-02
1.954337574352393858e-02 4.409485856012906879e-02
1.888070265340502374e-02 4.532400284369941801e-02
2.470607180657680146e-02 4.976273559441324323e-02
2.383319758155266754e-02 4.496890677546616644e-02
2.409852169148507528e-02 5.038283344765659422e-02
2.008576145090046339e-02 4.389741270279046148e-02
2.314921597644570284e-02 4.231749263999518007e-02
2.475738864086451940e-02 4.928731288237031549e-02
1.981879690356436186e-02 4.639014227723237127e-02
2.159138176284614019e-02 5.069354268198367208e-02
2.384638286821427755e-02 4.602747641911264509e-02
2.092902398362639360e-02 5.175866324861999601e-02
2.535178501784685068e-02 5.387149284069892019e-02
2.001729410767438821e-02 4.860156493668910116e-02
2.595622221633675508e-02 4.893873170658480376e-02
2.587601641789660789e-02 4.454466425522696227e-02
2.397677401677356102e-02 4.908315003558527678e-02
