4.088585006670436561e-02 4.125977900654247132e-02
0.000000000000000000e+00 0.000000000000000000e+00
9.824779815971851349e-03 8.744777180254459381e-03
1.946466695517301559e-02 1.830422040075063705e-02
2.825144864618778229e-02 2.602874627336859703e-02
3.697726130485534668e-02 3.068876964971423149e-02
4.432265879586338997e-02 3.450364922173321247e-02
4.050930030643939972e-02 3.967819432727992535e-02
4.253469826653599739e-02 3.845174354501068592e-02
4.379694699309766293e-02 3.801468235906213522e-02
4.549004067666828632e-02 3.635941434185951948e-02
4.235418024472892284e-02 3.634064841571671423e-02
4.505610652267932892e-02 3.537867834347707685e-02
4.156846110709011555e-02 3.890635293464583810e-02
4.609363828785717487e-02 3.699796599357796367e-02
4.057160555385053158e-02 4.120107320159149822e-02
4.228295863140374422e-02 3.868733205854368862e-02
4.384269530419260263e-02 3.626314573011768516e-02
3.902172634843736887e-02 3.699911047260684427e-02
4.235894035082310438e-02 3.338946529220265802e-02
4.063654737547039986e-02 3.524066157660854515e-02
4.338564700447022915e-02 3.347663592103344854e-02
3.930390928871929646e-02 3.608620829436404165e-02
4.378327098675072193e-02 3.686478442068619188e-02
4.093953594565391541e-02 3.858036337442172226e-02
4.536541691049933434e-02 3.883647021393699106e-02
4.054603958502411842e-02 4.062232432443124708e-02
4.361924785189330578e-02 3.779199893142504152e-02
3.776483493857085705e-02 3.336174913238210138e-02
4.132736404426395893e-02 3.521878539140743669e-02
4.635817487724125385e-02 3.785714680816454347e-02
4.036981868557631969e-02 3.752899940263887402e-02
4.602315439842641354e-02 3.824659043129940983e-02
4.273013025522232056e-02 4.117664394107123371e-02
3.913227049633860588e-02 3.927433190074225422e-02
4.435137705877423286e-02 3.495460447993536945e-02
4.085119161754846573e-02 3.574345286142488476e-02
4.563246387988328934e-02 3.018043634619971272e-02
4.105707444250583649e-02 3.796640017208119389e-02
4.244251165073364973e-02 3.437486758593877312e-02
4.225005123589653522e-02 3.270928854726662394e-02
4.028086650941986591e-02 3.296576136744988617e-02
4.359677650791127235e-02 3.386604063234699424e-02
4.146601243701297790e-02 3.485581382665259298e-02
4.555673136201221496e-02 3.575194701807049569e-02
4.538571729790419340e-02 3.915877552026358899e-02
4.269585397560149431e-02 3.835175010863167699e-02
4.153333639260381460e-02 3.399125963005644735e-02
4.059354460332542658e-02 3.535367151744139846e-02
4.028758680215105414e-02 3.355529158397985157e-02
4.154166608350351453e-02 3.487736067290825304e-02
