4.232131722680981811e-02 4.060301379196903926e-02
0.000000000000000000e+00 0.000000000000000000e+00
9.723574854433536530e-03 8.879004977643489838e-03
1.920707616955041885e-02 1.780785061419010162e-02
2.851445320993661880e-02 2.651978190988302231e-02
3.757536597549915314e-02 2.908225473947823048e-02
3.763972588058095425e-02 3.508926066569983959e-02
3.523975091229658574e-02 3.084286232478916645e-02
4.169590437959413975e-02 3.570988425053656101e-02
4.038055804267060012e-02 3.660951263736933470e-02
4.015799073386006057e-02 3.777563455514609814e-02
4.414983533206395805e-02 3.715301817283034325e-02
4.476027746568433940e-02 3.917751857079565525e-02
4.050948654185049236e-02 3.831165801966562867e-02
4.441594841773621738e-02 3.566380409756675363e-02
3.888384156743995845e-02 3.621806885348632932e-02
4.051773002720437944e-02 3.279833105625584722e-02
3.949341046973131597e-02 3.425264026736840606e-02
4.262569881393574178e-02 3.457719826838001609e-02
3.932819640613161027e-02 3.501170658273622394e-02
4.329678308567963541e-02 3.631547704571858048e-02
3.877847627154551446e-02 2.978502173209562898e-02
3.975687696947716177e-02 3.509621979901567101e-02
3.692759232944808900e-02 3.809145448030903935e-02
4.165435847244225442e-02 3.367508883820846677e-02
3.777351914322935045e-02 3.709713678108528256e-02
3.957943964633159339e-02 3.498985391343012452e-02
3.777408713358454406e-02 3.538292745361104608e-02
4.312565663713030517e-02 3.234023746335878968e-02
3.769029324757866561e-02 3.425130300456658006e-02
4.205198699492029846e-02 3.604528837604448199e-02
3.780109222861938179e-02 3.502910136012360454e-02
3.710075255366973579e-02 3.047142800642177463e-02
3.743487354950048029e-02 3.301173140062019229e-02
3.960690615349449217e-02 3.589655453106388450e-02
3.874177453690208495e-02 3.376754577038809657e-02
3.922330375644378364e-02 3.483496356057003140e-02
4.261155842687003314e-02 3.552018210757523775e-02
3.728225544909946620e-02 3.578528447542339563e-02
4.119649247149936855e-02 3.435191558673977852e-02
3.692628347198478878e-02 3.545152826700359583e-02
4.125032850424759090e-02 3.759657300543040037e-02
3.891710957395844162e-02 3.696364321513101459e-02
3.482837902265600860e-02 3.684681155573343858e-02
4.016479683923535049e-02 3.327845074090873823e-02
4.212897850084118545e-02 3.620008206780767068e-02
3.959859578753821552e-02 3.715844250837108120e-02
3.931459039449691772e-02 3.517382716381689534e-02
3.636581939645111561e-02 3.796608171978732571e-02
4.201940563507378101e-02 3.468783463904401287e-02
3.512947238050401211e-02 4.216093740978976712e-02
