2.244959941046147101e-02 4.744750118042949383e-02
0.000000000000000000e+00 0.000000000000000000e+00
8.800179697573184967e-03 9.903464466333389282e-03
1.708376221358776093e-02 1.988975610584020615e-02
2.365279477089643478e-02 2.977022249251604080e-02
2.896286034956574440e-02 3.969167172908782959e-02
2.982700965367257595e-02 4.892101883888244629e-02
2.626222278922796249e-02 4.878815769916400313e-02
2.422372973524034023e-02 5.348500696709379554e-02
2.125069312751293182e-02 5.331392554217018187e-02
2.104352884634863585e-02 5.179730444797314703e-02
1.992242810956668109e-02 5.151245207525789738e-02
1.783689325384330004e-02 5.462232185527682304e-02
1.751716023136395961e-02 5.644491140265017748e-02
1.777277833025436848e-02 5.555191345047205687e-02
1.858671671652700752e-02 5.460549780400469899e-02
1.754872871970292181e-02 5.156278336653485894e-02
1.866591638827230781e-02 5.063807871192693710e-02
1.918625655525829643e-02 5.535253183916211128e-02
1.902231040003243834e-02 5.672339210286736488e-02
1.904541792828240432e-02 5.554059578571468592e-02
1.854327207911410369e-02 5.652873590588569641e-02
1.712209175821044482e-02 5.444499338045716286e-02
1.893745843335636891e-02 5.238658632151782513e-02
1.862651709598139860e-02 5.430651979986578226e-02
1.853259031122433953e-02 5.558469367679208517e-02
1.743189345506834798e-02 5.078419425990432501e-02
1.962023747546481900e-02 5.304834584239870310e-02
1.900436532378080301e-02 5.298740307625848800e-02
2.030475264109554701e-02 5.652635598380584270e-02
2.002817696120473556e-02 5.529128813941497356e-02
1.877629583395901136e-02 5.022484956134576350e-02
1.812449698263662867e-02 5.344397721637506038e-02
2.018034569846349768e-02 5.499580556352157146e-02
1.970262462782557122e-02 5.339044630818534642e-02
2.049041205827961676e-02 5.744675100140739232e-02
2.120030576406861655e-02 5.863611873064655811e-02
2.340326363264466636e-02 5.770982861577067524e-02
2.236864737278665416e-02 6.057014213001821190e-02
2.111323525241459720e-02 5.776863325445447117e-02
2.204900669676135294e-02 5.835705508070532233e-02
2.147236930250073783e-02 5.520601874741259962e-02
2.046381040054257028e-02 5.770649785699788481e-02
1.995765072570065968e-02 5.740378792688716203e-02
2.036532979036564939e-02 5.270710257173050195e-02
2.100300769598106854e-02 5.874611153558362275e-02
1.966195324712316506e-02 5.588862435251940042e-02
1.675345287003437988e-02 5.644036667945329100e-02
1.634234592711436562e-02 5.422712351719383150e-02
1.768145367896067910e-02 5.216440816002432257e-02
1.797452375103603117e-02 5.422990444640163332e-02
