1.799448566307782285e-03 4.998380861348107607e-02
0.000000000000000000e+00 0.000000000000000000e+00
5.963342264294624329e-03 9.888105094432830811e-03
9.572299662977457047e-03 1.970975380390882492e-02
1.378521556034684181e-02 2.952218521386384964e-02
1.500163192395120859e-02 3.934043832123279572e-02
1.610418315976858139e-02 4.866572748869657516e-02
1.508212264161556959e-02 5.678518861532211304e-02
1.314662816002964973e-02 5.356223392300307751e-02
1.491215580608695745e-02 5.597632681019604206e-02
1.443240698426961899e-02 5.449344019871205091e-02
1.259494246914982796e-02 5.344616516958922148e-02
1.350303349317982793e-02 6.008286809083074331e-02
1.496149360900744796e-02 5.599805933889001608e-02
1.322087942389771342e-02 5.392476974520832300e-02
1.379750907653942704e-02 5.682647752109915018e-02
1.411599814309738576e-02 5.271025712136179209e-02
1.468200623639859259e-02 5.557687801774591208e-02
1.585606395383365452e-02 5.675367393996566534e-02
1.463137267273850739e-02 5.412170861382037401e-02
1.406371712801046669e-02 5.327808653237298131e-02
1.398529291327577084e-02 5.887775105657055974e-02
1.517814635008107871e-02 5.499355850042775273e-02
1.338413059420417994e-02 5.698929360369220376e-02
1.279228627390693873e-02 5.292389827081933618e-02
1.352128920552786440e-02 5.055869772331789136e-02
1.148218939488288015e-02 5.652867985190823674e-02
1.076178978837560862e-02 5.613045705831609666e-02
9.043453537742607296e-03 5.470063825487159193e-02
9.691576575278304517e-03 5.802767057321034372e-02
7.774272802635096014e-03 5.289720030850730836e-02
8.632953962660394609e-03 5.463921042974106967e-02
9.594524672138504684e-03 5.806136337923817337e-02
8.648349248687736690e-03 5.228920068475417793e-02
9.632945220801047981e-03 5.299300156184472144e-02
1.048367515613790601e-02 5.113229600829072297e-02
1.105727090907748789e-02 5.818870596704073250e-02
9.121740105911158025e-03 5.622614550520665944e-02
6.688797715469263494e-03 5.976388862472958863e-02
3.866352242766879499e-03 5.442952623707242310e-02
5.444331545731984079e-03 5.893097611260600388e-02
5.425846356956753880e-03 5.549536322359926999e-02
6.436753006710205227e-03 6.121076413546688855e-02
7.397554851195309311e-03 5.751955349114723504e-02
7.394436336198850768e-03 5.774778204795438796e-02
7.417458033614821034e-03 5.476774049748200923e-02
9.904018294491834240e-03 5.380987540411297232e-02
9.157697827049560146e-03 5.923076883482281119e-02
6.947040249087876873e-03 5.332892738806549460e-02
8.017071097583539085e-03 5.614979100937489420e-02
9.363874949940509396e-03 5.254639709892217070e-02
