2.459739948506290200e-02 4.692764279900872582e-02
0.000000000000000000e+00 0.000000000000000000e+00
9.335523471236228943e-03 9.452030062675476074e-03
1.543907588347792625e-02 1.781111396849155426e-02
2.245109947398304939e-02 2.563540078699588776e-02
2.726287627592682838e-02 3.521573822945356369e-02
2.707088852184824646e-02 4.247710853815078735e-02
2.266387428971938789e-02 4.550590529106557369e-02
2.785607540863566101e-02 3.978145751170814037e-02
2.510175618226639926e-02 4.141418123617768288e-02
2.430959735647775233e-02 4.566492093726992607e-02
2.941853078664280474e-02 4.438186541665345430e-02
2.233524844632484019e-02 4.664309869986027479e-02
2.661233712569810450e-02 4.376200574915856123e-02
2.529877473716624081e-02 4.795842047315090895e-02
2.185151985031552613e-02 4.582819214556366205e-02
2.599068198469467461e-02 4.525079840095713735e-02
2.486416909960098565e-02 4.557143562124110758e-02
2.521010610507801175e-02 4.937173463986255229e-02
2.589081256883218884e-02 4.432734558940865099e-02
3.096007305430248380e-02 4.688833179534412920e-02
2.636699547292664647e-02 4.323536824085749686e-02
2.611586501006968319e-02 4.527801825315691531e-02
2.553371721296571195e-02 4.784497330547310412e-02
2.717950867372564971e-02 5.152284810901619494e-02
2.407606059568934143e-02 4.915993814938701689e-02
2.758708174224011600e-02 4.966004253947176039e-02
2.478058866108767688e-02 4.718051329837180674e-02
2.602177191874943674e-02 4.440073683508671820e-02
2.225011945120058954e-02 5.114688086905516684e-02
2.523209559149108827e-02 4.965784601517952979e-02
2.654778942815028131e-02 5.258020680048502982e-02
2.537712556659244001e-02 4.858959480770863593e-02
3.067587930127047002e-02 4.973782462184317410e-02
2.541881575598381460e-02 4.570929476176388562e-02
2.303288769326172769e-02 5.175619994406588376e-02
2.889081308967433870e-02 4.875025738147087395e-02
2.528927693492732942e-02 4.379490090650506318e-02
2.761748325428925455e-02 4.430833770311437547e-02
2.747654687846079469e-02 4.983303029439412057e-02
2.805117378011345863e-02 4.782004570006392896e-02
2.550853858701884747e-02 4.845534297055564821e-02
2.308527356944978237e-02 4.591811992577277124e-02
2.812104835174977779e-02 4.866941770887933671e-02
2.490128530189394951e-02 4.426988851628266275e-02
2.443849280825816095e-02 5.103326807147823274e-02
2.760904011665843427e-02 5.056929003330878913e-02
2.842564400634728372e-02 4.770503725740127265e-02
2.352868751040659845e-02 4.186337321880273521e-02
2.321057155495509505e-02 4.907262997585348785e-02
2.548497746465727687e-02 4.447834540042094886e-02
