2.398732126848923327e-02 4.708042242575113945e-02
0.000000000000000000e+00 0.000000000000000000e+00
9.313004091382026672e-03 9.765288792550563812e-03
1.737117022275924683e-02 1.949773076921701431e-02
2.366509614512324333e-02 2.934758178889751434e-02
2.735632355324923992e-02 3.918566647917032242e-02
2.809625084046274424e-02 4.597893403843045235e-02
2.462263277266174555e-02 4.402105673216283321e-02
2.258749178145080805e-02 4.831216647289693356e-02
1.966289698611944914e-02 4.807104244537185878e-02
1.901941600954160094e-02 5.102972644090186805e-02
1.847839180845767260e-02 4.851720067381393164e-02
1.743622135836631060e-02 4.458706364675890654e-02
1.898741547483950853e-02 5.229059424891602248e-02
1.863644903642125428e-02 5.032562771521043032e-02
1.866475528186128940e-02 4.641306847042869776e-02
1.939165295880229678e-02 4.674318879551719874e-02
1.674578554775507655e-02 5.027515492110978812e-02
1.826526044715137687e-02 4.525178302719723433e-02
1.915468689367116895e-02 4.359425422444473952e-02
1.880870102286280598e-02 5.092584718659054488e-02
2.003819932542683091e-02 4.888327168009709567e-02
2.142264467511267867e-02 4.992408321413677186e-02
1.889283635500760283e-02 5.307752887893002480e-02
2.428686112943978515e-02 4.637016278866212815e-02
2.364354581186489668e-02 5.226219275209587067e-02
2.336946459217870142e-02 4.627918235200922936e-02
2.165229773345345166e-02 5.281970107171218842e-02
1.964411131302767899e-02 5.160662792332004756e-02
2.205836159373575356e-02 5.215315007080789655e-02
2.321120238593721297e-02 4.874957467836793512e-02
2.088751647352182772e-02 5.110219375637825578e-02
1.788649664922559168e-02 5.347888961841817945e-02
1.900357116210216191e-02 5.392495884734671563e-02
2.054902064810448792e-02 4.896004839974921197e-02
2.047026980108057614e-02 4.673545823607128114e-02
1.886872163413499948e-02 5.228195867675822228e-02
1.915369502057728823e-02 4.990133007231634110e-02
2.331225753550825175e-02 4.988116105232620612e-02
2.253858034055156168e-02 4.629995008144760504e-02
2.082573004554433282e-02 4.915455482114339247e-02
1.899567257169110235e-02 5.425876504887128249e-02
1.709112780190480407e-02 5.310300537530565634e-02
1.931133748985303100e-02 5.095896856073522940e-02
1.736001611243409570e-02 5.246311796508962288e-02
1.894141674529237207e-02 5.093221794959390536e-02
1.929713845856895205e-02 5.200569038424873725e-02
1.745527449202199932e-02 5.015085344348335639e-02
1.728296641340421047e-02 5.455286135111236945e-02
2.035572159184084740e-02 5.390349138906458393e-02
2.062315212060639169e-02 4.934533002233365551e-02
