2.470396158293528335e-02 4.690053808988296769e-02
0.000000000000000000e+00 0.000000000000000000e+00
9.644639678299427032e-03 8.633754216134548187e-03
1.863982155919075012e-02 1.814991794526576996e-02
2.314625820145010948e-02 2.629729826003313065e-02
2.626874530687928200e-02 3.334520058706402779e-02
2.753141010180115700e-02 3.685624082572758198e-02
3.082349500618875027e-02 4.470853158272802830e-02
2.623022277839481831e-02 4.831383517012000084e-02
2.754756889771670103e-02 4.234216921031475067e-02
2.329978661146014929e-02 4.790948843583464622e-02
2.839472459163516760e-02 4.785973465186543763e-02
2.403715986292809248e-02 4.913446577847935259e-02
2.233367168810218573e-02 4.454450347111560404e-02
2.773372351657599211e-02 4.866516069159843028e-02
2.532269305083900690e-02 4.181196019635535777e-02
2.455598063534125686e-02 4.266589329927228391e-02
2.550446096574887633e-02 4.678863575099967420e-02
2.677960699656978250e-02 4.732475566561333835e-02
2.716259664157405496e-02 4.428724592435173690e-02
2.482050011167302728e-02 4.539758150349371135e-02
2.317326742922887206e-02 4.793274353141896427e-02
2.744472440099343657e-02 5.194176125223748386e-02
2.685266971820965409e-02 4.445609168033115566e-02
2.397914120228961110e-02 4.576281385379843414e-02
2.475673024309799075e-02 4.214568107272498310e-02
2.514642899041064084e-02 4.506615360151045024e-02
2.290648480993695557e-02 4.706624706159345806e-02
2.720018036779947579e-02 4.198604446719400585e-02
3.143336417269892991e-02 5.063552685896866024e-02
2.482287285965867341e-02 4.959171367227099836e-02
2.151399737340398133e-02 4.745550415827892721e-02
2.945085128885693848e-02 4.689301273901946843e-02
2.405696714413352311e-02 4.333569019217975438e-02
2.089185806107707322e-02 4.983904541586525738e-02
2.710523342830128968e-02 5.119253220618702471e-02
3.126521434751339257e-02 4.521147152991034091e-02
2.346100963768549263e-02 4.742553961114026606e-02
2.780604761210270226e-02 4.570075523224659264e-02
2.819978396291844547e-02 5.100358583149500191e-02
2.271237174863927066e-02 4.336193835479207337e-02
2.872936145286075771e-02 4.642843760666437447e-02
2.935234681353904307e-02 5.286469709244556725e-02
2.586838687420822680e-02 5.133873238810338080e-02
2.227039440185762942e-02 5.059397654258646071e-02
2.616209132247604430e-02 4.808732416131533682e-02
2.644662125385366380e-02 5.152091049239970744e-02
2.359104374772869051e-02 4.688927289680577815e-02
2.244554142816923559e-02 4.949717145063914359e-02
3.086936994805000722e-02 4.479865045868791640e-02
2.477248766808770597e-02 4.013708108686842024e-02
