2.326771629323494406e-02 4.725540282420062632e-02
0.000000000000000000e+00 0.000000000000000000e+00
8.600521832704544067e-03 9.276859462261199951e-03
1.740446500480175018e-02 1.872573047876358032e-02
2.270345389842987061e-02 2.859818097203969955e-02
2.784763509407639503e-02 3.732895944267511368e-02
2.820681029697880149e-02 4.230728233233094215e-02
2.560891205212101340e-02 5.093409633263945580e-02
2.163050969829782844e-02 4.670336516574025154e-02
2.077652479056268930e-02 4.738489777082577348e-02
2.658862958196550608e-02 4.568963445490226150e-02
2.452234632801264524e-02 5.147470481460914016e-02
2.353548060636967421e-02 5.014259292511269450e-02
2.055481576826423407e-02 4.285659425659105182e-02
2.417877328116446733e-02 4.890287265880033374e-02
2.208907029125839472e-02 4.872202978003770113e-02
2.669059170875698328e-02 4.634677048306912184e-02
2.779286273289471865e-02 4.544490989064797759e-02
2.648493356537073851e-02 4.451025422895327210e-02
2.301028568763285875e-02 5.212877184385433793e-02
2.059305098373442888e-02 4.492662014672532678e-02
2.735249151010066271e-02 5.142237484687939286e-02
2.251839556265622377e-02 4.527283139759674668e-02
2.487952390220016241e-02 5.051937518874183297e-02
1.922261936124414206e-02 4.853140591876581311e-02
2.534574724268168211e-02 4.209498298587277532e-02
2.493414439959451556e-02 5.026306846411898732e-02
2.321838302304968238e-02 4.697712516644969583e-02
2.366858642199076712e-02 4.623037792043760419e-02
2.086861888528801501e-02 5.068108049454167485e-02
2.328799516544677317e-02 4.537517420249059796e-02
1.950272117392159998e-02 5.041643959702923894e-02
2.560895719216205180e-02 4.476362775312736630e-02
2.142551905126310885e-02 4.978061962174251676e-02
2.328794010099954903e-02 4.649822047213092446e-02
2.727165471878834069e-02 4.495228937594220042e-02
2.228307051700539887e-02 4.925223736790940166e-02
2.583157925982959569e-02 5.039740592474117875e-02
2.248385411803610623e-02 4.386621719459071755e-02
2.355924228322692215e-02 5.168237542966380715e-02
2.152639257838018239e-02 5.022234417265281081e-02
2.125497805536724627e-02 4.897228692425414920e-02
2.177722917986102402e-02 4.956336470786482096e-02
2.399023043108172715e-02 4.447929293382912874e-02
2.430557119078002870e-02 4.636236571241170168e-02
2.276342918048612773e-02 5.205498600844293833e-02
2.589215079206041992e-02 4.595021263230592012e-02
2.067004350828938186e-02 5.186948052141815424e-02
2.332543741795234382e-02 4.506900219712406397e-02
1.865635599824599922e-02 4.715238709468394518e-02
2.132155370782129467e-02 4.998828785028308630e-02
