4.275186176139613575e-02 4.040065439992387986e-02
0.000000000000000000e+00 0.000000000000000000e+00
9.533334523439407349e-03 9.890906512737274170e-03
1.872635819017887115e-02 1.890046987682580948e-02
2.612313954159617424e-02 2.712925057858228683e-02
3.256759932264685631e-02 3.263440914452075958e-02
3.142568282783031464e-02 2.881983714178204536e-02
3.559580026194453239e-02 3.179088653996586800e-02
3.393981815315783024e-02 2.895761257968842983e-02
3.329485777067020535e-02 3.435864695347845554e-02
3.733226872282102704e-02 3.021537209860980511e-02
3.317641775356605649e-02 3.860220569185912609e-02
3.489971911767497659e-02 3.339947783388197422e-02
3.641647606855258346e-02 3.211712569463998079e-02
3.917112009366974235e-02 3.705007175449281931e-02
3.585559263592585921e-02 3.682416718220338225e-02
3.506668045883998275e-02 3.343919076723977923e-02
3.939548687776550651e-02 3.331318833807017654e-02
4.086449573514983058e-02 3.271629374648910016e-02
3.555071604205295444e-02 3.807765517558436841e-02
4.050690651638433337e-02 3.780270075367297977e-02
3.624597209272906184e-02 3.425170398259069771e-02
3.332358499756082892e-02 3.492257806647103280e-02
3.562472475459799170e-02 3.201199641625862569e-02
3.422235982725396752e-02 3.364002091984730214e-02
3.387175995158031583e-02 3.050252787943463773e-02
3.414213733049109578e-02 3.258348575036507100e-02
3.668090660357847810e-02 3.412400108936708421e-02
3.414568869629874825e-02 3.663667540240567178e-02
3.371565014822408557e-02 3.465215970936696976e-02
3.386299402336589992e-02 3.457549562153872102e-02
3.786347524146549404e-02 3.755169616488274187e-02
3.815783993923105299e-02 3.348938816634472460e-02
3.344944972195662558e-02 4.172652562556322664e-02
3.803004013025201857e-02 3.937858853896614164e-02
3.422411964857019484e-02 3.816643635218497366e-02
3.818042544298805296e-02 3.432665693981107324e-02
3.673037202679552138e-02 3.783951372315641493e-02
3.534194387611933053e-02 3.585394889523740858e-02
3.632106693112291396e-02 3.839891449024435133e-02
4.004523172625340521e-02 3.741246600111480802e-02
3.694755924516357481e-02 3.356658130360301584e-02
3.317589117796160281e-02 3.662058732879813761e-02
3.770482019172050059e-02 3.377690234628971666e-02
3.885525421355850995e-02 2.989784882811363786e-02
3.561809731763787568e-02 3.887818449584301561e-02
3.890178634901531041e-02 3.401276258227881044e-02
3.691393815097399056e-02 3.370080141758080572e-02
3.833893968840129673e-02 3.505699893867131323e-02
3.786926821339875460e-02 3.496070107939885929e-02
3.769096628820989281e-02 4.096204223606036976e-02
