4.315920875828882508e-02 4.020688831435460797e-02
0.000000000000000000e+00 0.000000000000000000e+00
9.853410534560680389e-03 9.108211845159530640e-03
1.878824271261692047e-02 1.785644516348838806e-02
2.812494337558746338e-02 2.562055690214037895e-02
3.478660248219966888e-02 2.872228249907493591e-02
3.662789834197610617e-02 3.617698512971401215e-02
4.441070917528122663e-02 3.526074253022670746e-02
4.000210890080779791e-02 3.530613265684223734e-02
4.076416976749897003e-02 3.829130137091851793e-02
4.376937635242938995e-02 3.854400477939634584e-02
4.285091347992420197e-02 4.172143060350208543e-02
4.025486530736088753e-02 3.979401546166627668e-02
4.326775600202381611e-02 3.265118761555640958e-02
4.132614843547344208e-02 3.163328452137648128e-02
3.906155098229646683e-02 3.689555183154880069e-02
4.341295082122087479e-02 3.586413454831927083e-02
4.053948610089719296e-02 4.010839270995347761e-02
4.084346620948053896e-02 4.020572709487169050e-02
4.125842778012156487e-02 3.649016073541133665e-02
4.025540803559124470e-02 3.682560970992199145e-02
3.971514798467978835e-02 3.721246649729437195e-02
3.559536015382036567e-02 3.343444052370614372e-02
3.904808912193402648e-02 3.279257125905132852e-02
3.965739283012226224e-02 3.595617462633526884e-02
3.825311100808903575e-02 3.781559868002659641e-02
4.030058643547818065e-02 3.132769642616040073e-02
3.820807434385642409e-02 3.932805443400866352e-02
4.194256028858944774e-02 3.507468141833669506e-02
3.787232254398986697e-02 3.906699074650532566e-02
4.326550074620172381e-02 3.832489801789051853e-02
4.087960737524554133e-02 3.725507753188139759e-02
3.928100125631317496e-02 3.667511362800723873e-02
4.134182579582557082e-02 3.547664245343185030e-02
3.854998358292505145e-02 3.117449514320469461e-02
4.213917016750201583e-02 3.372563587254262529e-02
3.916306392056867480e-02 3.470619782092398964e-02
4.393299220828339458e-02 3.436559901092550717e-02
4.173833382083103061e-02 3.069257011156878434e-02
3.944959229556843638e-02 3.757601484176120721e-02
4.389098443789407611e-02 3.114398309480748139e-02
3.934480826137587428e-02 3.559068005051813088e-02
3.723636729409918189e-02 3.168837466728291474e-02
3.931369766360148787e-02 3.291874445494613610e-02
3.736655815737321973e-02 3.170641287215403281e-02
4.106856911676004529e-02 2.832918156855157577e-02
3.442858561174944043e-02 3.792735756360343657e-02
4.079051484586670995e-02 3.366772373192361556e-02
3.755301289493218064e-02 3.283233308684430085e-02
4.109527991386130452e-02 2.985905200694105588e-02
3.411560953827574849e-02 3.575739540610811673e-02
