5.026304047742870956e-03 4.987360145513751453e-02
0.000000000000000000e+00 0.000000000000000000e+00
6.780751980841159821e-03 9.948828257620334625e-03
1.211470738053321838e-02 1.993941981345415115e-02
1.637860760092735291e-02 2.993109356611967087e-02
1.897932635620236397e-02 3.969779331237077713e-02
1.908524618920637295e-02 4.958407487720251083e-02
2.120313984778476879e-02 5.401919083669781685e-02
2.110329551214817911e-02 4.862097650766372681e-02
1.975563449377659708e-02 5.163326417095959187e-02
1.940599842055235058e-02 5.013184470590204000e-02
1.763273101823870093e-02 4.841966857202351093e-02
1.681176586134824902e-02 4.926368221640586853e-02
1.576455695612821728e-02 4.961978539358824492e-02
1.594138843938708305e-02 5.341372813563793898e-02
1.339459116570651531e-02 4.851129732560366392e-02
1.139898947440087795e-02 5.391990754287689924e-02
1.391235762275755405e-02 5.187454854603856802e-02
1.190438913181424141e-02 4.960341739933937788e-02
1.338197395671159029e-02 5.407930153887718916e-02
1.271846756571903825e-02 5.092676787171512842e-02
1.405302627244964242e-02 5.024362890981137753e-02
1.333844108739867806e-02 5.120990838622674346e-02
1.460573234362527728e-02 4.906440473860129714e-02
1.473985232587438077e-02 5.382182676112279296e-02
1.662566458981018513e-02 5.073484376771375537e-02
1.707127010740805417e-02 5.182739446172490716e-02
1.584575390734244138e-02 5.269787734141573310e-02
1.434380871069151908e-02 4.798051243415102363e-02
1.502796747081447393e-02 4.965927120065316558e-02
1.632421831891406327e-02 4.718134825816377997e-02
1.821616392408031970e-02 5.494137568166479468e-02
1.845727901672944427e-02 5.036727938568219543e-02
1.677735493285581470e-02 5.577490100404247642e-02
1.705287621007300913e-02 5.242039932636544108e-02
1.635436105425469577e-02 5.171288864221423864e-02
1.379349289345555007e-02 5.003931606188416481e-02
1.503014852642081678e-02 5.112829769495874643e-02
1.413059644983150065e-02 5.423558072652667761e-02
1.279323993367142975e-02 4.920016264077275991e-02
1.552792967413552105e-02 5.325482075568288565e-02
1.500918567762710154e-02 5.005072604399174452e-02
1.580488265608437359e-02 5.259515775833278894e-02
1.555042684776708484e-02 5.072817765176296234e-02
1.443308120360597968e-02 5.252000410109758377e-02
1.473418122623115778e-02 5.053349095396697521e-02
1.486979251785669476e-02 5.339675862342119217e-02
1.291439532360527664e-02 5.161279288586229086e-02
1.453990688605699688e-02 5.729066941421478987e-02
1.363424591545481235e-02 5.363600712735205889e-02
1.491289302066434175e-02 5.365864616214821581e-02
