2.240981155482041701e-02 4.745665880830020333e-02
0.000000000000000000e+00 0.000000000000000000e+00
7.729113101959228516e-03 9.923748672008514404e-03
1.276710396632552147e-02 1.969574671238660812e-02
1.762461289763450623e-02 2.969406917691230774e-02
2.197591867297887802e-02 3.949241712689399719e-02
2.271556103369221091e-02 4.900521226227283478e-02
2.332512458087876439e-02 5.672755185514688492e-02
2.221228141570463777e-02 5.444522807374596596e-02
1.988787326263263822e-02 5.169571121223270893e-02
1.724585919873788953e-02 5.499210557900369167e-02
1.485694927396252751e-02 5.168461170978844166e-02
1.473644418001640588e-02 5.124452797463163733e-02
1.630924498022068292e-02 5.399512377334758639e-02
1.357000572897959501e-02 5.565380299231037498e-02
1.491384727705735713e-02 5.178306967718526721e-02
1.740315773349720985e-02 4.946197773097082973e-02
1.692350009398069233e-02 5.691198835847899318e-02
1.631881516368594021e-02 5.184806248871609569e-02
1.675922672438900918e-02 5.349511763779446483e-02
1.485518556728493422e-02 5.297730409074574709e-02
1.576226692122872919e-02 5.274185382586438209e-02
1.768861744494643062e-02 5.192244909994769841e-02
2.018303248041775078e-02 5.380960840557236224e-02
2.092407199961598963e-02 5.244015234347898513e-02
1.740269035508390516e-02 4.898214417335111648e-02
2.025330740434583277e-02 5.124244753096718341e-02
1.788111285713966936e-02 5.650418584991712123e-02
1.787131862238311442e-02 4.993314349849242717e-02
1.891491131846123608e-02 5.538261968467850238e-02
2.009575919237249764e-02 5.083373987872619182e-02
1.844798401452862890e-02 4.984738673374522477e-02
1.911330415623524459e-02 4.729574355587828904e-02
1.929758025380579056e-02 5.443185470358002931e-02
1.710636100779083790e-02 5.408241831173654646e-02
1.756998619111982407e-02 4.963123191555496305e-02
1.759290179234085372e-02 5.042163240432273597e-02
1.945067007090983680e-02 5.516946646093856543e-02
1.827694553412584355e-02 5.159001103311311454e-02
1.710065380666492274e-02 5.442184912681113929e-02
1.712981597393081756e-02 5.448036300367675722e-02
1.863456619776115986e-02 4.932364480919204652e-02
1.973923572677449556e-02 4.937073247856460512e-02
1.985677965876675444e-02 4.529108325368724763e-02
2.079965598841226893e-02 5.107123529887758195e-02
2.180046919693268137e-02 5.085281586798373610e-02
2.141146248050063150e-02 4.780761153961066157e-02
1.895635903656511800e-02 5.086630258301738650e-02
1.917265118117938982e-02 4.415637582133058459e-02
2.100849449652741896e-02 5.109084678406361490e-02
1.941969334166060435e-02 4.515095615352038294e-02
