4.083906765506470707e-03 4.991657372793890934e-02
0.000000000000000000e+00 0.000000000000000000e+00
3.114882623776793480e-03 9.961447678506374359e-03
6.314476486295461655e-03 1.979878358542919159e-02
8.840537862852215767e-03 2.912452165037393570e-02
1.033529953565448523e-02 3.890185710042715073e-02
1.091709092725068331e-02 4.787782300263643265e-02
1.138015463948249817e-02 5.149138323031365871e-02
1.105289594852365553e-02 5.172457566368393600e-02
1.112741605902556330e-02 5.223870268673636019e-02
1.241840609873179346e-02 5.221652737600379623e-02
1.271361239196266979e-02 5.153625240563997068e-02
1.356629496149253100e-02 5.390952565721818246e-02
1.407543067762162536e-02 5.580230572741129436e-02
1.431957846216391772e-02 5.356213733102777041e-02
1.205002963251899928e-02 5.276441379464813508e-02
1.391173891897778958e-02 5.079683699659653939e-02
1.415870599157642573e-02 4.758766634404310025e-02
1.680630379996728152e-02 5.035713283359655179e-02
1.599731259921099991e-02 5.042449800021131523e-02
1.627264312992338091e-02 4.882446742340107448e-02
1.663213183928746730e-02 5.049767224772949703e-02
1.631986429856624454e-02 5.393321109659154899e-02
1.625163903372595087e-02 5.214579306266386993e-02
1.746376025403151289e-02 5.368401723171700723e-02
1.414683092298218980e-02 4.911541527326335199e-02
1.320053151721367612e-02 4.999717897226219065e-02
1.180016637226799503e-02 4.632740923625533469e-02
1.168587923893937841e-02 5.434252405029837973e-02
1.341710569249698892e-02 5.151457213287358172e-02
1.189995653840014711e-02 4.925085571085219271e-02
1.040372861461946741e-02 5.141215109688346274e-02
9.619778524211142212e-03 4.961075100072775967e-02
8.180490265658590943e-03 5.063495786816929467e-02
8.651177406136412174e-03 5.363409316123579629e-02
1.001743507367791608e-02 5.036382239268277772e-02
9.465727962378878146e-03 5.109415810511563905e-02
1.146642212552251294e-02 4.854944280305062421e-02
1.141762141924118623e-02 5.090754318007384427e-02
1.077145584713434801e-02 5.097524332450120710e-02
1.019536502280971035e-02 5.454711359561770223e-02
1.125699522526701912e-02 5.002647940636961721e-02
1.076507931429659948e-02 4.502530418903916143e-02
1.195514565188204870e-02 5.335927218766300939e-02
1.340549348242348060e-02 5.474986403351067565e-02
1.471908090024953708e-02 5.138214805265306495e-02
1.455342946428572759e-02 5.251541826510219835e-02
1.422658381488872692e-02 5.287506075910641812e-02
1.383484480174956843e-02 5.335040422141901217e-02
1.245888112316606566e-02 5.298380049862316810e-02
1.349696993565885350e-02 5.231496310079819523e-02
