2.375100579989089522e-02 4.713850793322671429e-02
0.000000000000000000e+00 0.000000000000000000e+00
9.472536854445934296e-03 9.778115898370742798e-03
1.726032234728336334e-02 1.959512662142515182e-02
2.322008088231086731e-02 2.959048096090555191e-02
2.944170543923974037e-02 3.914072085171937943e-02
2.994536230107769370e-02 4.307341016829013824e-02
2.694815228460356593e-02 4.724068054929375648e-02
2.477695414563640952e-02 4.628729354590177536e-02
2.485724398138700053e-02 4.725035798037424684e-02
2.410708972456632182e-02 4.375964781502261758e-02
2.708477316627977416e-02 4.107032256433740258e-02
2.744134840759215876e-02 4.616106353932991624e-02
2.589564746449468657e-02 4.318624996813014150e-02
2.389241358469007537e-02 4.697710770415142179e-02
2.332900783949298784e-02 4.863028420368209481e-02
2.283914293366251513e-02 4.717584390891715884e-02
2.417523820622591302e-02 4.388255503727123141e-02
2.539612130931345746e-02 4.284218879183754325e-02
2.435461128334281966e-02 4.530410253209993243e-02
2.457209789281478152e-02 4.204337456030771136e-02
2.161246976902475581e-02 4.404628736665472388e-02
2.439804976893356070e-02 3.846617409726604819e-02
2.466937011195113882e-02 4.110916325589641929e-02
2.115755501290550455e-02 4.568011447554454207e-02
2.130001130717573687e-02 4.701356211444362998e-02
2.113528553309151903e-02 4.464947985252365470e-02
2.051150086481356993e-02 4.466721342578239273e-02
2.360149971354985610e-02 5.009536558463878464e-02
2.174100638512754813e-02 4.500227674543566536e-02
1.913754837732994929e-02 4.308979384768463206e-02
2.078155169874662533e-02 4.541548466477252077e-02
1.809764697827631608e-02 4.052508933637000155e-02
2.015656067669624463e-02 4.852968858722306322e-02
2.147275277093285695e-02 4.425841275769926142e-02
2.032682134449714795e-02 4.470073644006333780e-02
2.113484216533834115e-02 4.116488460385880899e-02
2.248965446051442996e-02 3.972466176310263108e-02
2.329293909861007705e-02 4.771944487401924562e-02
2.103464600077131763e-02 4.834529958134226035e-02
2.200504297070438042e-02 4.884177169697068166e-02
1.866461823374265805e-02 4.551940646888397168e-02
2.202718330227071419e-02 4.517734018554619979e-02
2.090916768793249503e-02 4.402997941178909969e-02
1.963928654004121199e-02 4.080812251595489215e-02
2.014091445744270459e-02 4.319433952150575351e-02
2.201629590854281560e-02 4.329372072788828518e-02
2.170688461774261668e-02 4.781479496705287602e-02
1.766815258451970294e-02 4.625080017103755381e-02
1.972470584587426856e-02 4.378967619231843855e-02
2.087915479933144525e-02 3.824861048451566603e-02
