2.496407463412765593e-02 4.683385243633397810e-02
0.000000000000000000e+00 0.000000000000000000e+00
9.425554424524307251e-03 9.935414418578147888e-03
1.770369056612253189e-02 1.964124012738466263e-02
2.455117227509617805e-02 2.937576547265052795e-02
3.067885758355259895e-02 3.932277206331491470e-02
2.855386747978627682e-02 4.836061503738164902e-02
2.522563771344721317e-02 5.398890515789389610e-02
2.394631644710898399e-02 5.232517863623797894e-02
2.321352384751662612e-02 5.106825614348053932e-02
2.262388548115268350e-02 5.216998839750885963e-02
2.547702501760795712e-02 4.962821165099740028e-02
2.401549177011474967e-02 4.920275072799995542e-02
2.043288428103551269e-02 4.898647945083212107e-02
2.136519510531798005e-02 5.056230227637570351e-02
2.252952178241685033e-02 4.725079347554128617e-02
2.311674196971580386e-02 4.772054006753023714e-02
2.358713943976908922e-02 4.865215944300871342e-02
2.384429413359612226e-02 4.652331645775120705e-02
2.219235745724290609e-02 4.985881962056737393e-02
2.256684150779619813e-02 4.715999231848400086e-02
2.202377107460051775e-02 5.005577664996962994e-02
2.178217795153614134e-02 4.736070979561191052e-02
2.156878856476396322e-02 4.911427122715394944e-02
1.986250793561339378e-02 5.315228567633312196e-02
1.955017601721920073e-02 4.877728239807765931e-02
1.906775211682543159e-02 4.750497655186336488e-02
1.926039908721577376e-02 4.514231711800675839e-02
2.014329527446534485e-02 4.832757862459402531e-02
2.025526497891405597e-02 4.767193649604450911e-02
1.869771691417554393e-02 5.032266936905216426e-02
1.751101346599170938e-02 4.973225614230614156e-02
1.605826235754648224e-02 4.947025618457701057e-02
1.570508993609109893e-02 4.531485364714171737e-02
1.730350292200455442e-02 4.700791520008351654e-02
1.759259141545044258e-02 4.444617089757230133e-02
1.802128469716990367e-02 5.137581015878822654e-02
1.816158448491478339e-02 5.098746267321985215e-02
1.821357642256771214e-02 5.197926719847600907e-02
1.871009265960310586e-02 4.936559886846225709e-02
2.003384266936336644e-02 4.799225546594243497e-02
1.976411317082238384e-02 4.578078600752633065e-02
2.182401267418754287e-02 4.623201581125613302e-02
2.017595681900274940e-02 5.200902557407971472e-02
2.008062813183641993e-02 4.929400420223828405e-02
1.890480497604585253e-02 4.796161268313881010e-02
2.068128683822578751e-02 5.020533640345092863e-02
2.233653401708579622e-02 4.935020288394298404e-02
2.369294492746121250e-02 5.218485659861471504e-02
2.202303617013967596e-02 5.382325708342250437e-02
2.210105626363656484e-02 5.192719282058533281e-02
