2.363461460039333051e-02 4.716689247213205760e-02
0.000000000000000000e+00 0.000000000000000000e+00
9.016711264848709106e-03 9.634127840399742126e-03
1.469762017950415611e-02 1.954422704875469208e-02
1.663641619961708784e-02 2.933048177510499954e-02
2.289375930558890104e-02 3.851956501603126526e-02
2.366689831251278520e-02 4.810412786900997162e-02
2.025708701694384217e-02 4.797963463352061808e-02
1.989535597385838628e-02 5.567352837533690035e-02
2.001624969125259668e-02 4.938493613735772669e-02
2.088043002004269511e-02 5.200785762281157076e-02
2.131061580439563841e-02 5.019274007645435631e-02
1.967693002370651811e-02 4.786979805794544518e-02
2.030829699651803821e-02 5.368284721043892205e-02
2.074396044190507382e-02 5.328818518319167197e-02
1.973858270503114909e-02 5.146672148839570582e-02
2.054658682027366012e-02 5.196288603474386036e-02
1.982347403827589005e-02 5.124652347876690328e-02
1.800333363644313067e-02 5.189956267713569105e-02
1.654723873070906848e-02 5.176335056603420526e-02
2.160407397605013102e-02 4.789175112091470510e-02
1.782603356696199626e-02 5.469474494748283178e-02
1.717978871602099389e-02 4.865412013896275312e-02
1.965564156125765294e-02 5.231149560131598264e-02
1.940660264517646283e-02 4.791713478334713727e-02
2.103822368371766061e-02 4.926626088854391128e-02
1.986245477746706456e-02 4.722625257272738963e-02
2.027551138598937541e-02 4.475012079637963325e-02
2.224933572870213538e-02 5.023057929065544158e-02
1.818528615694958717e-02 5.081554404750932008e-02
2.256338189181406051e-02 4.614367843896616250e-02
2.225974034809041768e-02 5.152110937342513353e-02
2.054319037415552884e-02 4.566602683917153627e-02
2.490440029941964895e-02 4.991705385327804834e-02
1.869364055164624006e-02 4.897653487569186836e-02
2.295094281726051122e-02 4.866962936648633331e-02
2.061284096271265298e-02 4.794172853871714324e-02
2.247519519005436450e-02 4.190680249303113669e-02
2.558926593337673694e-02 5.091114765673410147e-02
2.143793234426993877e-02 4.760246122896205634e-02
2.373654006805736572e-02 4.573148283816408366e-02
2.012429603200871497e-02 4.897312195680569857e-02
2.336275212292093784e-02 5.202107694640289992e-02
2.327117673848988488e-02 4.879157459072303027e-02
2.345200887793907896e-02 4.832344925671350211e-02
2.585367536084959283e-02 5.272003314166795462e-02
2.037408858450362459e-02 5.184584400558378547e-02
2.019163817021762952e-02 5.085533588135149330e-02
2.128529283072566614e-02 4.519033255928661674e-02
1.872007353085791692e-02 5.070681507640983909e-02
2.229761206399416551e-02 4.668672160187270492e-02
