5.133573907805088696e-03 4.986814516617950332e-02
0.000000000000000000e+00 0.000000000000000000e+00
4.916517529636621475e-03 9.737980552017688751e-03
9.558874182403087616e-03 1.928834896534681320e-02
1.228075008839368820e-02 2.859210595488548279e-02
1.516737439669668674e-02 3.831543028354644775e-02
1.464083354221656919e-02 4.821618739515542984e-02
1.370949967531487346e-02 5.089791840873658657e-02
1.235193182947114110e-02 5.593054951168596745e-02
1.002344890730455518e-02 5.515401542652398348e-02
7.251076691318303347e-03 5.172483937349170446e-02
8.018401858862489462e-03 5.196438208804465830e-02
9.061613061930984259e-03 5.142949361470527947e-02
7.636110822204500437e-03 5.464990020846016705e-02
1.054814347298815846e-02 5.006714214687235653e-02
1.023183413781225681e-02 5.363099559326656163e-02
9.840784157859161496e-03 5.325237737270072103e-02
1.032589323585852981e-02 5.385727511020377278e-02
1.176933763781562448e-02 5.286468373378738761e-02
1.186737297393847257e-02 5.252399967866949737e-02
1.366726630658376962e-02 5.040017954888753593e-02
1.250621788494754583e-02 5.023112527851480991e-02
1.391813864756841213e-02 5.402410736132878810e-02
1.331916563503909856e-02 5.535235635761637241e-02
1.129194973327685148e-02 5.594120257592294365e-02
1.085578858328517526e-02 5.312893506197724491e-02
1.385383539309259504e-02 5.100325834064278752e-02
1.382645004014193546e-02 5.472923874913249165e-02
1.194549078172713052e-02 5.245398696570191532e-02
1.110000308653980028e-02 5.366160442645195872e-02
1.136826808033220004e-02 5.481090945249889046e-02
1.061214142646349501e-02 5.301098631753120571e-02
1.101209810985892545e-02 5.173341745103243738e-02
9.280517055231030099e-03 5.561248167941812426e-02
8.249007454651291482e-03 5.360175833629909903e-02
7.887584562922711484e-03 5.951703504251781851e-02
7.516055104133556597e-03 5.729181972856167704e-02
8.307672715091030113e-03 5.542035437247250229e-02
8.346141550646279939e-03 5.361407798773143440e-02
7.797515952916000970e-03 5.750964548496995121e-02
1.028314046743616927e-02 5.374756375385913998e-02
9.341777536974404939e-03 5.454677263332996517e-02
9.903725354888592847e-03 5.550605455937329680e-02
1.056040759613097180e-02 5.373891514318529516e-02
1.127658359655470122e-02 5.720140018092934042e-02
1.323792565563053358e-02 5.600880309066269547e-02
1.483437878960103262e-02 5.334157090692315251e-02
1.293605793216556776e-02 5.524565432278905064e-02
1.466248493125021923e-02 5.331410620419774204e-02
1.294628606592596043e-02 5.234077428758610040e-02
1.307055459074035753e-02 5.049707270518410951e-02
