2.433491233394316500e-02 4.699387631030786661e-02
0.000000000000000000e+00 0.000000000000000000e+00
7.835722528398036957e-03 9.908080101013183594e-03
1.487859059125185013e-02 1.990613806992769241e-02
2.084509190171957016e-02 2.983520738780498505e-02
2.691443497315049171e-02 3.954747039824724197e-02
2.903941669501364231e-02 4.902882967144250870e-02
2.770865126512944698e-02 5.144990119151771069e-02
2.525350917130708694e-02 4.939724016003310680e-02
2.523597408071509562e-02 4.901665198849514127e-02
2.226439173318794928e-02 4.968596686376258731e-02
2.371316481367102824e-02 4.887243261327967048e-02
2.300946644027135335e-02 4.914142121560871601e-02
2.311314514008699916e-02 4.753137286752462387e-02
2.319647958574933000e-02 4.542276798747479916e-02
2.375143456811201759e-02 4.893101146444678307e-02
2.280085614256677218e-02 5.241039209067821503e-02
2.491212763197836466e-02 4.939674073830246925e-02
2.657860190447536297e-02 4.956633859546855092e-02
2.420643296864000149e-02 4.750082484679296613e-02
2.145322527576354332e-02 4.484843678073957562e-02
2.495791994806495495e-02 5.048764153616502881e-02
2.326238119349000044e-02 5.351788905682042241e-02
2.560091681152698584e-02 5.457526113605126739e-02
2.700532622475293465e-02 5.112826259573921561e-02
2.698225147832999937e-02 4.864202480530366302e-02
2.506212125808815472e-02 4.835685473517514765e-02
2.420126511060516350e-02 5.039790613227523863e-02
2.547865818996797316e-02 4.848625292652286589e-02
2.536825846982537769e-02 4.978740800288505852e-02
2.576355170094757341e-02 5.315612189588136971e-02
2.579327296007249970e-02 5.020030730520375073e-02
2.520624829230655450e-02 5.255802490864880383e-02
2.548399639090348501e-02 4.925709104281850159e-02
2.397827281856734771e-02 4.914463913155486807e-02
2.374637320644978900e-02 5.017718704038998112e-02
2.523173282861534972e-02 4.833162467548390850e-02
2.492054533104237635e-02 5.054495142394443974e-02
2.590297888855275232e-02 5.130504411499714479e-02
2.566586744978849310e-02 5.459574740234529600e-02
2.622011910898436327e-02 5.310963620286202058e-02
2.675811301924113650e-02 5.247014635097002611e-02
2.569543135359708685e-02 5.394673570845043287e-02
2.720426088671956677e-02 4.992499239597236738e-02
2.519523744012985844e-02 4.762619980465387926e-02
2.533227327694476116e-02 4.512978382263099775e-02
2.655913954549760092e-02 4.795222813118016347e-02
2.588477143035561312e-02 4.344023894373094663e-02
2.581271299459331203e-02 4.606466241966700181e-02
2.462787219155870844e-02 4.888234324607765302e-02
2.599213065877847839e-02 4.954966968944063410e-02
