2.158844790955605220e-02 4.764189119868779410e-02
0.000000000000000000e+00 0.000000000000000000e+00
8.647128939628601074e-03 9.847850538790225983e-03
1.191518944688141346e-02 1.966980844736099243e-02
1.591653958894312382e-02 2.872120961546897888e-02
1.550388472969643772e-02 3.815623559057712555e-02
1.751169931958429515e-02 4.532154090702533722e-02
2.066647887113504112e-02 5.141395563259720802e-02
2.172025802428834140e-02 4.468424106016755104e-02
2.056833388633094728e-02 5.011116620153188705e-02
2.096280932892113924e-02 4.957971570547670126e-02
2.135858894325792789e-02 4.732026590500026941e-02
2.065611007856205106e-02 4.730399562504317146e-02
1.711483258986845613e-02 5.397387691300536972e-02
2.318541292333975434e-02 4.988734195467259269e-02
2.042012457968667150e-02 4.907512855243112426e-02
2.297342527890577912e-02 5.327615937676455360e-02
2.261501541943289340e-02 4.907524217378522735e-02
2.260217538696451811e-02 4.879028488176118117e-02
1.939959756691678194e-02 4.813924063455488067e-02
2.513064842332823901e-02 4.568536630358721595e-02
2.120596056465728907e-02 5.145393688690091949e-02
2.428123823028727202e-02 5.056455333942722064e-02
2.415938965259556426e-02 4.485902863780211192e-02
2.264404353900317801e-02 5.137293062398384791e-02
2.193276402522315038e-02 4.634612354675482493e-02
2.277773733931098832e-02 5.049299982601951342e-02
2.392670033714239253e-02 4.638506586888979655e-02
2.213558553467009915e-02 5.313483973259280901e-02
2.879113795916055096e-02 4.532217861378740054e-02
2.569940638477419270e-02 4.303761127630423289e-02
2.506186200753290905e-02 4.996936324278067332e-02
2.874476502165634884e-02 4.412776719073008280e-02
2.214676227868039859e-02 3.976370136479090434e-02
2.389622298051108373e-02 4.679148479590367060e-02
2.898672879655350698e-02 4.471196162739943247e-02
2.467417209390987409e-02 4.646038634928117972e-02
2.785325846616615308e-02 4.540119155535649043e-02
2.760304710227501346e-02 4.814357844406913500e-02
2.538283252488326980e-02 4.401882247293542605e-02
2.233183420594286872e-02 4.155865985194395762e-02
2.703902487974119140e-02 4.716196351910184603e-02
2.442364221769821597e-02 4.227403060758661013e-02
2.022190172556292964e-02 5.028926463091920596e-02
2.734450031402957393e-02 4.757794526631187182e-02
2.381469415831816150e-02 4.582553832551639061e-02
2.726208734657120658e-02 4.690983738510112744e-02
2.413833899754536105e-02 4.843579254338692408e-02
2.465693753310915781e-02 4.403634344453166705e-02
2.535955586336058332e-02 4.874617721179674845e-02
2.203184065274399472e-02 4.482391172314237338e-02
