4.295602754641394960e-02 4.030381884190571695e-02
0.000000000000000000e+00 0.000000000000000000e+00
6.686481181532144547e-03 9.229664690792560577e-03
1.616581762209534645e-02 1.873449329286813736e-02
2.515876339748501778e-02 2.720531821250915527e-02
2.991959499195218086e-02 3.648768644779920578e-02
3.436692990362644196e-02 3.783816914074122906e-02
3.779310733079910278e-02 4.210061510093510151e-02
3.680695209186524153e-02 3.842325904406607151e-02
3.667781982221640646e-02 3.337228880263864994e-02
3.118815147900022566e-02 4.301360645331442356e-02
3.670436950051225722e-02 3.605713997967541218e-02
4.048900320776738226e-02 4.167010704986751080e-02
3.652952765696682036e-02 4.029848263598978519e-02
3.518241379060782492e-02 3.876589762512594461e-02
3.485054944758303463e-02 3.638986696023494005e-02
3.812933529843576252e-02 4.454315186012536287e-02
3.815953697085205931e-02 4.172156110871583223e-02
3.579530802562658209e-02 4.172808543307837681e-02
3.760949937168334145e-02 4.161772981979083852e-02
3.520992859739635605e-02 3.888460004463922814e-02
3.827611539054487366e-02 3.952561819687616662e-02
3.439873685601924080e-02 4.601020168274772004e-02
3.588303081232879777e-02 4.100607184454929666e-02
3.623284927925851662e-02 4.543539777159821824e-02
3.902193640715267975e-02 4.253755661420655088e-02
3.868147648063313682e-02 4.131608107354622916e-02
3.587987936225545127e-02 4.726650542806964950e-02
3.962307247456919868e-02 4.184292513173204497e-02
3.766588970211159904e-02 4.673926183249932365e-02
4.182278049302112777e-02 4.599755950266626314e-02
3.775047940325748641e-02 4.316617193626370863e-02
3.641294046428811271e-02 3.725324868219104246e-02
3.825635228895407636e-02 3.735626934440006153e-02
3.172351418652397115e-02 4.685472490609754459e-02
3.773191756226879079e-02 4.070872979582418338e-02
3.443054387935262639e-02 4.459241454833318130e-02
3.589784806717943866e-02 3.932778633543421165e-02
3.006059058134269435e-02 4.441765093588401214e-02
3.785252325360488612e-02 3.832927256235052482e-02
3.459944004316639621e-02 4.406279561453629867e-02
3.797392836895596702e-02 4.088418607943822281e-02
3.714882010717701633e-02 4.288063178182710544e-02
3.940523845267307479e-02 3.946250563831199543e-02
3.503282657948147971e-02 3.796739588369746343e-02
3.106399403077375609e-02 3.483967567672152654e-02
3.901642897290003020e-02 4.085226069082636968e-02
3.635064592708658893e-02 4.425776718062479631e-02
3.406610420097422320e-02 4.150504005019683973e-02
3.347689325346436817e-02 3.786969316070099012e-02
3.703692362068977673e-02 4.052234665368814603e-02
