2.184505642398948053e-02 4.758480163341377578e-02
0.000000000000000000e+00 0.000000000000000000e+00
9.200977161526679993e-03 8.844001218676567078e-03
1.846385840326547623e-02 1.822260953485965729e-02
2.426839945837855339e-02 2.803271822631359100e-02
2.745195734314620495e-02 3.747614286839962006e-02
2.861811150796711445e-02 4.616348166018724442e-02
2.196091995574533939e-02 4.905986203812062740e-02
2.926568337716162205e-02 5.205880058929324150e-02
2.865638327784836292e-02 5.071640503592789173e-02
2.224016445688903332e-02 5.107425700407475233e-02
2.695558895356953144e-02 4.926826374139636755e-02
2.683370639715576544e-02 4.773233493324369192e-02
2.425326998491073027e-02 4.937433556187897921e-02
2.443282539752544835e-02 4.567138629499822855e-02
2.606923983694287017e-02 4.901398124638944864e-02
1.817590941936941817e-02 4.703146649990230799e-02
2.388140059338184074e-02 4.667985334526747465e-02
2.379503763950197026e-02 4.751442326232790947e-02
2.356422998855123296e-02 4.601962759625166655e-02
2.226486305153230205e-02 4.731412359979003668e-02
2.772980897134402767e-02 4.347089061047881842e-02
2.497139658225933090e-02 5.230456346180289984e-02
3.212869345588842407e-02 4.978981020394712687e-02
2.459927454037824646e-02 4.492226813454180956e-02
2.835886614775517955e-02 5.090094276238232851e-02
2.455711519723990932e-02 4.849971237126737833e-02
2.952244660264113918e-02 5.056009220425039530e-02
2.278934015339473262e-02 4.467038216535001993e-02
2.885962106665829197e-02 5.250771122518926859e-02
2.434689380606869236e-02 4.801963793579488993e-02
2.833616236603120342e-02 5.261109827551990747e-02
2.472125172062078491e-02 4.619859217200428247e-02
2.981577386526623741e-02 4.703421826707199216e-02
2.571316660760203376e-02 4.208845255197957158e-02
3.030596432654419914e-02 4.955476644681766629e-02
2.434803258074680343e-02 4.724161402555182576e-02
2.745447160123148933e-02 5.082834378117695451e-02
2.715952220751205459e-02 5.035034194588661194e-02
2.214218668086687103e-02 4.865494032856076956e-02
2.628617446316638961e-02 4.563541209790855646e-02
2.734147225419292226e-02 5.005577590782195330e-02
3.056989101605722681e-02 4.467506811488419771e-02
2.376684410410234705e-02 5.211473966483026743e-02
2.465057236986467615e-02 4.784350900445133448e-02
2.962708802806446329e-02 5.150517018046230078e-02
2.293465383263537660e-02 4.716026957612484694e-02
3.023452967318007722e-02 5.262851144652813673e-02
2.945185694989049807e-02 4.883720318321138620e-02
2.303801765810931101e-02 4.810249846195802093e-02
2.769781798269832507e-02 4.814555804841802455e-02
