4.130785266479389262e-02 4.106954105640195363e-02
0.000000000000000000e+00 0.000000000000000000e+00
9.699625894427299500e-03 9.745714254677295685e-03
1.901339646428823471e-02 1.946379244327545166e-02
2.747015375643968582e-02 2.865550667047500610e-02
3.657783847302198410e-02 3.588991751894354820e-02
4.118037782609462738e-02 3.986014239490032196e-02
4.489043797366321087e-02 3.550141677260398865e-02
4.095244198106229305e-02 3.798989742062985897e-02
4.350317013449966908e-02 3.459570743143558502e-02
3.905848530121147633e-02 3.782028518617153168e-02
4.722477891482412815e-02 3.786159478113404475e-02
4.210703424178063869e-02 3.713601731215021573e-02
4.368647979572415352e-02 4.050999410901567899e-02
4.296121170045807958e-02 4.040387400527833961e-02
4.233790928265079856e-02 3.822764532742439769e-02
4.405356332426890731e-02 3.500823035938083194e-02
3.934647276764735579e-02 3.329157665939419530e-02
3.854109958047047257e-02 3.947340906233876012e-02
4.070578754181042314e-02 3.363321744473068975e-02
3.634024696657434106e-02 3.593603800618438981e-02
4.048075253376737237e-02 3.482579777119099163e-02
4.356937325792387128e-02 3.602523274821578525e-02
3.818932716967537999e-02 3.510085533707751893e-02
4.290670464979484677e-02 3.400386642533703707e-02
3.803596814395859838e-02 4.125437332186265849e-02
4.218053194927051663e-02 3.776693186591728590e-02
4.271165461977943778e-02 3.805812916471040808e-02
3.921508946223184466e-02 3.973029090775526129e-02
4.308346071047708392e-02 3.609011254957295023e-02
3.832326101837679744e-02 3.964105088016367517e-02
4.534425650490447879e-02 3.549107469370937906e-02
4.337072646012529731e-02 3.818730383864021860e-02
4.076133173657581210e-02 3.596033018766320311e-02
4.100264709268230945e-02 3.097039882777608000e-02
3.915681941725779325e-02 3.491367169408476911e-02
4.316704366647172719e-02 3.555827683521783911e-02
3.856798373453784734e-02 3.413500255192047916e-02
4.092292622954118997e-02 3.998134089852101170e-02
4.174395634618122131e-02 3.652820540810353123e-02
4.358299200248438865e-02 3.901743251117295586e-02
4.015774193976540118e-02 3.662414816426462494e-02
3.880965181451756507e-02 3.418829655493027531e-02
4.245752988208550960e-02 3.855324574033147655e-02
4.265930471592582762e-02 3.481133063542074524e-02
3.735411693924106658e-02 3.290222494615591131e-02
4.141134550445713103e-02 3.399862142032361589e-02
4.128386249067261815e-02 3.591998424599296413e-02
4.248779517365619540e-02 3.484959390698350035e-02
4.337327938992530107e-02 3.741795572204864584e-02
3.978308022487908602e-02 4.019214052459574305e-02
