4.149116201538293608e-02 4.098617188679412604e-02
0.000000000000000000e+00 0.000000000000000000e+00
9.509193710982799530e-03 8.890216238796710968e-03
1.855721883475780487e-02 1.714334730058908463e-02
2.532719774171710014e-02 2.517701592296361923e-02
3.289083018898963928e-02 2.928674174472689629e-02
3.830131655558943748e-02 3.054391336627304554e-02
3.944531804881989956e-02 3.579431097023189068e-02
3.875516302650794387e-02 3.196607157588005066e-02
4.286024434259161353e-02 3.004674904514104128e-02
3.702839737525209785e-02 3.724856593180447817e-02
4.296734923264011741e-02 3.499461512546986341e-02
4.130820155842229724e-02 3.907765948679298162e-02
4.259089234983548522e-02 3.465456457342952490e-02
4.044922365574166179e-02 3.389367496129125357e-02
3.979301825165748596e-02 3.149404039140790701e-02
3.874288697261363268e-02 3.133294990402646363e-02
4.101124650333076715e-02 3.746694352594204247e-02
4.516017076093703508e-02 3.143437791732139885e-02
3.825557476375252008e-02 3.435709516634233296e-02
4.144679789897054434e-02 3.241142912884242833e-02
3.682206885423511267e-02 3.580932182376272976e-02
4.054165852721780539e-02 3.569088620861293748e-02
4.210120928473770618e-02 3.378613992390455678e-02
3.852945473045110703e-02 3.016677429695846513e-02
3.785435820464044809e-02 3.520436795224668458e-02
3.703800821676850319e-02 3.139442252722801641e-02
3.873226896394044161e-02 3.510342515801312402e-02
3.643337276298552752e-02 3.938814183493377641e-02
4.346989386249333620e-02 3.693465144169749692e-02
4.095553571823984385e-02 3.825475124904187396e-02
3.576749621424823999e-02 3.433458403014810756e-02
3.850124531891196966e-02 3.026414977648528293e-02
3.678161615971475840e-02 3.953930864372523502e-02
3.861491789575666189e-02 3.504312074073823169e-02
3.658134990837424994e-02 3.278452845552237704e-02
3.900471015367656946e-02 3.174113843851955608e-02
3.419742651749402285e-02 3.848372528591426089e-02
3.743599599692970514e-02 3.599943582230480388e-02
3.630596224684268236e-02 3.457875084859551862e-02
3.912356670480221510e-02 3.296110523660900071e-02
3.585688897874206305e-02 3.264127684087725356e-02
3.749453485943377018e-02 3.279931259021395817e-02
3.495114343240857124e-02 3.642597629368538037e-02
4.105280898511409760e-02 3.403744239039951935e-02
3.448019642382860184e-02 3.978283421747619286e-02
4.129393212497234344e-02 3.391418650426203385e-02
3.997042169794440269e-02 3.578236650355393067e-02
3.436519345268607140e-02 2.895608588733011857e-02
3.811100311577320099e-02 3.560065662168199196e-02
3.941565821878612041e-02 3.135351089440518990e-02
