2.187816681914380237e-02 4.757738373533958176e-02
0.000000000000000000e+00 0.000000000000000000e+00
8.257419802248477936e-03 8.077389560639858246e-03
1.583473989740014076e-02 1.774681825190782547e-02
2.187375118955969810e-02 2.681786194443702698e-02
2.874489687383174896e-02 3.674756921827793121e-02
2.869802676286781207e-02 4.384738579392433167e-02
2.932657083874801174e-02 5.039311293512582779e-02
2.116641929751494899e-02 4.371491400524973869e-02
2.084891728736693040e-02 5.332981562241911888e-02
2.407251645490759984e-02 4.489776166155934334e-02
2.486221717117587104e-02 5.393908964470028877e-02
2.236510805232683197e-02 4.693883284926414490e-02
2.404504587320843711e-02 5.535954516381025314e-02
2.791663460811832920e-02 4.984782077372074127e-02
2.302982114633778110e-02 5.424924241378903389e-02
2.446964281989494339e-02 4.814399499446153641e-02
2.536511436483124271e-02 4.443892138078808784e-02
2.332979036873439327e-02 5.210218764841556549e-02
2.876166409259894863e-02 5.311661213636398315e-02
2.306209706148365512e-02 5.143811553716659546e-02
2.898207554972032085e-02 5.017323046922683716e-02
2.275605840986827388e-02 4.714556550607085228e-02
2.387105153320590034e-02 5.534036224707961082e-02
2.283951154822716489e-02 5.024840729311108589e-02
2.378959404450142756e-02 5.177713767625391483e-02
2.622233131114626303e-02 5.570523743517696857e-02
2.393528199900174513e-02 5.039360909722745419e-02
2.393387830966275942e-02 4.966972203692421317e-02
2.746529611908954394e-02 5.441628530388697982e-02
2.300367285647553217e-02 5.043543915962800384e-02
2.542354506590527308e-02 4.988016467541456223e-02
2.410849139710080635e-02 4.913209599908441305e-02
2.325510725063395512e-02 5.712329258676618338e-02
2.727190244627308857e-02 5.132287403102964163e-02
2.599203577415210020e-02 5.124806125968461856e-02
2.758266441674095404e-02 5.047699590068077669e-02
2.111906409413677466e-02 5.008105059823719785e-02
2.422853107714217913e-02 5.080206295679090545e-02
2.420023973286333785e-02 4.804837260599015281e-02
2.050833874568525061e-02 4.964372421818552539e-02
2.124999334523636207e-02 4.637001244554994628e-02
2.446600595908421383e-02 5.245221102813957259e-02
2.741566567169684276e-02 4.820861317421076819e-02
2.399820612231451378e-02 4.911133739369688556e-02
2.480199262686255679e-02 4.978728025889722630e-02
2.301548414584431157e-02 4.569085046387044713e-02
2.342394284391957626e-02 4.708931850473163649e-02
2.600946939969617233e-02 5.149443423579214141e-02
2.014725153753715858e-02 4.668668540398357436e-02
2.355881511653024063e-02 4.957985178771195933e-02
