2.389380619828981173e-02 4.710348101565962897e-02
0.000000000000000000e+00 0.000000000000000000e+00
8.205909281969070435e-03 9.675371460616588593e-03
1.374953193590044975e-02 1.923435553908348083e-02
1.503954688087105751e-02 2.893204335123300552e-02
1.473928074119612575e-02 3.791776020079851151e-02
1.998560148058459163e-02 4.573597013950347900e-02
2.574773988453671336e-02 4.703374800737947226e-02
2.021954272640869021e-02 4.995766573119908571e-02
2.444811648456379771e-02 4.807568248361349106e-02
2.156238321913406253e-02 5.122046871110796928e-02
2.341421245364472270e-02 4.723449889570474625e-02
2.098162838956341147e-02 5.227677524089813232e-02
2.621998958056792617e-02 5.516626173630356789e-02
2.249872375978156924e-02 5.225590406917035580e-02
2.207672645454294980e-02 4.635007237084209919e-02
2.125581316067837179e-02 5.197520577348768711e-02
2.633317522122524679e-02 4.803761770017445087e-02
2.305273836827836931e-02 4.658104595728218555e-02
1.851480020559392869e-02 4.658196744509268683e-02
2.024406447890214622e-02 4.798571876250434798e-02
2.170797120197676122e-02 4.460477055050660056e-02
2.102034047129563987e-02 4.981842189096141738e-02
2.190797522780485451e-02 5.014605788397830111e-02
2.107659893226809800e-02 5.075571561116021257e-02
2.244255135883577168e-02 4.968023443012725693e-02
2.455734674003906548e-02 5.416762738838087898e-02
2.729022924904711545e-02 4.888711546897184235e-02
2.330518377129919827e-02 4.576520485221635681e-02
2.225634412025101483e-02 5.209075476392399651e-02
2.492286267806775868e-02 5.029248926672380549e-02
2.627187783946283162e-02 4.778752420912724119e-02
2.484277068288065493e-02 4.990950683946948629e-02
2.550180492107756436e-02 4.636090077343624216e-02
2.092212255229242146e-02 5.270523080486100298e-02
2.636846204404719174e-02 4.899449614691775423e-02
2.436491873231716454e-02 4.908077148371603471e-02
2.334141582832671702e-02 4.940772440983209890e-02
2.580007389769889414e-02 4.756013420643512291e-02
2.889984790817834437e-02 4.911469598533813041e-02
2.347962875501252711e-02 5.039927375270281118e-02
2.517572176293469965e-02 4.668888112297508997e-02
1.912379628629423678e-02 4.951736226445291322e-02
2.210608232417143881e-02 4.542527941754315179e-02
2.474658601568080485e-02 4.210190207464847845e-02
2.087091203429736197e-02 4.664644843666110319e-02
2.109606857993640006e-02 4.393574421061430257e-02
2.376713385456241667e-02 4.711594397900853437e-02
2.221322772675193846e-02 5.077926686732325834e-02
2.666610447340644896e-02 5.091169646999560428e-02
2.483920546364970505e-02 4.745821476041101050e-02
