2.272932475982122544e-02 4.738263600849269841e-02
0.000000000000000000e+00 0.000000000000000000e+00
8.984574116766452789e-03 9.964377619326114655e-03
1.654422376304864883e-02 1.994042098522186279e-02
2.367736538872122765e-02 2.986219711601734161e-02
2.582004270516335964e-02 3.980861511081457138e-02
2.848427020944654942e-02 4.715939098969101906e-02
2.758930827258154750e-02 5.330141820013523102e-02
2.584584261057898402e-02 4.989861417561769485e-02
2.386909624328836799e-02 5.012247728882357478e-02
2.345632575452327728e-02 5.173982906853780150e-02
2.480886119883507490e-02 4.911189613630995154e-02
2.425140520790591836e-02 5.157407809747382998e-02
2.363159978995099664e-02 5.600753816543146968e-02
2.414197765756398439e-02 5.182838503969833255e-02
2.322400413686409593e-02 5.462167918449267745e-02
2.496302447980269790e-02 5.361635744338855147e-02
2.498314104741439223e-02 5.351019203953910619e-02
2.423164393985643983e-02 5.380962668277788907e-02
2.400990870955865830e-02 5.204451149620581418e-02
2.343579199805390090e-02 5.194371706602396443e-02
2.346991923332097940e-02 5.429183971864404157e-02
2.172344830978545360e-02 5.008655042183818296e-02
1.922441624265047722e-02 4.649661575240315869e-02
2.112071170631679706e-02 4.981140280870022252e-02
2.097182467332459055e-02 5.039063475123839453e-02
2.164075805558240972e-02 5.151191732875304297e-02
2.111443536341539584e-02 5.425616290449397638e-02
2.187794938436127268e-02 5.303779635141836479e-02
2.380584485581493936e-02 5.374598055641399696e-02
2.517522815833217464e-02 5.290529458579840139e-02
2.477840310530154966e-02 5.180711777211399749e-02
2.034907904089777730e-02 5.570018443540902808e-02
2.460316964061348699e-02 5.719232233968796209e-02
2.630567969390540384e-02 5.468386319262208417e-02
2.574308222028776072e-02 5.351020012312801555e-02
2.663086121538071893e-02 5.418835074669914320e-02
2.520129514959990047e-02 5.138249306037323549e-02
2.614031388293369673e-02 5.074632139439927414e-02
2.667566970558254980e-02 5.254524440533714369e-02
2.723806933136074804e-02 4.898114532261388376e-02
2.713589505219715647e-02 5.227798299893038347e-02
2.505424707123893313e-02 5.412852956942515448e-02
2.453181416422012262e-02 4.786988028354244307e-02
2.538332489712047391e-02 5.173702707543270662e-02
2.557902125045075081e-02 5.281038984685437754e-02
2.597625521229929291e-02 5.290348395647015423e-02
2.901954543995088898e-02 4.890615712793078274e-02
2.853795719784102403e-02 5.455989843176212162e-02
2.689473164718947373e-02 5.140030347683932632e-02
2.706123006282723509e-02 5.049091186083387583e-02
