2.326635057082108993e-02 4.725572955417924048e-02
0.000000000000000000e+00 0.000000000000000000e+00
7.693734019994735718e-03 9.766492992639541626e-03
1.220097159966826439e-02 1.964388880878686905e-02
1.726050209254026413e-02 2.956499066203832626e-02
1.934973057359457016e-02 3.948375675827264786e-02
2.031093533150851727e-02 4.909432586282491684e-02
2.219571277964860201e-02 5.429518874734640121e-02
2.246652528992854059e-02 5.381136116920970380e-02
1.944280913448892534e-02 5.124486991553567350e-02
2.248051096103154123e-02 5.296373073360882699e-02
1.985957924625836313e-02 4.796606008312664926e-02
1.871828021830879152e-02 5.257114800042472780e-02
1.731711157481186092e-02 4.669137889868579805e-02
1.804617888410575688e-02 4.559455389971844852e-02
2.084766983170993626e-02 5.480506035382859409e-02
2.253404250950552523e-02 4.930436375434510410e-02
2.115326820057816803e-02 5.002335671451874077e-02
2.397953209583647549e-02 5.330451604095287621e-02
2.159449461032636464e-02 5.049081452307291329e-02
2.259409663383848965e-02 4.526552351308055222e-02
2.307452197419479489e-02 5.325357781839556992e-02
2.154924866044893861e-02 5.193876675912179053e-02
1.801940199220553041e-02 5.237413814757019281e-02
2.200269192690029740e-02 4.885182867292314768e-02
1.968551316531375051e-02 4.684423224534839392e-02
2.181307115824893117e-02 4.808735381811857224e-02
1.986269635381177068e-02 4.457303415983915329e-02
2.014881413197144866e-02 5.338353384286165237e-02
2.410530013730749488e-02 4.909464763477444649e-02
2.397214157099369913e-02 4.944843458360992372e-02
2.338863951445091516e-02 4.448210992268286645e-02
2.261874302348587662e-02 5.296540432027541101e-02
2.768611152714584023e-02 4.918569614528678358e-02
2.235095053038094193e-02 5.121312904520891607e-02
2.101969033537898213e-02 5.431965025491081178e-02
2.341981920471880585e-02 5.023593953228555620e-02
2.182994225586298853e-02 4.950179150910116732e-02
2.701534099469427019e-02 4.701539632515050471e-02
2.451435454713646322e-02 4.183520041988231242e-02
2.595221997762564570e-02 4.871271541924215853e-02
2.205993539246264845e-02 5.314324647770263255e-02
1.975598769786302000e-02 4.592999201850034297e-02
1.642734675260726362e-02 4.982331968494690955e-02
1.726153756317216903e-02 4.695722871110774577e-02
1.866755152877885848e-02 5.028273156494833529e-02
1.898954297939781100e-02 4.460049458430148661e-02
1.892520811088616028e-02 4.630018540774472058e-02
2.352730881102615967e-02 4.978619169560261071e-02
1.937342060409719124e-02 5.091059280675835907e-02
1.869451834500068799e-02 5.208372898050583899e-02
