4.134292858429209488e-02 4.105362297061070087e-02
0.000000000000000000e+00 0.000000000000000000e+00
9.494159370660781860e-03 9.487202391028404236e-03
1.842888910323381424e-02 1.918776519596576691e-02
2.252663439139723778e-02 2.511675609275698662e-02
3.083039773628115654e-02 3.172739269211888313e-02
3.768843412399291992e-02 3.189009906782303005e-02
3.087224299088120461e-02 3.709085205628070980e-02
3.429824626073241234e-02 3.571231292153242975e-02
3.528287203516811132e-02 2.988989373261574656e-02
2.948817133437842131e-02 3.547691601852420717e-02
3.271493792999535799e-02 3.429619806411210448e-02
3.615621093194931746e-02 3.032819672080222517e-02
2.797549299430102110e-02 3.808107391523662955e-02
3.399191785138100386e-02 3.328461085038725287e-02
3.645958111155778170e-02 3.599741125071886927e-02
4.117434064392000437e-02 3.464990227075759321e-02
3.416868310887366533e-02 4.394871859403792769e-02
4.087115370202809572e-02 3.854542669432703406e-02
3.736315330024808645e-02 4.081612989830318838e-02
3.986632649321109056e-02 3.670041893201414496e-02
3.570141515228897333e-02 3.536814184917602688e-02
3.693153930362313986e-02 3.059265356569085270e-02
3.559450583998113871e-02 3.786264605878386647e-02
4.113923956174403429e-02 3.411127407161984593e-02
3.449596057180315256e-02 4.199939560203347355e-02
4.136797285173088312e-02 3.668065195961389691e-02
3.564397722948342562e-02 3.646205490804277360e-02
4.236136341933161020e-02 3.226262875250540674e-02
3.361033613327890635e-02 3.953803828335367143e-02
3.821014810819178820e-02 3.578531448147259653e-02
3.766241064295172691e-02 3.052989239222370088e-02
3.791858186013996601e-02 3.568785390234552324e-02
3.641266701743006706e-02 3.976286607212387025e-02
3.994191507808864117e-02 3.604946573614142835e-02
3.399316896684467793e-02 3.916672788909636438e-02
3.920712578110396862e-02 3.591466401121579111e-02
3.768706554546952248e-02 4.239432545728050172e-02
4.110131971538066864e-02 3.966451747692190111e-02
3.585075959563255310e-02 4.087285741115920246e-02
3.758476837538182735e-02 3.735373957897536457e-02
3.809689864283427596e-02 3.876046519144438207e-02
3.384534822544082999e-02 4.028592442045919597e-02
3.960273362463340163e-02 3.610760017181746662e-02
3.480544121703132987e-02 3.835527456249110401e-02
3.648740920471027493e-02 3.770828284905292094e-02
3.587693488225340843e-02 3.304919638321734965e-02
3.387842467054724693e-02 3.312490620010066777e-02
3.613013308495283127e-02 3.770462768443394452e-02
3.131326148286461830e-02 4.129919894330669194e-02
3.808117331936955452e-02 3.630692158185411245e-02
