2.440690056676585520e-02 4.697578669298850540e-02
0.000000000000000000e+00 0.000000000000000000e+00
9.111299179494380951e-03 9.845005348324775696e-03
1.576770003885030746e-02 1.935670152306556702e-02
1.916877436451613903e-02 2.883137576282024384e-02
2.259737881831824780e-02 3.839289955794811249e-02
1.936138793826103210e-02 4.626399092376232147e-02
1.806045346893370152e-02 4.263876914046704769e-02
2.028043568134307861e-02 5.042756046168506145e-02
2.201028517447412014e-02 4.482310754247009754e-02
2.253075293265283108e-02 5.166756338439881802e-02
2.226873152540065348e-02 4.754032683558762074e-02
2.368309968733228743e-02 4.827102494891732931e-02
2.280533188604749739e-02 4.640063724946230650e-02
2.203884479240514338e-02 5.309743096586316824e-02
2.325049394858069718e-02 4.980595770757645369e-02
2.100565264117904007e-02 4.820660781115293503e-02
2.112577983643859625e-02 4.672248079441487789e-02
1.975223736371845007e-02 4.736632417188957334e-02
2.485234790947288275e-02 4.339788464130833745e-02
2.642436558380723000e-02 4.944383149268105626e-02
2.222761884331703186e-02 4.319901234703138471e-02
2.045288519002497196e-02 4.976598947541788220e-02
1.792218233458697796e-02 4.598001815611496568e-02
1.961602107621729374e-02 5.061897967243567109e-02
1.980140224623028189e-02 4.723194829421117902e-02
2.063169017492327839e-02 4.390290385344997048e-02
1.927658753993455321e-02 4.849460959667339921e-02
1.903827030037064105e-02 4.946114897029474378e-02
2.182460490439552814e-02 4.766130092320963740e-02
2.151534442964475602e-02 5.082486866740509868e-02
2.215749146125745028e-02 4.767524910857900977e-02
2.444493169605266303e-02 5.123849579831585288e-02
2.377708074345719069e-02 4.807579953921958804e-02
2.036270317330490798e-02 4.837980825686827302e-02
2.130937033507507294e-02 4.764853673987090588e-02
2.389308965939562768e-02 5.039335438050329685e-02
1.861562409612815827e-02 4.553874558769166470e-02
2.473027833912055939e-02 5.136331147514283657e-02
2.289294141519349068e-02 4.924609861336648464e-02
2.261418958369176835e-02 4.986007651314139366e-02
2.091449282306712121e-02 4.702711082063615322e-02
2.012892927450593561e-02 4.561257048044353724e-02
2.572677678836043924e-02 4.620901390444487333e-02
2.100385374797042459e-02 4.778537433594465256e-02
2.454454962571617216e-02 4.817383328918367624e-02
2.188482110796030611e-02 4.508481791708618402e-02
2.134768733230885118e-02 5.213608790654689074e-02
2.352730765414889902e-02 4.964978864882141352e-02
2.321105734154116362e-02 4.583454492967575788e-02
2.377866044116672128e-02 5.220295756589621305e-02
