4.290906557541149247e-02 4.032614290140500157e-02
0.000000000000000000e+00 0.000000000000000000e+00
9.358039125800132751e-03 8.857178501784801483e-03
1.903808861970901489e-02 1.769405789673328400e-02
2.738911379128694534e-02 2.425794163718819618e-02
3.246657364070415497e-02 3.121678158640861511e-02
3.907677857205271721e-02 3.607502719387412071e-02
3.897611407592194155e-02 3.443834150675684214e-02
4.220782669290201738e-02 4.131988494191318750e-02
4.720979120611445978e-02 3.692449082154780626e-02
3.865366365789668635e-02 4.358970758039504290e-02
4.482697119965450838e-02 4.057670605834573507e-02
3.867882799386279657e-02 3.613269131164997816e-02
3.893805336701916531e-02 3.325423772912472486e-02
3.765928879874991253e-02 3.339241440698970109e-02
3.907836328289704397e-02 3.163395282172132283e-02
3.425303899712162092e-02 3.860377306409645826e-02
3.923363151989178732e-02 3.461324256204534322e-02
4.290728254272835329e-02 3.990784678899217397e-02
3.912733734614448622e-02 4.188770796463359147e-02
4.504804785392479971e-02 3.701236560300458223e-02
3.809241072303848341e-02 4.211893626779783517e-02
4.554244277096586302e-02 3.647960345551837236e-02
3.759040550357894972e-02 4.324936536431778222e-02
4.075096088490681723e-02 3.896666686341632158e-02
4.527926172158913687e-02 3.687662417360115796e-02
3.882208752474980429e-02 4.497268675186205655e-02
4.474071186996297911e-02 4.102190789126325399e-02
3.894877533457474783e-02 3.880249914072919637e-02
3.747995541925774887e-02 3.364319512911606580e-02
4.405233049328671768e-02 3.502234521147329360e-02
3.608067864115582779e-02 4.391494284209329635e-02
4.359726067195879295e-02 3.667616595339495689e-02
3.633689013804541901e-02 4.254590145137626678e-02
4.531633453007088974e-02 3.835210048418957740e-02
3.830566275428282097e-02 3.584251723077613860e-02
3.467471845942782238e-02 3.549336573632899672e-02
3.920998465764569119e-02 3.813840403745416552e-02
4.135449179011629894e-02 3.468317889200989157e-02
3.668226622539805248e-02 4.317297578381840140e-02
4.096135026338743046e-02 3.801373137685004622e-02
4.006418830977054313e-02 3.844782126543577760e-02
4.396245943644316867e-02 3.944103255344089121e-02
3.823375085630686954e-02 4.309594396909233183e-02
4.225008597859414294e-02 3.718344726075883955e-02
3.660349769779713824e-02 4.406710992043372244e-02
4.418681876995833591e-02 3.771566411887761205e-02
3.852618055680068210e-02 3.849913737212773412e-02
4.422311241069110110e-02 3.441156771441455930e-02
3.659543337562354282e-02 4.046357188781257719e-02
4.251105234288843349e-02 3.988019800453912467e-02
