2.184141734663523626e-02 4.758561619567763801e-02
0.000000000000000000e+00 0.000000000000000000e+00
9.364305064082145691e-03 9.554496034979820251e-03
1.817848253995180130e-02 1.938740257173776627e-02
2.497453475371003151e-02 2.901533152908086777e-02
3.166800271719694138e-02 3.842656407505273819e-02
3.210039983969181776e-02 4.684384167194366455e-02
3.142349614063277841e-02 4.971764725632965565e-02
3.024802816798910499e-02 5.053363722981885076e-02
2.822051075054332614e-02 4.672863782616332173e-02
2.894086384912952781e-02 4.262329154880717397e-02
2.836861636023968458e-02 4.908477450953796506e-02
2.469262585509568453e-02 5.302869231672957540e-02
2.652109251357614994e-02 5.116112093674018979e-02
2.751950721722096205e-02 5.077100318158045411e-02
2.649209904484450817e-02 4.727386875310912728e-02
2.605611135368235409e-02 4.772752328426577151e-02
2.488253710907883942e-02 4.503601547912694514e-02
2.597939365659840405e-02 5.260175224975682795e-02
2.383840971742756665e-02 5.154167409637011588e-02
2.426280072540976107e-02 5.137751098664011806e-02
2.378171434975229204e-02 4.685064205841626972e-02
2.454141605994664133e-02 5.054503922292497009e-02
2.451266218304226641e-02 4.872218494710978121e-02
2.395764043649251107e-02 4.936076885496731848e-02
2.389876594861561898e-02 5.055714734771754593e-02
2.421795120790193323e-02 4.826644981221761554e-02
2.478438485741207842e-02 4.939285955333616585e-02
2.308187119524518494e-02 4.771548054122831672e-02
2.344872107823903207e-02 4.600037004274781793e-02
2.372267712235043291e-02 5.060369263810571283e-02
2.320512166807020549e-02 4.700578235497232527e-02
2.121767044627631549e-02 4.672001682047266513e-02
2.130544424471736420e-02 4.420161813322920352e-02
2.387424820517480839e-02 4.654209346335846931e-02
2.343823664887167979e-02 4.272719293658155948e-02
2.021631293064274359e-02 4.397246027656365186e-02
2.331660801610269118e-02 4.135515536472667009e-02
2.239159521013789345e-02 4.220446910767350346e-02
2.129404366314702202e-02 4.925618007837329060e-02
2.294236005582206417e-02 4.678975431306753308e-02
2.234138790117867757e-02 4.734876241127494723e-02
2.340539996112056542e-02 4.473200162465218455e-02
2.401439848654263187e-02 4.455778976262081414e-02
2.120055517480068374e-02 4.364597222593147308e-02
2.078389786947809625e-02 4.723889597516972572e-02
2.054950916681264061e-02 4.398087279696483165e-02
2.092942917261098046e-02 4.415913479169830680e-02
2.467238386634562630e-02 4.424101964832516387e-02
2.756705945830617566e-02 4.740629194566281512e-02
2.547870642047200818e-02 4.677148164046229795e-02
