4.220416220303080390e-02 4.065764552832963619e-02
0.000000000000000000e+00 0.000000000000000000e+00
9.839411824941635132e-03 9.477779269218444824e-03
1.912550255656242371e-02 1.888255402445793152e-02
2.652284782379865646e-02 2.779844589531421661e-02
3.438233118504285812e-02 2.893453778233379126e-02
3.237873548641800880e-02 3.722820931579917669e-02
3.551150299608707428e-02 3.311523364391177893e-02
3.025075374171137810e-02 3.781030920799821615e-02
3.794749919325113297e-02 3.471752151381224394e-02
3.915067261550575495e-02 3.891950089018791914e-02
3.743864968419075012e-02 3.389887500088661909e-02
3.114002151414752007e-02 3.787253319751471281e-02
3.798028873279690742e-02 3.393397748004645109e-02
3.232828387990593910e-02 3.918017062824219465e-02
3.810005309060215950e-02 3.388464206364005804e-02
3.912112233228981495e-02 3.346056694863364100e-02
3.552984120324254036e-02 4.206586180953308940e-02
3.915193560533225536e-02 3.495709382696077228e-02
3.264941112138330936e-02 3.686124883824959397e-02
3.991989954374730587e-02 3.148330195108428597e-02
3.330350923351943493e-02 4.099023534217849374e-02
3.866525203920900822e-02 3.454832272836938500e-02
3.420347557403147221e-02 3.890044853324070573e-02
4.039238090626895428e-02 3.589124797144904733e-02
3.450815076939761639e-02 4.281937243649736047e-02
4.070930113084614277e-02 3.589053457835689187e-02
3.497145115397870541e-02 3.851296968059614301e-02
3.933708579279482365e-02 3.141417802544310689e-02
3.232541703619062901e-02 4.098494333447888494e-02
3.949963697232306004e-02 3.479473228799179196e-02
3.419259446673095226e-02 3.969725017668679357e-02
4.127907264046370983e-02 3.446681826608255506e-02
3.236451442353427410e-02 4.062113241525366902e-02
3.872761060483753681e-02 3.534275275887921453e-02
3.749191691167652607e-02 3.369316441239789128e-02
3.943957609590142965e-02 3.535656427266076207e-02
3.803778637666255236e-02 3.817353938939049840e-02
3.931911219842731953e-02 3.547226876253262162e-02
3.681410546414554119e-02 3.798844787525013089e-02
4.023600928485393524e-02 3.264032752485945821e-02
3.355361334979534149e-02 3.692017198773100972e-02
3.519725427031517029e-02 3.161060652928426862e-02
3.606338961981236935e-02 3.431906067999079823e-02
3.792633628472685814e-02 3.815629548626020551e-02
3.922021959442645311e-02 3.624454449163749814e-02
3.478867758531123400e-02 3.622656653897138312e-02
4.079481691587716341e-02 3.729983990342589095e-02
3.471699974033981562e-02 3.646950785332592204e-02
3.497876544133760035e-02 3.361815645621391013e-02
3.529588360106572509e-02 3.561596934014232829e-02
