2.533740800771501836e-02 4.673683763412249392e-02
0.000000000000000000e+00 0.000000000000000000e+00
8.778478950262069702e-03 9.922012686729431152e-03
1.688526943325996399e-02 1.980775129050016403e-02
2.383513515815138817e-02 2.970671374350786209e-02
2.834468893706798553e-02 3.955839294940233231e-02
2.880004575126804411e-02 4.917323496192693710e-02
2.774751294055022299e-02 4.735756607260555029e-02
2.471905355923809111e-02 5.597285495605319738e-02
2.564545397763140500e-02 5.369360919576138258e-02
2.281004193355329335e-02 5.153674597386270761e-02
2.375544069218449295e-02 5.435602285433560610e-02
2.432474607485346496e-02 5.520201183389872313e-02
2.355329031706787646e-02 5.249290924984961748e-02
2.507169361342675984e-02 4.893672873731702566e-02
2.406038102344609797e-02 5.222389625851064920e-02
2.660506535903550684e-02 4.925442521926015615e-02
2.546404945314861834e-02 4.843228287063539028e-02
2.619799840613268316e-02 4.927976074395701289e-02
2.665830479236319661e-02 4.920855882664909586e-02
2.737091644667088985e-02 4.870501640107249841e-02
2.684347616741433740e-02 5.558503712381934747e-02
3.033977007726207376e-02 5.171221834461903200e-02
2.709341637091711164e-02 5.117596012860303745e-02
2.704296342562884092e-02 5.118967158068699064e-02
2.646474115317687392e-02 5.003892824333888711e-02
2.462586463661864400e-02 4.638885434997064294e-02
2.657321147853508592e-02 5.249704754260164918e-02
2.607894892571493983e-02 5.213609374641237082e-02
2.758839359739795327e-02 4.941690796567854704e-02
2.457801887067034841e-02 4.946820729765022406e-02
2.622395224170759320e-02 5.097671016937965760e-02
2.451330196345224977e-02 5.046517239770764718e-02
2.608299622079357505e-02 4.784887657388026128e-02
2.662210114067420363e-02 5.384328822492534528e-02
2.561040228465572000e-02 4.983214708863670239e-02
2.410688466625288129e-02 4.742600001281971345e-02
2.500261727254837751e-02 4.800977622744539985e-02
2.600228018127381802e-02 4.656064132814208278e-02
2.356535336002707481e-02 4.893599492152134189e-02
2.248121995944529772e-02 4.988144379694858799e-02
1.993731933180242777e-02 4.819294083517888794e-02
2.157378150150179863e-02 4.897676694326946745e-02
2.536082454025745392e-02 4.546937283248553285e-02
2.273156540468335152e-02 4.676964222107926616e-02
2.227458255947567523e-02 4.510690092229197035e-02
2.201950090238824487e-02 4.733583570578048239e-02
2.082783723017200828e-02 4.946201440998265753e-02
1.845313090598210692e-02 5.183896405742416391e-02
1.792868634220212698e-02 4.907875887238333235e-02
1.975791831500828266e-02 4.996909248529846082e-02
