2.252611574941068562e-02 4.742984198511333849e-02
0.000000000000000000e+00 0.000000000000000000e+00
9.131338447332382202e-03 9.455708786845207214e-03
1.720258872956037521e-02 1.907788217067718506e-02
2.428980497643351555e-02 2.906185295432806015e-02
2.560329227708280087e-02 3.802922368049621582e-02
2.896785992197692394e-02 4.685252066701650620e-02
2.564195310696959496e-02 5.628088302910327911e-02
2.554445183341158554e-02 5.018474766984581947e-02
2.492296910349978134e-02 5.473458580672740936e-02
2.279322250251425430e-02 5.043814284726977348e-02
2.576274010789347813e-02 5.066137296671513468e-02
2.680544699978781864e-02 5.458508247102145106e-02
2.471214025717927143e-02 5.064987998048309237e-02
2.491728394670644775e-02 5.311890460143331438e-02
2.282630597619572654e-02 4.631675641576293856e-02
2.241178011900046840e-02 5.269268761912826449e-02
2.342747667717048898e-02 5.143856654467526823e-02
2.441868515597889200e-02 5.189678796159569174e-02
2.504980055527994409e-02 5.255363708420190960e-02
2.308300583536038175e-02 4.610144266916904598e-02
2.745838955888757482e-02 5.542684173269663006e-02
2.481156544672558084e-02 4.963676504848990589e-02
2.274687847966561094e-02 4.746947217790875584e-02
2.280044398139580153e-02 5.516962813271675259e-02
2.283453187556006014e-02 5.012275990156922489e-02
2.008700105943717062e-02 5.135651399905327708e-02
2.271504132659174502e-02 5.512801931763533503e-02
2.139066313975490630e-02 5.031791191140655428e-02
2.294660304323770106e-02 5.300129020179156214e-02
2.006062064901925623e-02 5.608751975523773581e-02
1.971686814795248210e-02 4.954242311941925436e-02
2.254482239368371665e-02 5.594249560090247542e-02
1.948612902197055519e-02 5.161303120257798582e-02
1.854467843077145517e-02 5.663424801605287939e-02
1.700728814466856420e-02 5.494104874378535897e-02
1.490376525907777250e-02 5.009114545828197151e-02
1.640285665052942932e-02 5.581586378684733063e-02
1.943296843091957271e-02 5.317302247567567974e-02
2.208141979645006359e-02 5.507053273322526366e-02
2.158383608912117779e-02 5.766148214752320200e-02
2.213950039003975689e-02 5.567734736541751772e-02
1.669867665623314679e-02 5.484484335465822369e-02
1.573675367399118841e-02 5.172780052816960961e-02
1.921207629493437707e-02 5.478704570850823075e-02
2.057052330928854644e-02 5.426004885521251708e-02
2.131172970985062420e-02 5.540840626053977758e-02
2.012803396792151034e-02 5.386607949913013726e-02
2.192097858642227948e-02 5.978641794354189187e-02
1.922545026172883809e-02 5.717523205385077745e-02
1.741608339943923056e-02 5.588752376206684858e-02
