4.072421383327040623e-02 4.133202290359098974e-02
0.000000000000000000e+00 0.000000000000000000e+00
9.724383242428302765e-03 9.817059151828289032e-03
1.923936605453491211e-02 1.949139311909675598e-02
2.855924610048532486e-02 2.837593946605920792e-02
3.294834727421402931e-02 3.756476566195487976e-02
3.411018836777657270e-02 3.426396660506725311e-02
3.028949012514203787e-02 4.314730316400527954e-02
3.524892067071050406e-02 3.737041167914867401e-02
3.624759172089397907e-02 4.265660466626286507e-02
3.854438988491892815e-02 3.858249029144644737e-02
3.504505613818764687e-02 4.456420009955763817e-02
4.036811087280511856e-02 3.756036702543497086e-02
3.391521377488970757e-02 4.496519966050982475e-02
4.064221307635307312e-02 3.904088772833347321e-02
3.545574424788355827e-02 3.949940716847777367e-02
3.406762541271746159e-02 3.605600167065858841e-02
3.322268370538949966e-02 3.816051059402525425e-02
3.751521930098533630e-02 3.582951240241527557e-02
3.193644480779767036e-02 4.372343607246875763e-02
3.974486747756600380e-02 3.729018056765198708e-02
3.328866558149456978e-02 4.054127284325659275e-02
3.834415739402174950e-02 3.469343227334320545e-02
3.034313907846808434e-02 4.322011047042906284e-02
3.771588997915387154e-02 3.729024413041770458e-02
3.004447743296623230e-02 3.600360045675188303e-02
3.615772398188710213e-02 3.063950699288398027e-02
3.106811922043561935e-02 3.976152569521218538e-02
3.750350372865796089e-02 3.293502388987690210e-02
3.092541079968214035e-02 4.263315687421709299e-02
3.806334361433982849e-02 3.754825622308999300e-02
3.263488551601767540e-02 3.484762820880860090e-02
3.774387389421463013e-02 3.261618770193308592e-02
2.992930077016353607e-02 4.182696796488016844e-02
3.558551659807562828e-02 3.821299422997981310e-02
3.794847708195447922e-02 3.687877650372684002e-02
3.189230244606733322e-02 3.578605945222079754e-02
3.713711071759462357e-02 3.554967817035503685e-02
3.145422600209712982e-02 3.597833926323801279e-02
3.488232987001538277e-02 3.218792809639126062e-02
2.806670824065804482e-02 3.992658632341772318e-02
3.621466783806681633e-02 3.432459814939647913e-02
3.255920927040278912e-02 3.743909101467579603e-02
3.719321289099752903e-02 3.275650960858911276e-02
3.116444335319101810e-02 4.041792114730924368e-02
3.763876878656446934e-02 3.456177550833672285e-02
3.073307988233864307e-02 4.023672861512750387e-02
3.386273025535047054e-02 3.590905701275914907e-02
3.670470835641026497e-02 3.496669686865061522e-02
3.119738074019551277e-02 3.948636434506624937e-02
3.777357796207070351e-02 3.507489420007914305e-02
