2.154472573842151906e-02 4.765154782621829066e-02
0.000000000000000000e+00 0.000000000000000000e+00
9.142057970166206360e-03 9.936864487826824188e-03
1.799300406128168106e-02 1.955340523272752762e-02
2.498890832066535950e-02 2.948566060513257980e-02
2.939241845160722733e-02 3.905479516834020615e-02
2.831718826200813055e-02 4.753150977194309235e-02
2.888928673928603530e-02 5.141482385806739330e-02
3.149689681595191360e-02 4.776520957238972187e-02
2.855744253611192107e-02 5.041690799407660961e-02
3.259929543128237128e-02 5.137888161698356271e-02
2.948545356048271060e-02 5.207374779274687171e-02
2.870534383691847324e-02 5.012402980355545878e-02
2.671726304106414318e-02 4.568200203357264400e-02
2.779351547360420227e-02 4.439904546597972512e-02
2.736000137520022690e-02 4.683330265106633306e-02
2.889675929327495396e-02 5.132726609008386731e-02
2.750721297343261540e-02 5.068860290339216590e-02
3.206651381333358586e-02 4.891889629652723670e-02
2.795250018243677914e-02 5.086519179167225957e-02
2.731041036895476282e-02 4.807520640315487981e-02
2.863138515385799110e-02 5.340057966532185674e-02
2.864460069577035028e-02 5.293141066795215011e-02
2.871115524067135993e-02 5.216705024940893054e-02
2.844708699012699071e-02 4.928838316118344665e-02
2.968441864686610643e-02 4.918936256581218913e-02
2.715227270709874574e-02 5.199075688869925216e-02
2.961849590974452440e-02 4.739727371634216979e-02
3.054219980003836099e-02 5.177018757240148261e-02
3.300411121199431363e-02 5.003122334164800122e-02
2.893626882905664388e-02 4.607183719781460240e-02
2.807508485602738801e-02 4.953433410992147401e-02
3.020320420364441816e-02 5.069534551148535684e-02
2.840121760709735099e-02 5.220293056481750682e-02
2.725137904963048641e-02 5.201296757877571508e-02
2.728638605003652629e-02 4.889888309844536707e-02
2.465469988783297595e-02 4.573902760603232309e-02
2.894862781067786273e-02 4.567359601060161367e-02
2.884164224633423146e-02 4.124792273069033399e-02
2.942759047982690390e-02 4.854379109019646421e-02
2.684492843945918139e-02 4.461489784443983808e-02
2.887770061170158442e-02 4.111581322649726644e-02
2.622344570954737719e-02 4.780308696354040876e-02
2.780841656749544200e-02 4.513969159597763792e-02
2.488189183895883616e-02 4.566663361765677109e-02
2.512934290825796779e-02 4.154094585828715935e-02
2.704349718078447040e-02 4.285737404279643670e-02
2.399883348516596016e-02 4.785075781546765938e-02
2.616573054365289863e-02 4.395348902471596375e-02
2.791927055477572139e-02 4.192507031984860078e-02
2.569539797514153179e-02 4.798194624163443223e-02
