4.117250395010201014e-02 4.113081212454344771e-02
0.000000000000000000e+00 0.000000000000000000e+00
9.687733836472034454e-03 7.684771902859210968e-03
1.842060592025518417e-02 1.650480832904577255e-02
2.652446273714303970e-02 2.495896164327859879e-02
3.373214462772011757e-02 2.895496413111686707e-02
4.010482272133231163e-02 3.122975979931652546e-02
3.728437819518148899e-02 3.555517108179628849e-02
4.320758837275207043e-02 3.331536031328141689e-02
3.869856032542884350e-02 4.093646002002060413e-02
4.371723323129117489e-02 3.597756824456155300e-02
4.034374514594674110e-02 3.686459502205252647e-02
3.922459227032959461e-02 3.636320197256281972e-02
4.151328653097152710e-02 3.511413064552471042e-02
3.734436677768826485e-02 3.625350206857547164e-02
4.063435480929911137e-02 3.273904899833723903e-02
3.740045311860740185e-02 3.798445657594129443e-02
3.873411891981959343e-02 3.483497462002560496e-02
3.766899881884455681e-02 3.832352830795571208e-02
4.369952250272035599e-02 3.831159724632016150e-02
4.141166387125849724e-02 4.185351618343702285e-02
4.059384408174082637e-02 3.958040015550068347e-02
4.400854877894744277e-02 3.642084617877117125e-02
3.925201849779114127e-02 4.154940956050268142e-02
4.063203284749761224e-02 3.664195519650093047e-02
3.790791827486827970e-02 3.520162152835837333e-02
4.230189166264608502e-02 3.876957931333890883e-02
4.023668734589591622e-02 3.833760896941384999e-02
3.835313947638496757e-02 3.383396024128160207e-02
4.047912260284647346e-02 3.449417225328943459e-02
3.720413841074332595e-02 3.455095044319023145e-02
3.983924182830378413e-02 3.173295971919287695e-02
3.722345869755372405e-02 4.087356296349753393e-02
4.185268928995355964e-02 3.658716990594257368e-02
4.021071846364066005e-02 3.650345816549815936e-02
4.072822624584659934e-02 3.247037693199672503e-02
4.120794587652198970e-02 3.650312940862932010e-02
3.960382516379468143e-02 3.988517797824897571e-02
4.357815530966036022e-02 3.551320615497388644e-02
3.796119565959088504e-02 4.054610315051832004e-02
4.232367125223390758e-02 3.502982086774864001e-02
3.964140449534170330e-02 3.518555230675701750e-02
4.395262288744561374e-02 3.578409976307739271e-02
3.697559886495582759e-02 4.045118722115148557e-02
3.970193184795789421e-02 3.631054661218513502e-02
4.166023523430339992e-02 3.793123625200678362e-02
3.896094599622301757e-02 4.094763896409858717e-02
4.416787179070524871e-02 3.836309821326722158e-02
3.802743760752491653e-02 3.846290261117246700e-02
4.313426578301005065e-02 3.350228695762780262e-02
3.589995505171827972e-02 3.915037746173766209e-02
