4.238623053110412986e-02 4.057266398513459382e-02
0.000000000000000000e+00 0.000000000000000000e+00
9.834687225520610809e-03 9.290819987654685974e-03
1.885790750384330750e-02 1.877262443304061890e-02
2.632362255826592445e-02 2.617039857432246208e-02
3.230283875018358231e-02 3.289216803386807442e-02
3.674800042062997818e-02 3.467326320242136717e-02
3.452764172106981277e-02 3.700552845839411020e-02
3.380330465734004974e-02 3.302115353289991617e-02
3.846905240789055824e-02 4.049569845665246248e-02
3.727894194889813662e-02 3.900092071853578091e-02
3.438142372760921717e-02 3.743451903574168682e-02
3.706813056487590075e-02 3.781771491048857570e-02
3.523387038148939610e-02 3.845300147077068686e-02
3.850553114898502827e-02 3.725043189479038119e-02
3.234868799336254597e-02 4.535226494772359729e-02
3.887478983961045742e-02 4.049051430774852633e-02
3.334207902662456036e-02 4.063345697068143636e-02
3.779734508134424686e-02 3.463495960750151426e-02
3.072899230755865574e-02 4.432343012013006955e-02
3.616123297251760960e-02 3.889288632490206510e-02
3.453169984277337790e-02 3.703695147123653442e-02
3.499895732966251671e-02 3.861706222232896835e-02
3.335608521592803299e-02 3.784170596918556839e-02
3.763434782740660012e-02 3.719108192308340222e-02
3.212815083679743111e-02 3.318047164066229016e-02
3.543947011348791420e-02 3.568271281255874783e-02
3.806559115764684975e-02 3.647361994080711156e-02
3.690699432627297938e-02 3.870594264299143106e-02
3.693943475082051009e-02 3.495750665024388582e-02
2.996417884423863143e-02 3.643740767438430339e-02
3.643401018052827567e-02 3.375040886749047786e-02
3.189863781153690070e-02 3.644975188944954425e-02
3.835932588845025748e-02 3.672548894246574491e-02
3.518275315582286566e-02 4.035164460947271436e-02
3.793270028836559504e-02 3.451914618199225515e-02
3.387400908104609698e-02 4.006345568632241338e-02
3.677508262626361102e-02 3.562237460573669523e-02
3.619958429771941155e-02 3.785620884445961565e-02
3.902883308182936162e-02 3.482974854705389589e-02
3.125255966733675450e-02 4.024251525697764009e-02
3.711841946642380208e-02 3.662894082663115114e-02
3.699570125900208950e-02 3.822614972887095064e-02
3.488789219409227371e-02 3.868157211400102824e-02
3.800034057348966599e-02 3.546818257018458098e-02
3.452482121065258980e-02 3.871549251198302954e-02
3.641642222646623850e-02 3.656497904739808291e-02
3.876116999890655279e-02 3.738231128954794258e-02
3.337659023236483335e-02 3.341374463343527168e-02
3.635866648983210325e-02 3.992315345385577530e-02
3.723160270601511002e-02 3.609467447677161545e-02
