2.354725237764256074e-02 4.718810063718503756e-02
0.000000000000000000e+00 0.000000000000000000e+00
8.720605634152889252e-03 8.949832990765571594e-03
1.576315890997648239e-02 1.871270406991243362e-02
2.033768640831112862e-02 2.855241950601339340e-02
2.215217449702322483e-02 3.805709071457386017e-02
2.002051100134849548e-02 4.644664563238620758e-02
1.747917174361646175e-02 5.000459216535091400e-02
2.023073425516486168e-02 4.666760121472179890e-02
1.762369275093078613e-02 5.297157564200460911e-02
1.956281065940856934e-02 4.651587619446218014e-02
2.048758743330836296e-02 5.297339451499283314e-02
2.042676745259086601e-02 4.756940738297998905e-02
1.865447048839996569e-02 5.283493385650217533e-02
2.212503661212394945e-02 4.688770952634513378e-02
1.801387608793447725e-02 4.839688236825168133e-02
1.871136725458200090e-02 4.760662256740033627e-02
2.013227644420112483e-02 4.472567862831056118e-02
2.183563644575770013e-02 4.639674967620521784e-02
2.099281186747248285e-02 5.431005975697189569e-02
2.327100732873077504e-02 4.882358817849308252e-02
2.161175953733618371e-02 4.718636837787926197e-02
2.373146159152383916e-02 4.988028132356703281e-02
2.407828192735905759e-02 4.992912851957953535e-02
2.544321630193735473e-02 5.058555086361593567e-02
2.125399651049519889e-02 4.731676788287586533e-02
2.155466140175121836e-02 5.421225740792579018e-02
2.035599232112872414e-02 4.888559193568653427e-02
2.258865937983500771e-02 4.805918605052283965e-02
2.246909127643448301e-02 4.208164437659434043e-02
2.588674523940426297e-02 5.062816626377752982e-02
2.211309648191672750e-02 4.534129573949030600e-02
1.843694020135444589e-02 4.860759558141580783e-02
1.865419435853254981e-02 5.146368089117459022e-02
2.254433084817719646e-02 4.618006068267277442e-02
2.214267601448227651e-02 4.864167872801772319e-02
2.128016461574588902e-02 4.842377249951823615e-02
2.184294090329785831e-02 4.719333891625865363e-02
2.073761863357503898e-02 5.136968131046160124e-02
2.524364875353057869e-02 5.289715277831419371e-02
2.650376358724315651e-02 5.089301458428963087e-02
2.797005088723381050e-02 4.859846835825010203e-02
2.603610903679509647e-02 5.084872600491507910e-02
2.737128171793301590e-02 5.267181869930936955e-02
2.365756799190421589e-02 4.958603198974742554e-02
2.208145785334636457e-02 4.853931482284679078e-02
2.229757832901668735e-02 4.932181769618182443e-02
2.566845684850704856e-02 5.049597308607189916e-02
2.806525856794905849e-02 4.962633060858934186e-02
2.794635326790739782e-02 5.061867879339843057e-02
2.812722117596422322e-02 4.643471957751899026e-02
