4.243429272391065904e-02 4.055015627276113699e-02
0.000000000000000000e+00 0.000000000000000000e+00
9.786224924027919769e-03 9.527146816253662109e-03
1.888367440551519394e-02 1.887345500290393829e-02
2.794234082102775574e-02 2.571752341464161873e-02
3.553378023207187653e-02 2.899532578885555267e-02
3.868606965988874435e-02 3.026316186878830194e-02
3.438716568052768707e-02 3.875667194370180368e-02
4.229679051786661148e-02 3.367106022778898478e-02
3.840590314939618111e-02 3.961928060743957758e-02
4.272912908345460892e-02 3.350436326581984758e-02
3.748574899509549141e-02 3.998588782269507647e-02
4.212986631318926811e-02 3.425099526066333055e-02
3.860048949718475342e-02 3.398559903143905103e-02
4.538438376039266586e-02 3.433367464458569884e-02
3.867600020021200180e-02 4.225810378557071090e-02
4.183467198163270950e-02 3.690564812859520316e-02
4.210811067605391145e-02 3.576610510936006904e-02
3.745513973990455270e-02 3.270007151877507567e-02
3.564857371384277940e-02 2.880700136302039027e-02
4.157034732634201646e-02 2.977572462987154722e-02
3.502068208763375878e-02 3.949658002238720655e-02
3.998695506015792489e-02 3.455767349805682898e-02
3.549254784593358636e-02 3.169660421553999186e-02
3.970747726270928979e-02 3.205596774932928383e-02
3.701709659071639180e-02 3.773066939902491868e-02
4.029550106497481465e-02 3.472250283812172711e-02
3.722302644746378064e-02 3.362317805294878781e-02
3.612121968762949109e-02 3.354601030878257006e-02
3.760661027627065778e-02 2.983189355290960521e-02
3.464106755563989282e-02 3.881567790813278407e-02
4.146149341249838471e-02 3.342892117507290095e-02
3.824043163331225514e-02 3.573517016775440425e-02
4.198538191849365830e-02 4.019565023190807551e-02
4.140203725546598434e-02 3.577171619690489024e-02
3.934153565205633640e-02 3.564885373634751886e-02
3.557284618727862835e-02 3.205854770203586668e-02
4.010112793184816837e-02 3.428965921921189874e-02
3.887812711764127016e-02 3.490730757766868919e-02
4.192853893619030714e-02 3.243906852731015533e-02
3.608569304924458265e-02 3.708938705676700920e-02
4.412033676635473967e-02 3.476760569901671261e-02
3.736313467379659414e-02 3.995414204837288707e-02
4.147781839128583670e-02 4.058885043195914477e-02
3.904719825368374586e-02 3.676331839233171195e-02
4.050049057696014643e-02 3.632933936023619026e-02
3.832940163556486368e-02 3.827421982714440674e-02
3.757054870948195457e-02 3.772460900654550642e-02
3.744937008741544560e-02 3.594561955833341926e-02
3.943542060005711392e-02 3.787886873760726303e-02
3.982213792187394574e-02 3.658595935849007219e-02
