2.222201370899806391e-02 4.749965182869682334e-02
0.000000000000000000e+00 0.000000000000000000e+00
9.745469316840171814e-03 9.840697981417179108e-03
1.660461910068988800e-02 1.942116301506757736e-02
2.376377349719405174e-02 2.913175709545612335e-02
2.925114845857024193e-02 3.882638551294803619e-02
3.275042260065674782e-02 4.742022790014743805e-02
2.563317585736513138e-02 4.511571396142244339e-02
2.571575213369214907e-02 5.406938865780830383e-02
2.297378713410580531e-02 5.278546351473778486e-02
2.072512274753535166e-02 4.833714931737631559e-02
2.566491821926319972e-02 4.776887682965025306e-02
2.479310436319792643e-02 4.767187206016387790e-02
2.349310144927585497e-02 5.573968948738183826e-02
2.634770362783456221e-02 5.146647045330610126e-02
2.294562207680428401e-02 4.880181919725146145e-02
2.036067131120944396e-02 4.819960844179149717e-02
2.341523287032032385e-02 5.468993679096456617e-02
2.673714989941800013e-02 4.921898616885300726e-02
2.209217669587815180e-02 4.972755325434263796e-02
2.540824525203788653e-02 4.932813359482679516e-02
2.352244020585203543e-02 5.486436806677374989e-02
2.793012126494431868e-02 5.062595954223070294e-02
2.203806336183333769e-02 4.810190074204001576e-02
2.581511191237950698e-02 5.481179351045284420e-02
2.292431760724866763e-02 5.074789667560253292e-02
2.403047015104675665e-02 5.032236482657026500e-02
2.009680201445007697e-02 4.578228136233519763e-02
2.334058690030360594e-02 5.476183565042447299e-02
2.600924424041295424e-02 5.141185321554075927e-02
2.297146488126600161e-02 4.672075812413822860e-02
2.279891778744058684e-02 5.286346147477161139e-02
2.288015533849829808e-02 4.829506347596179694e-02
2.428594869707012549e-02 5.083918040327262133e-02
2.162382528331363574e-02 4.890368173073511571e-02
2.019199063215637580e-02 5.439315729017835110e-02
2.345486204285407439e-02 5.052540723409038037e-02
2.545504118461394683e-02 4.839756495493929833e-02
2.431886338308686391e-02 5.640938847500365227e-02
2.471287153457524255e-02 5.249915381136815995e-02
1.972677023877622560e-02 5.110247390985023230e-02
1.810047601611586288e-02 5.250262636400293559e-02
1.992933837027521804e-02 4.922853251628112048e-02
2.195684763864846900e-02 5.495779290504287928e-02
2.498816105799051002e-02 5.329536697536241263e-02
2.214923233987065032e-02 4.838016540452372283e-02
2.127170417952584103e-02 5.312060848518740386e-02
2.372273541550384834e-02 5.113951237581204623e-02
2.244644443999277428e-02 4.956964524171780795e-02
2.390316042146878317e-02 5.376876126683782786e-02
2.075580048403935507e-02 5.217583970807027072e-02
