2.143257818807116268e-03 4.997702959141225865e-02
0.000000000000000000e+00 0.000000000000000000e+00
6.774442270398139954e-03 9.967509657144546509e-03
1.164512615650892258e-02 1.996104791760444641e-02
1.610295753926038742e-02 2.978278417140245438e-02
1.878197398036718369e-02 3.957675676792860031e-02
2.023559890221804380e-02 4.858375992625951767e-02
1.791484688874334097e-02 4.773266997653990984e-02
1.703837490640580654e-02 4.568273632321506739e-02
1.558518863748759031e-02 5.156748613808304071e-02
1.488328434061259031e-02 5.226378637598827481e-02
1.630502915941178799e-02 4.847471561515703797e-02
1.599915244150906801e-02 5.077823350438848138e-02
1.604184963071020320e-02 5.286440794588997960e-02
1.595223524054745212e-02 5.158912605838850141e-02
1.571940877329325303e-02 5.064141342882066965e-02
1.561301567562622949e-02 4.568578733596950769e-02
1.444995687779737636e-02 4.946806083898991346e-02
1.291901099466485903e-02 5.014969833428040147e-02
1.303623306012013927e-02 4.831540951272472739e-02
1.288188207399798557e-02 4.902141459751874208e-02
1.229788234195439145e-02 5.230498907621949911e-02
1.284312537609366700e-02 5.157323775347322226e-02
1.175702385808108374e-02 5.208612617570906878e-02
1.203004412673180923e-02 5.144064186606556177e-02
1.194351010781247169e-02 5.310945142991840839e-02
1.130055183602962643e-02 4.820808791555464268e-02
1.103247101127635688e-02 5.042191408574581146e-02
9.178829772281460464e-03 5.442124744877219200e-02
9.806304515223018825e-03 5.421234747336711735e-02
9.116093497141264379e-03 5.430460473144194111e-02
9.133235793342464603e-03 5.191210479097208008e-02
9.342420680695795454e-03 5.263303129322594032e-02
1.098498999817820732e-02 4.883746129780774936e-02
1.164660987888055388e-02 5.001679635461186990e-02
1.260970766634272877e-02 5.024706220865482464e-02
1.153399167560564820e-02 4.960847178153926507e-02
1.311394270487653557e-02 5.207645332120591775e-02
1.407715254208596889e-02 4.915959153004223481e-02
1.456111245533975307e-02 5.086672455217922106e-02
1.390825864837097470e-02 4.787819888588273898e-02
1.252390328772889916e-02 5.188638726394856349e-02
1.354070125125872437e-02 5.199583807552699000e-02
1.099664043613302056e-02 5.071401632449124008e-02
1.161572047021763865e-02 5.129448809020686895e-02
1.150633939141698647e-02 4.951503915071953088e-02
1.041652690219052602e-02 4.897691054793540388e-02
1.109691392230161000e-02 4.980726762732956558e-02
1.098900567922100890e-02 5.148432172427419573e-02
1.196128851916000713e-02 5.237999949895311147e-02
1.070663705650076736e-02 5.040966319211293012e-02
