3.421633204806321087e-03 4.994144498761145246e-02
0.000000000000000000e+00 0.000000000000000000e+00
6.876707077026367188e-03 9.938714094460010529e-03
1.036952133290469646e-02 1.990243699401617050e-02
1.387184485793113708e-02 2.979059983044862747e-02
1.377377435710513964e-02 3.961298707872629166e-02
1.558998027030611411e-02 4.888375476002693176e-02
1.183546832908177748e-02 4.484053002670407295e-02
1.365944787539774552e-02 5.039908736944198608e-02
9.893158661725465208e-03 5.381732666864991188e-02
1.156966199778253213e-02 5.002090428024530411e-02
9.420548078196588904e-03 4.979409370571374893e-02
9.556164142850320786e-03 4.901717283064499497e-02
1.039298710384173319e-02 5.466581560904160142e-02
7.723852926574181765e-03 5.472121812636032701e-02
8.171767512976657599e-03 5.005647992948070168e-02
7.771669559588190168e-03 5.444734875345602632e-02
1.012702323350822553e-02 5.416084293392486870e-02
9.904295577143784612e-03 5.057248848606832325e-02
9.646587153838481754e-03 5.133908885181881487e-02
9.992421626520808786e-03 5.151456253952346742e-02
9.599249133316334337e-03 4.995910541038028896e-02
9.507651695457752794e-03 5.122869260958395898e-02
7.943810684082563967e-03 5.144488460791762918e-02
9.019560086017008871e-03 5.122598416346590966e-02
1.239606169838225469e-02 5.310588834981899709e-02
1.181197611003881320e-02 5.367071028740610927e-02
1.018403798661893234e-02 5.178304736909922212e-02
8.626215763797517866e-03 5.155644481419585645e-02
9.788232178834732622e-03 5.087454084423370659e-02
1.265450732171302661e-02 5.746335981530137360e-02
1.192565520614152774e-02 5.490914711845107377e-02
1.179774423508206382e-02 5.174317306955344975e-02
1.198867460334440693e-02 5.319517679163254797e-02
1.171723446896066889e-02 5.177823200938291848e-02
1.085495555162196979e-02 4.895259629120118916e-02
1.256257251225179061e-02 5.622730733011849225e-02
1.402373742166673765e-02 5.263399964314885437e-02
1.342271520843496546e-02 5.290045624133199453e-02
1.219074738764902577e-02 5.249552673194557428e-02
1.175875320768682286e-02 5.192572006490081549e-02
1.264075887593207881e-02 5.296825175173580647e-02
1.099576788692502305e-02 4.865671764127910137e-02
1.159244018344907090e-02 4.892910848138853908e-02
1.245872093568323180e-02 5.141664034454151988e-02
1.242580844336771406e-02 5.142085677698560175e-02
1.195061818361864425e-02 5.129823631477847812e-02
1.394974469803855754e-02 5.085597104380212841e-02
1.214634423740790226e-02 5.077438658963728813e-02
1.124359079767600633e-02 5.170711581058640149e-02
1.208029693589196540e-02 5.269481844197798637e-02
