2.147171793113216223e-02 4.766762682222752678e-02
0.000000000000000000e+00 0.000000000000000000e+00
9.319880045950412750e-03 9.893208742141723633e-03
1.559919444844126701e-02 1.951521728187799454e-02
2.200775826349854469e-02 2.907039038836956024e-02
2.848661271855235100e-02 3.902343101799488068e-02
3.044269280508160591e-02 4.882040992379188538e-02
2.592349657788872719e-02 5.556006915867328644e-02
3.088048798963427544e-02 5.230723996646702290e-02
2.596967201679944992e-02 5.022171163000166416e-02
2.206231839954853058e-02 4.918986163102090359e-02
2.702781558036804199e-02 5.158964358270168304e-02
2.414101362228393555e-02 5.068764236057177186e-02
2.732003573328256607e-02 5.522385617950931191e-02
2.525988593697547913e-02 4.916903987759724259e-02
2.397858572658151388e-02 4.959280980983749032e-02
2.638415887486189604e-02 4.865914420224726200e-02
2.980451064649969339e-02 5.279034306295216084e-02
2.631090010982006788e-02 4.965804633684456348e-02
2.755111420992761850e-02 5.376973678357899189e-02
3.142909484449774027e-02 5.053169792518019676e-02
2.606673922855407000e-02 4.996521660359576344e-02
2.665195072768256068e-02 4.449649137677624822e-02
2.767838322324678302e-02 4.563978948863223195e-02
2.841991267632693052e-02 5.291857366682961583e-02
3.083724214229732752e-02 4.755513864802196622e-02
2.812271553557366133e-02 5.154043046059086919e-02
2.747286995872855186e-02 4.881132935406640172e-02
2.940923173446208239e-02 5.274184775771573186e-02
2.896288415649905801e-02 5.002344335662201047e-02
2.644520910689607263e-02 4.762479761848226190e-02
2.609289798419922590e-02 5.216223705792799592e-02
2.967694785911589861e-02 5.045659531606361270e-02
2.968340781035294640e-02 5.240761145250871778e-02
2.811764862372001517e-02 4.953143704915419221e-02
2.890888596402874100e-02 5.363594979280605912e-02
3.109623579757681000e-02 5.201517377281561494e-02
2.808382659668495762e-02 4.925123491557314992e-02
3.149763256760707009e-02 4.474809375824406743e-02
3.455762280600538361e-02 5.280011874856427312e-02
3.024244396465292084e-02 4.740983369993045926e-02
2.954130026728307712e-02 5.522841989295557141e-02
2.804941393651461112e-02 5.483639001613482833e-02
2.758971311368441093e-02 5.394546751631423831e-02
2.775478459761870909e-02 4.738050018204376101e-02
2.639687577129734564e-02 5.349124100757762790e-02
3.005515252107215929e-02 4.962672985857352614e-02
2.641767662817073870e-02 5.183923983713611960e-02
2.759818468575758743e-02 4.991901718312874436e-02
2.653197388963235426e-02 4.919360723579302430e-02
2.450764159539176035e-02 5.379031278425827622e-02
