4.144165497279769100e-02 4.100873163117697839e-02
0.000000000000000000e+00 0.000000000000000000e+00
9.748403914272785187e-03 9.550976566970348358e-03
1.940804254263639450e-02 1.834467612206935883e-02
2.626324910670518875e-02 2.533528394997119904e-02
3.476178366690874100e-02 3.159224567934870720e-02
3.615407785400748253e-02 3.949528979137539864e-02
3.839253145270049572e-02 3.818360611330717802e-02
3.551444318145513535e-02 4.049898299854248762e-02
3.897381317801773548e-02 3.862836281768977642e-02
3.524409304372966290e-02 3.994194662664085627e-02
4.085162025876343250e-02 3.669394052121788263e-02
3.280120086856186390e-02 4.571482411120086908e-02
3.989657689817249775e-02 4.062678536865860224e-02
3.466573427431285381e-02 3.972602868452668190e-02
3.983359294943511486e-02 3.776957071386277676e-02
3.388813626952469349e-02 4.671253892593085766e-02
3.990426915697753429e-02 4.140256647951900959e-02
3.391518699936568737e-02 4.111144726630300283e-02
3.704360593110322952e-02 3.920474660117179155e-02
3.450805903412401676e-02 3.908646952913841233e-02
3.883029310964047909e-02 3.622539489151677117e-02
3.039389732293784618e-02 4.327823229687055573e-02
3.864448401145637035e-02 3.828350881667574868e-02
3.219161066226661205e-02 4.620858708949526772e-02
4.065063293091952801e-02 4.202668702782830223e-02
3.665625234134495258e-02 4.048354663973441347e-02
3.753735200734809041e-02 3.627300375228514895e-02
3.409337304765358567e-02 4.517386314546456560e-02
4.126687167445197701e-02 3.947658018296351656e-02
3.571838844800367951e-02 4.526857818564167246e-02
4.056478344136849046e-02 4.016789068555226550e-02
3.269722178811207414e-02 4.555220455949893221e-02
3.950559213990345597e-02 4.033751106908312067e-02
3.521312220254912972e-02 3.892920476937433705e-02
3.201131924288347363e-02 3.766548385465284809e-02
3.866871196078136563e-02 3.592432077130069956e-02
3.083635150687769055e-02 4.519993784924736246e-02
3.818176296772435308e-02 3.973321682860841975e-02
3.310075431363657117e-02 4.223307963547995314e-02
3.956813580589368939e-02 3.820544477639487013e-02
3.149815864162519574e-02 4.157347438012948260e-02
3.743373212637379766e-02 3.662423390051117167e-02
3.398707701126113534e-02 3.859077460219850764e-02
4.046231327811256051e-02 3.396951287140836939e-02
3.208008507499471307e-02 4.370551529427757487e-02
3.785500727826729417e-02 3.832697236066451296e-02
3.455487039173021913e-02 3.509508465504040942e-02
3.596906800521537662e-02 4.233978848060360178e-02
3.706192987738177180e-02 3.825109704484930262e-02
3.776705282507464290e-02 4.073433620942523703e-02
