3.855230699271398886e-03 4.992565834787077161e-02
0.000000000000000000e+00 0.000000000000000000e+00
6.085198838263750076e-03 9.983558207750320435e-03
1.038242410868406296e-02 1.994802430272102356e-02
1.459041191264986992e-02 2.988489065319299698e-02
1.575062458869069815e-02 3.955251816660165787e-02
1.599216763861477375e-02 4.637293703854084015e-02
1.504209823906421661e-02 4.779673821758478880e-02
1.265412755310535431e-02 4.904170520603656769e-02
1.255596525879809633e-02 5.485937092453241348e-02
1.173450242640683427e-02 5.331941402982920408e-02
1.230870016297558323e-02 4.918122000526636839e-02
1.168826586945215240e-02 5.124759266618639231e-02
1.275147326668957248e-02 5.322032526601105928e-02
1.081706540571758524e-02 5.299787537660449743e-02
1.128681793488794938e-02 5.147746996954083443e-02
9.872944538074079901e-03 5.200177506776526570e-02
9.798568673431873322e-03 5.390639737015590072e-02
9.607607906218618155e-03 5.164079082896932960e-02
8.844211290124803782e-03 5.104249907890334725e-02
8.679866383317857981e-03 5.522389855468645692e-02
8.733075446798466146e-03 5.348506063455715775e-02
6.410837973817251623e-03 4.966425459133461118e-02
6.062866057618521154e-03 5.035788338864222169e-02
7.591532063088379800e-03 5.000186187680810690e-02
6.357730817398987710e-03 5.043394785025157034e-02
4.821250666282139719e-03 5.531635010265745223e-02
5.244628395303152502e-03 5.085958554991520941e-02
6.200870484462939203e-03 5.418609446496702731e-02
6.743270365404896438e-03 5.225699910079129040e-02
6.491794207249768078e-03 5.020586497266776860e-02
5.437838684883899987e-03 4.886806968715973198e-02
8.135218246025033295e-03 5.054520608973689377e-02
8.708604160347022116e-03 5.062126996199367568e-02
9.018352793646045029e-03 4.961672249919502065e-02
8.869886572938412428e-03 4.893610066937981173e-02
8.479446347337216139e-03 4.915201849507866427e-02
8.157069270964711905e-03 5.020599066483555362e-02
7.278213102836161852e-03 5.037791548966197297e-02
7.023095706244930625e-03 4.909489093552110717e-02
8.544563868781551719e-03 5.290287778916535899e-02
1.018147307331673801e-02 5.245159673359012231e-02
1.084846098092384636e-02 5.205974389537004754e-02
1.035192390554584563e-02 4.983976424409775063e-02
1.008343539433553815e-02 4.890235722268698737e-02
8.931123826187103987e-03 4.821112931676907465e-02
9.908430220093578100e-03 4.966046154004288837e-02
1.019510114565491676e-02 4.825891792279435322e-02
1.026568854285869747e-02 4.866452991700498387e-02
1.069007838668767363e-02 4.815761505597038195e-02
1.149507246736902744e-02 4.836947379953926429e-02
