4.186851786491580657e-02 4.081314448798271932e-02
0.000000000000000000e+00 0.000000000000000000e+00
9.452993981540203094e-03 9.504036977887153625e-03
1.836646534502506256e-02 1.800847891718149185e-02
2.609451115131378174e-02 2.606281172484159470e-02
3.332841908559203148e-02 3.142210375517606735e-02
3.481012501288205385e-02 3.902620682492852211e-02
4.186020989436656237e-02 3.523582243360579014e-02
3.526212659198790789e-02 4.066054360009729862e-02
3.910217608790844679e-02 3.469071467407047749e-02
3.526041179429739714e-02 3.595433197915554047e-02
3.776106017176061869e-02 3.087718598544597626e-02
3.009453194681555033e-02 4.036718979477882385e-02
3.767414821777492762e-02 3.427418135106563568e-02
3.469069616403430700e-02 3.608422656543552876e-02
3.842729574535042048e-02 3.053112910129129887e-02
3.149585251230746508e-02 4.008275014348328114e-02
3.763939870987087488e-02 3.394507640041410923e-02
3.523306676652282476e-02 3.969984385184943676e-02
4.166423610877245665e-02 3.256330755539238453e-02
3.534856939222663641e-02 4.043919802643358707e-02
4.146487952675670385e-02 3.526761545799672604e-02
3.456138761248439550e-02 4.442113894037902355e-02
4.202027700375765562e-02 3.771270788274705410e-02
3.662118816282600164e-02 3.957056789658963680e-02
4.021581902634352446e-02 3.405209933407604694e-02
3.316744312178343534e-02 4.214864713139832020e-02
4.012077290099114180e-02 3.623850620351731777e-02
3.423866291996091604e-02 4.058472043834626675e-02
3.751165408175438643e-02 3.523998358286917210e-02
3.726736802491359413e-02 3.857891168445348740e-02
3.651151913800276816e-02 3.585095913149416447e-02
3.358055502758361399e-02 3.997832094319164753e-02
3.710861588479019701e-02 3.367818682454526424e-02
3.178967573330737650e-02 4.145590844564139843e-02
3.767279247404076159e-02 3.586475574411451817e-02
3.483406887971796095e-02 3.867497760802507401e-02
4.019419770338572562e-02 3.361274814233183861e-02
3.466918566846288741e-02 4.190719546750187874e-02
4.171422790386714041e-02 3.586005605757236481e-02
3.436379149206914008e-02 4.072704585269093513e-02
4.203565060743130744e-02 3.592506097629666328e-02
3.414054415770806372e-02 4.355456400662660599e-02
4.066548836999572814e-02 3.632127866148948669e-02
3.231459917151369154e-02 3.829215257428586483e-02
3.822694453992880881e-02 3.600493469275534153e-02
3.487407896318472922e-02 3.783472813665866852e-02
3.643165799439884722e-02 3.669709421228617430e-02
3.481375137926079333e-02 3.510130266658961773e-02
3.257182348170317709e-02 3.780147759243845940e-02
3.751160125830210745e-02 3.122759331017732620e-02
