4.744436899212900634e-03 4.988738818544305453e-02
0.000000000000000000e+00 0.000000000000000000e+00
7.280409336090087891e-03 9.933223947882652283e-03
1.108309742994606495e-02 1.985028013586997986e-02
1.516494597308337688e-02 2.965248562395572662e-02
1.799195841886103153e-02 3.950452990829944611e-02
1.794056967992219143e-02 4.757925402373075485e-02
1.604837855484220199e-02 5.344549752771854401e-02
1.389669022682937793e-02 4.720743186771869659e-02
1.413190326638869010e-02 5.366213433444499969e-02
1.224747145533910953e-02 5.461082211695611477e-02
1.217611218089587055e-02 5.564377421978861094e-02
1.349690815186477266e-02 4.871309746522456408e-02
1.301888367379433475e-02 5.684569117147475481e-02
1.316543719076435082e-02 5.295473884325474501e-02
1.594022525750915520e-02 5.829474038910120726e-02
1.637914789534988813e-02 5.548145377542823553e-02
1.671767963489401154e-02 5.483039823593571782e-02
1.411851711964118294e-02 4.592287243576720357e-02
1.535358496403205208e-02 5.486365762772038579e-02
1.297463739683735184e-02 5.265466432319954038e-02
9.436854928935645148e-03 5.515166727127507329e-02
1.170633507354068570e-02 5.615715467138215899e-02
1.397562685815501027e-02 4.996824840782210231e-02
1.307240310052293353e-02 5.570818501291796565e-02
1.181709889715421014e-02 5.530471701058559120e-02
1.366176009105402045e-02 5.202089340309612453e-02
1.297110558880376630e-02 5.658218634198419750e-02
1.436550375001388602e-02 5.427610661718063056e-02
1.540088171532261185e-02 5.058316324721090496e-02
1.652106754409032874e-02 5.840181649546138942e-02
1.425241278411704116e-02 5.339464635471813381e-02
1.537488629037397914e-02 4.870534359361045063e-02
1.389328292498248629e-02 5.521587279508821666e-02
1.561931061951327138e-02 4.990753435413353145e-02
1.521434953247080557e-02 5.445565233821980655e-02
1.617418577006901614e-02 5.472217689384706318e-02
1.438338272782857530e-02 4.992223999579437077e-02
1.452026718106935732e-02 4.756002340582199395e-02
1.690952635181020014e-02 5.249907614779658616e-02
1.944939225722919218e-02 5.882975066197104752e-02
1.615184631009469740e-02 5.765705791418440640e-02
1.680908763592015021e-02 5.135655219783075154e-02
1.863720493201981299e-02 5.368652640026994050e-02
1.876882509895949624e-02 4.816282939282245934e-02
2.001513668437837623e-02 5.563152235117740929e-02
1.846390915670781396e-02 5.394924621214158833e-02
1.637212419518618844e-02 5.427686791517771780e-02
1.385882217073231004e-02 5.412009458814281970e-02
1.482401566681801341e-02 5.679530122142750770e-02
1.441907780463225208e-02 4.966696428891737014e-02
