2.453328852674258043e-02 4.694388972010356265e-02
0.000000000000000000e+00 0.000000000000000000e+00
9.232127107679843903e-03 9.407171979546546936e-03
1.612866111099720001e-02 1.919140294194221497e-02
2.256506495177745819e-02 2.878331486135721207e-02
3.024343028664588928e-02 3.869492094963788986e-02
3.269019606523215771e-02 4.843107238411903381e-02
2.723716222681105137e-02 5.400838842615485191e-02
2.724079691802216985e-02 5.388572445372119546e-02
2.515953334045661904e-02 5.532405601115897298e-02
2.563232451325347938e-02 5.304062465438619256e-02
2.446292725039711513e-02 5.207178695127367973e-02
2.430391220082128712e-02 4.913230286911129951e-02
2.216430522207701870e-02 5.306694144383072853e-02
2.162220633294964500e-02 5.338918798952363431e-02
2.221164382467577525e-02 4.942854223190806806e-02
2.120819008382568427e-02 5.237446827231906354e-02
2.242388874697098800e-02 5.270059627946466208e-02
2.344509512590775557e-02 5.069330625701695681e-02
2.358121067049978592e-02 4.423282586503773928e-02
2.518628389339028217e-02 5.231396027375012636e-02
2.592211632986618497e-02 5.133321776520460844e-02
2.571309477320937731e-02 5.306580197066068649e-02
2.803290638371436216e-02 4.769672127440571785e-02
2.400666897415248968e-02 5.189981404691934586e-02
2.103746615580348589e-02 5.153588121174834669e-02
2.204179371005920984e-02 4.924681488773785532e-02
2.360699491805462458e-02 4.782872620853595436e-02
2.228060926540820219e-02 4.539823249797336757e-02
2.358633958033351519e-02 5.222412754665128887e-02
2.226113042092947580e-02 5.396092342562042177e-02
2.342536885521440126e-02 4.920752937323413789e-02
2.482990818793950893e-02 4.845866261166520417e-02
2.377212004034845449e-02 4.491422724095173180e-02
2.453387933314843394e-02 5.285731822368688881e-02
2.394229671449465968e-02 4.640413753804750741e-02
2.410130402245158621e-02 4.872687559691257775e-02
2.252265952233756252e-02 4.797967177000828087e-02
2.486845386852110096e-02 5.284048643079586327e-02
2.185782023411775299e-02 5.050448517431505024e-02
2.450992284980202385e-02 5.040585617825854570e-02
2.310686769601488777e-02 4.975297850614879280e-02
2.348845185883874365e-02 5.073141133470926434e-02
2.341018261472527229e-02 5.617043761594686657e-02
2.296540740030650340e-02 5.358205236552748829e-02
2.474374655253086530e-02 5.713051710336003453e-02
2.332164655058477365e-02 5.407550967356655747e-02
2.236521551935766183e-02 5.090016163012478501e-02
2.241258333128826052e-02 5.208013324590865523e-02
2.147511495900289447e-02 5.125180575123522431e-02
2.506826874491707713e-02 5.151598424708936363e-02
