2.406405694812593227e-02 4.706142984315321576e-02
0.000000000000000000e+00 0.000000000000000000e+00
9.040961042046546936e-03 9.979624301195144653e-03
1.727258041501045227e-02 1.964930631220340729e-02
2.364081423729658127e-02 2.926387544721364975e-02
2.611780562438070774e-02 3.888617921620607376e-02
2.232385077513754368e-02 4.559698980301618576e-02
1.823471835814416409e-02 4.867817671038210392e-02
1.799336842668708414e-02 5.178927211090922356e-02
1.500828632561024278e-02 5.249335314147174358e-02
1.482384034898132086e-02 4.912557452917098999e-02
1.677426288370043039e-02 4.774959653150290251e-02
1.667135308525757864e-02 4.731113882735371590e-02
1.526620757795171812e-02 5.029470403678715229e-02
1.425714145443635061e-02 4.806020879186689854e-02
1.890709257713751867e-02 4.788372122857253999e-02
1.987496228684904054e-02 4.918574173643719405e-02
2.029585809941636398e-02 5.018985822971444577e-02
1.721176965656923130e-02 5.350007831293623894e-02
1.646424161299364641e-02 5.316740453417878598e-02
1.506265154603170231e-02 5.268508732842747122e-02
1.558223955362336710e-02 5.093044346722308546e-02
1.764971722877817228e-02 4.673128320428077132e-02
1.632021420664386824e-02 4.861568882188294083e-02
2.056942095077829435e-02 5.256320060288999230e-02
1.881787653110222891e-02 5.217911840009037405e-02
1.841607029928127304e-02 4.849916767852846533e-02
1.664885637728730217e-02 4.791989277873653919e-02
1.930340394756058231e-02 5.198293139983434230e-02
2.224008661141851917e-02 5.254019786661956459e-02
1.989661731204250827e-02 5.067928905191365629e-02
1.900171142915496603e-02 5.355092162790242583e-02
1.836712580552557483e-02 5.155826221744064242e-02
1.977444036310771480e-02 5.028430350648704916e-02
1.822117731353500858e-02 5.239985349180642515e-02
2.028628384141484275e-02 5.273483517521526664e-02
1.839666759042302147e-02 5.187926178041379899e-02
1.736878188239643350e-02 5.587591060611885041e-02
1.698853585548931733e-02 5.577895352325867862e-02
1.937521782383555546e-02 5.157737089029978961e-02
1.739305046066874638e-02 5.277648165065329522e-02
1.813824321288848296e-02 5.373609017988201231e-02
1.829473878751741722e-02 5.219000529905315489e-02
1.734867896448122337e-02 4.979212301259394735e-02
1.456735464307712391e-02 5.450126434152480215e-02
1.283417683589505032e-02 5.458097959490260109e-02
1.359830360888736323e-02 5.487977767916163430e-02
1.255883504200028256e-02 5.444444683234905824e-02
1.516808075393782929e-02 5.264395384438103065e-02
1.652056613966124132e-02 5.021986926294630393e-02
1.649815419841615949e-02 5.475558948091929778e-02
