4.358686670726260454e-02 4.000102805325794764e-02
0.000000000000000000e+00 0.000000000000000000e+00
9.668045677244663239e-03 9.703156538307666779e-03
1.891459524631500244e-02 1.921357121318578720e-02
2.420118357986211777e-02 2.753186039626598358e-02
2.946717524901032448e-02 3.739701770246028900e-02
3.113803290762007236e-02 4.062633402645587921e-02
3.578444733284413815e-02 4.325141082517802715e-02
3.261470329016447067e-02 4.662505863234400749e-02
3.484491584822535515e-02 4.139672778546810150e-02
3.058276604861021042e-02 4.544915910810232162e-02
3.367044753395020962e-02 4.212470469065010548e-02
3.020720439963042736e-02 4.160587012302130461e-02
3.149847697932273149e-02 4.768598952796310186e-02
3.441670478787273169e-02 4.679352504899725318e-02
3.319899679627269506e-02 4.765301448060199618e-02
3.272015036782249808e-02 4.206431255443021655e-02
3.552019776543602347e-02 4.397934541339054704e-02
3.109521878650411963e-02 4.257609293563291430e-02
2.750081330304965377e-02 4.145071021048352122e-02
2.971215400611981750e-02 3.939575183903798461e-02
3.371768392389640212e-02 3.965926039381884038e-02
3.159015945857390761e-02 4.460817770450375974e-02
3.354963002493605018e-02 4.487909629824571311e-02
2.790472697233781219e-02 3.809863116475753486e-02
3.419891273370012641e-02 4.427342183771543205e-02
3.160697262501344085e-02 4.284640387049876153e-02
3.482890169834718108e-02 4.344469742500223219e-02
3.202240046812221408e-02 4.290152803878299892e-02
3.541520278668031096e-02 3.993283651652745903e-02
3.284257574705407023e-02 4.301259291241876781e-02
3.368339344160631299e-02 4.231373799848370254e-02
3.337030156399123371e-02 4.246571673138532788e-02
3.450874189729802310e-02 4.184991792135406286e-02
3.132613279740326107e-02 4.118266656587366015e-02
2.925678898463957012e-02 4.046898319211322814e-02
3.396320759202353656e-02 4.112930847622919828e-02
3.082880328292958438e-02 4.286643928207922727e-02
3.006408942746929824e-02 4.519858300045598298e-02
3.336274993489496410e-02 4.108565203205216676e-02
3.202245486318133771e-02 4.137528767751064152e-02
3.006065273075364530e-02 4.522785414883401245e-02
3.254117499454878271e-02 4.342631807958241552e-02
2.956334300688467920e-02 3.877731969987507910e-02
2.987788981408812106e-02 4.581839962338563055e-02
3.426017463789321482e-02 4.590688629104988649e-02
3.143522693426348269e-02 4.588764114305377007e-02
3.511094758869148791e-02 4.337835707701742649e-02
3.089152826578356326e-02 4.905428434722125530e-02
3.451405759551562369e-02 4.671978508122265339e-02
3.163559795939363539e-02 4.463995737023651600e-02
