2.394613655746575046e-02 4.709058936874986612e-02
0.000000000000000000e+00 0.000000000000000000e+00
6.472508888691663742e-03 9.966856800019741058e-03
1.191317290067672729e-02 1.945097092539072037e-02
1.900997851043939590e-02 2.936762664467096329e-02
2.488518692553043365e-02 3.917304333299398422e-02
2.701525297015905380e-02 4.892501980066299438e-02
2.470397204160690308e-02 5.644284281879663467e-02
2.345603855792433023e-02 5.456156353466212749e-02
2.212837734259665012e-02 5.464706401107832789e-02
1.916054659523069859e-02 5.375901266233995557e-02
1.796008588280528784e-02 5.232567590428516269e-02
2.113372448366135359e-02 5.865347542567178607e-02
2.232227439526468515e-02 5.592162947868928313e-02
1.602398988325148821e-02 5.277616245439276099e-02
2.003607724327594042e-02 5.894879199331626296e-02
1.900350430514663458e-02 5.829919676762074232e-02
2.324188302736729383e-02 5.738559586461633444e-02
1.820323138963431120e-02 5.522693262901157141e-02
2.183234703261405230e-02 4.930755856912583113e-02
1.940851227845996618e-02 5.769981618504971266e-02
1.594116224441677332e-02 5.454287177417427301e-02
1.872161042410880327e-02 5.274570116307586432e-02
2.127492066938430071e-02 5.253343591175507754e-02
2.147415395302232355e-02 5.177545441256370395e-02
2.079291162954177707e-02 4.804002061428036541e-02
1.784729897917713970e-02 5.675792448164429516e-02
1.927527842053677887e-02 5.246817214356269687e-02
1.924835679164971225e-02 4.554543305130209774e-02
2.027827848723973148e-02 5.282755415828432888e-02
1.941923492631758563e-02 4.676012495474424213e-02
1.887811299457098357e-02 5.234375908912625164e-02
2.006076565521652810e-02 5.522607160673942417e-02
2.280755374158616178e-02 5.208236408361699432e-02
2.147584360136534087e-02 4.991812548541929573e-02
2.403713271996821277e-02 5.390634491050150245e-02
2.138659169941092841e-02 4.715904324257280678e-02
2.550111709206248634e-02 5.489104344451334327e-02
2.340405525683308952e-02 5.071748197951819748e-02
2.557988695843960159e-02 5.491641313710715622e-02
2.127336103512789123e-02 4.901873982453253120e-02
1.974941869775648229e-02 4.865730144956614822e-02
2.049010774862836115e-02 5.419311589503195137e-02
2.426243193258414976e-02 5.372194117808248848e-02
2.140746374425361864e-02 5.074926336237695068e-02
2.080059788931976072e-02 5.427188948669936508e-02
2.326447509040008299e-02 4.742138004803564399e-02
2.408976338847423904e-02 5.658435179793741554e-02
2.074318330778623931e-02 5.325301956327166408e-02
2.594274885996128432e-02 5.092769522161688656e-02
2.373825733593548648e-02 5.381664411106612533e-02
