2.518481800382374458e-02 4.677667560995406315e-02
0.000000000000000000e+00 0.000000000000000000e+00
9.039322845637798309e-03 7.943844422698020935e-03
1.756234094500541687e-02 1.772203668951988220e-02
2.124486118555068970e-02 2.697390504181385040e-02
2.611927641555666924e-02 3.691276814788579941e-02
2.684629213763400912e-02 4.542623739689588547e-02
2.262819808674976230e-02 4.849491571076214314e-02
2.543572703143581748e-02 5.215800856240093708e-02
2.030320506310090423e-02 4.772478551603853703e-02
1.623154798289760947e-02 4.440534929744899273e-02
1.760010275756940246e-02 5.005681351758539677e-02
2.574401668971404433e-02 4.788873391225934029e-02
2.485832088859751821e-02 5.071739852428436279e-02
1.939208508701995015e-02 4.546446213498711586e-02
1.744935341412201524e-02 4.355209064669907093e-02
1.972581917652860284e-02 4.703484009951353073e-02
2.492493070894852281e-02 4.493086482398211956e-02
2.236058219568803906e-02 5.198844312690198421e-02
2.553393814014270902e-02 5.029619520064443350e-02
2.280471852282062173e-02 4.415265691932290792e-02
2.361886791186407208e-02 4.289344442076981068e-02
2.474954299395903945e-02 5.068297381512820721e-02
2.005859598284587264e-02 4.803351056762039661e-02
2.222676965175196528e-02 5.001601576805114746e-02
2.017111511668190360e-02 5.143293610308319330e-02
2.681146835675463080e-02 5.058396037202328444e-02
2.118386415531858802e-02 4.750418954063206911e-02
2.095821408147457987e-02 4.932635836303234100e-02
2.416692512633744627e-02 5.284654418937861919e-02
2.763494617829564959e-02 4.972594790160655975e-02
2.071809723565820605e-02 5.050576140638440847e-02
2.628824302519205958e-02 4.826997627969831228e-02
2.263717727328184992e-02 4.883089772192761302e-02
2.677478596160653979e-02 4.675428377231582999e-02
2.731743258482310921e-02 4.617688525468111038e-02
2.703574996849056333e-02 5.030621401965618134e-02
2.318322657083626837e-02 4.462456703186035156e-02
2.219350273662712425e-02 4.836549866013228893e-02
2.527456927055027336e-02 4.703454009722918272e-02
2.485942053317558020e-02 4.161381570156663656e-02
2.202413188933860511e-02 4.755081271287053823e-02
2.587959617085289210e-02 4.580635111778974533e-02
2.921115238859783858e-02 5.002885125577449799e-02
2.027873047336470336e-02 4.705024394206702709e-02
2.732044323056470603e-02 4.448404582217335701e-02
2.810289365879725665e-02 4.747364064678549767e-02
2.463933806575369090e-02 4.460014076903462410e-02
3.179148751951288432e-02 4.299658036325126886e-02
2.724776118702720851e-02 4.034056758973747492e-02
2.744997828267514706e-02 4.979085235390812159e-02
