2.420760483332318538e-02 4.702572786757988621e-02
0.000000000000000000e+00 0.000000000000000000e+00
9.477756917476654053e-03 9.904017671942710876e-03
1.800758764147758484e-02 1.949938572943210602e-02
2.286158828064799309e-02 2.914733160287141800e-02
2.832647692412137985e-02 3.900590632110834122e-02
2.891563542652875185e-02 4.706312343478202820e-02
2.769290516152977943e-02 5.386312259361147881e-02
2.892474958207458258e-02 4.817893775179982185e-02
2.662237233016639948e-02 4.504055902361869812e-02
2.832836215384304523e-02 4.704342526383697987e-02
2.781464520376175642e-02 5.126694100908935070e-02
2.801008167443796992e-02 4.931892897002398968e-02
2.560315252048894763e-02 4.594909469597041607e-02
2.740447636460885406e-02 4.936582595109939575e-02
2.657894371077418327e-02 5.136976507492363453e-02
2.417055307887494564e-02 5.077072529820725322e-02
2.294686145614832640e-02 4.897849593544378877e-02
2.037625911179929972e-02 4.664362949552014470e-02
2.143821003846824169e-02 4.967331798980012536e-02
2.262601617258042097e-02 4.861212224932387471e-02
2.507736452389508486e-02 5.230475618736818433e-02
2.394530363380908966e-02 4.694161360384896398e-02
2.359662481467239559e-02 5.000232747988775373e-02
2.260605405899696052e-02 4.869486269308254123e-02
2.371772003243677318e-02 4.663595923921093345e-02
2.212857079575769603e-02 5.124564043944701552e-02
2.233980965684168041e-02 5.138910523965023458e-02
2.299113702611066401e-02 5.300203544902615249e-02
2.253052723244763911e-02 4.983221690054051578e-02
2.172927392530255020e-02 5.400542539427988231e-02
2.224375857622362673e-02 5.218610094743780792e-02
2.245357526408042759e-02 4.650347048300318420e-02
2.139573472959455103e-02 5.221453003468923271e-02
2.312436838110443205e-02 5.051469019963406026e-02
2.554987928306218237e-02 5.012521200114861131e-02
2.318930950423236936e-02 5.569702206412330270e-02
2.515399408002849668e-02 5.562037228082772344e-02
2.423467945482116193e-02 5.407054010720457882e-02
2.307296176149975508e-02 5.503665270225610584e-02
2.478004356089513749e-02 5.284040757396724075e-02
2.327071984473150223e-02 5.106482583505567163e-02
2.321454246703069657e-02 4.860397426818963140e-02
2.407379825308453292e-02 5.258034307917114347e-02
2.344761333370115608e-02 5.000275092606898397e-02
2.110941252612974495e-02 5.699863516201730818e-02
2.423659396299626678e-02 5.168150317331310362e-02
2.531036802974995226e-02 5.064307943393941969e-02
2.339578104147221893e-02 5.202883608581032604e-02
2.211583276221062988e-02 5.330239653994794935e-02
2.467796589189674705e-02 5.026154521328862756e-02
