5.860690720019350736e-02 3.102610954765079587e-02
0.000000000000000000e+00 0.000000000000000000e+00
9.716372005641460419e-03 6.426899228245019913e-03
1.942565944045782089e-02 1.372046675533056259e-02
2.836707141250371933e-02 1.768935890868306160e-02
3.621094021946191788e-02 1.514784200116991997e-02
4.476905707269906998e-02 1.727063162252306938e-02
4.872857825830578804e-02 2.450734563171863556e-02
5.292573710903525352e-02 2.940036123618483543e-02
4.995076567865908146e-02 2.141692442819476128e-02
5.189981602597981691e-02 2.076342509826645255e-02
5.357648746576160192e-02 2.399895823327824473e-02
5.037646193522959948e-02 2.452913200249895453e-02
5.330844770651310682e-02 2.977625041967257857e-02
4.969269165303558111e-02 2.176564786350354552e-02
5.122612835839390755e-02 2.234209154266864061e-02
5.132079245231579989e-02 2.285342785762622952e-02
5.471432562626432627e-02 2.395929902559146285e-02
5.229270648851525038e-02 2.718513336731120944e-02
5.029461211233865470e-02 2.442066412186250091e-02
5.176271258096676320e-02 2.517809014534577727e-02
5.319642722315620631e-02 2.944929333170875907e-02
4.974399744241964072e-02 2.178550133248791099e-02
5.155242611363064498e-02 2.518955705454573035e-02
5.258769918873440474e-02 2.324161474825814366e-02
5.137706214736681432e-02 2.107881131814792752e-02
4.961449855181854218e-02 2.019540790934115648e-02
4.946405642840545624e-02 2.732363680843263865e-02
5.063970670744311064e-02 2.077226678375154734e-02
5.130894166359212250e-02 2.781356463674455881e-02
5.090784652566071600e-02 1.910517516080290079e-02
5.238428209850098938e-02 2.476844342891126871e-02
5.060279111785348505e-02 2.483877095073694363e-02
4.883433748909737915e-02 3.275329268217319623e-02
4.502915554621722549e-02 2.378070561826461926e-02
5.055507841461803764e-02 2.028289714507991448e-02
5.228682454617228359e-02 2.756392487935954705e-02
4.834955777914728969e-02 2.291236582823330536e-02
4.922095382062252611e-02 2.894212769024306908e-02
4.722411067632492632e-02 2.598757504165405408e-02
4.991201077064033598e-02 2.336342211492592469e-02
5.012870226346421987e-02 2.856126891128951684e-02
4.744401383504737169e-02 2.870712981530232355e-02
5.037727994204033166e-02 3.229021041624946520e-02
4.524795054749120027e-02 2.370524539583129808e-02
4.866733537346590310e-02 2.958629506611032411e-02
4.571896670677233487e-02 2.567575958528323099e-02
4.855025159486103803e-02 2.207579294190509245e-02
5.327889295585919172e-02 3.043752366647822782e-02
4.915293930389452726e-02 2.205762749508721754e-02
5.135607831471133977e-02 2.377621648338390514e-02
