2.371062181114754960e-02 4.714837318930634180e-02
0.000000000000000000e+00 0.000000000000000000e+00
5.530371330678462982e-03 9.851334616541862488e-03
1.279749814420938492e-02 1.953784935176372528e-02
1.637516194023191929e-02 2.944712806493043900e-02
2.131147193722426891e-02 3.928011562675237656e-02
2.267644449602812529e-02 4.806387983262538910e-02
2.251139684813097119e-02 4.247158067300915718e-02
2.191105054225772619e-02 5.178820854052901268e-02
2.535968099255114794e-02 5.184357648613513447e-02
1.993035350460559130e-02 4.596462368863285519e-02
2.573289175052195787e-02 5.101558927344740368e-02
2.195645833853632212e-02 4.666612239452661015e-02
2.562554378528147936e-02 5.025072547505260445e-02
1.950564107391983271e-02 5.150645459434599616e-02
2.592773141805082560e-02 4.849374434343189932e-02
2.423404634464532137e-02 4.690493492307723500e-02
2.624489006120711565e-02 5.341281078653992154e-02
2.370786678511649370e-02 4.753601958873332478e-02
2.747488149907439947e-02 5.347781943055451848e-02
2.201178891118615866e-02 4.921924404698074795e-02
1.762819557916373014e-02 4.258449690314591862e-02
2.356496488209813833e-02 5.071201955797732808e-02
2.079422993119806051e-02 5.067766224965453148e-02
2.694235590752214193e-02 4.399367421865463257e-02
2.605880529154092073e-02 4.626899934373795986e-02
2.692882210249081254e-02 5.205678171478211880e-02
2.539073018124327064e-02 4.943230515345931053e-02
2.040862006833776832e-02 4.760482732672244310e-02
2.399111067643389106e-02 4.666522273328155279e-02
2.107523957965895534e-02 5.088473332580178976e-02
1.942005794262513518e-02 4.672544158529490232e-02
1.840220618760213256e-02 5.183619062881916761e-02
2.391541743418201804e-02 4.664443980436772108e-02
2.414768599555827677e-02 4.569125309353694320e-02
1.950444970862008631e-02 5.390774033730849624e-02
1.579453158774413168e-02 4.864003875991329551e-02
2.210327904322184622e-02 5.383298959350213408e-02
2.118976096971891820e-02 5.003815511008724570e-02
2.191881995531730354e-02 4.414134839316830039e-02
2.231393556576222181e-02 5.269200721522793174e-02
2.134963078424334526e-02 4.637228738283738494e-02
1.918841525912284851e-02 5.509784951573237777e-02
2.151832869276404381e-02 5.159050010843202472e-02
1.900991494767367840e-02 4.420950560597702861e-02
2.172657544724643230e-02 5.123057140735909343e-02
2.535154623910784721e-02 4.492991109145805240e-02
2.301852940581738949e-02 4.807360534323379397e-02
2.347601173096336424e-02 5.228618968976661563e-02
1.999214352690614760e-02 5.114476318703964353e-02
2.298568413243629038e-02 4.883493302622810006e-02
