4.242292713367382118e-02 4.055548163093718184e-02
0.000000000000000000e+00 0.000000000000000000e+00
9.880854748189449310e-03 9.399901144206523895e-03
1.940660458058118820e-02 1.886175572872161865e-02
2.729043643921613693e-02 2.537864120677113533e-02
3.396253846585750580e-02 3.130546212196350098e-02
3.442352672573179007e-02 3.701553680002689362e-02
3.977966203819960356e-02 3.634964686352759600e-02
3.516769770067185163e-02 3.676787356380373240e-02
4.144534224178642035e-02 3.150455339346081018e-02
3.509820846375077963e-02 4.076046741101890802e-02
4.106627346482127905e-02 3.978664433816447854e-02
3.760906110983341932e-02 3.470367850968614221e-02
4.268883808981627226e-02 3.383811656385660172e-02
3.582104935776442289e-02 3.566646750550717115e-02
4.179958335589617491e-02 3.323316446039825678e-02
3.798256989102810621e-02 3.701599349733442068e-02
4.341248737182468176e-02 3.622616402572020888e-02
4.039098380599170923e-02 4.136934963753446937e-02
4.298352834302932024e-02 3.646217187633737922e-02
3.974478004965931177e-02 4.079356504371389747e-02
4.212117299903184175e-02 3.735184384277090430e-02
4.114045843016356230e-02 3.777691078721545637e-02
4.690376238431781530e-02 3.470742431818507612e-02
3.961051336955279112e-02 4.257648819475434721e-02
4.125913965981453657e-02 3.804189441143535078e-02
4.469994653481990099e-02 4.247606368153356016e-02
4.030741995666176081e-02 3.818117789342068136e-02
4.576611344236880541e-02 3.373524322523735464e-02
3.904421546030789614e-02 4.026661496027372777e-02
4.601673188153654337e-02 3.475692690699361265e-02
3.908876434434205294e-02 3.740843231207691133e-02
4.374103306327015162e-02 3.129005976370535791e-02
3.510226274374872446e-02 3.902144343010149896e-02
4.116675409022718668e-02 3.501628091908060014e-02
3.970028075855225325e-02 3.441441411268897355e-02
4.250848072115331888e-02 3.902227038634009659e-02
4.085804184433072805e-02 3.817847129539586604e-02
3.882860799785703421e-02 3.648114440147764981e-02
3.773913939949125051e-02 3.405122042750008404e-02
3.789226253866218030e-02 3.156338169355876744e-02
3.778577705816132948e-02 3.945436610956676304e-02
4.013919497811002657e-02 3.489908113260753453e-02
3.999318565911380574e-02 3.712355511379428208e-02
4.176509705575881526e-02 3.478948984411545098e-02
4.023107734246877953e-02 3.639666587696410716e-02
3.843511197919724509e-02 3.237071391777135432e-02
4.167127329128561541e-02 4.013978215516544878e-02
4.142083008628105745e-02 3.909546523937024176e-02
4.072121818171581253e-02 3.351200852193869650e-02
3.583439913199981675e-02 3.605045113363303244e-02
