4.058965179894311048e-02 4.139190427406880257e-02
0.000000000000000000e+00 0.000000000000000000e+00
9.831666946411132812e-03 7.757081650197505951e-03
1.961450837552547455e-02 1.722631137818098068e-02
2.885855920612812042e-02 2.654869481921195984e-02
3.289618715643882751e-02 3.498706873506307602e-02
3.679621918126940727e-02 3.224268858321011066e-02
3.069580392912030220e-02 4.045509104616940022e-02
3.814875194802880287e-02 3.504489804618060589e-02
3.611350618302822113e-02 3.752777236513793468e-02
4.101386852562427521e-02 3.323245304636657238e-02
3.268386330455541611e-02 4.194396990351378918e-02
3.965485887601971626e-02 3.646217915229499340e-02
3.441154258325695992e-02 3.817304107360541821e-02
3.854674566537141800e-02 3.313807188533246517e-02
3.565005119889974594e-02 4.183400305919349194e-02
4.002389730885624886e-02 3.622637013904750347e-02
3.282895451411604881e-02 3.323633898980915546e-02
3.410207037813961506e-02 3.179614059627056122e-02
3.888387908227741718e-02 3.890381054952740669e-02
3.490211465395987034e-02 3.394445963203907013e-02
3.894390328787267208e-02 3.794587682932615280e-02
3.679370391182601452e-02 3.593293204903602600e-02
3.681589591178635601e-02 3.838944807648658752e-02
3.831089833147416357e-02 3.599435160867869854e-02
3.600514456957171205e-02 3.786780661903321743e-02
3.904878287903557066e-02 3.580132615752518177e-02
3.928473739688342903e-02 3.356709028594195843e-02
3.315349443619197700e-02 4.270736384205520153e-02
3.922199698899930809e-02 3.814004757441580296e-02
3.658974504833167884e-02 4.000894876662641764e-02
4.150830729668086860e-02 3.565781388897448778e-02
3.582367728267854545e-02 4.087217117194086313e-02
3.938145338361209724e-02 3.418997221160680056e-02
3.181401788060611580e-02 4.281532962340861559e-02
3.902966071655100677e-02 3.833143098745495081e-02
3.517002946500724647e-02 3.821935220184968784e-02
4.074473035325354431e-02 3.675423848471837118e-02
3.440136703466123436e-02 4.302599892980651930e-02
3.888801120956486557e-02 3.706565179891185835e-02
3.342021218304580543e-02 4.313608684606151655e-02
3.905427417521423195e-02 3.799098596937255934e-02
3.412518239383643959e-02 4.231103888741927221e-02
3.503263808124756906e-02 3.679273144371109083e-02
3.602813332145160530e-02 3.810391558363335207e-02
3.950940686081594322e-02 4.174953938490943983e-02
3.699826084812229965e-02 4.063621763634728268e-02
3.525694700692838524e-02 3.684710985544370487e-02
4.068685610582178924e-02 3.740549687790917233e-02
3.490293546383327339e-02 4.640222847956465557e-02
4.133445405204838607e-02 4.077406362193869427e-02
