4.213005464308092196e-02 4.069210823313688941e-02
0.000000000000000000e+00 0.000000000000000000e+00
9.568829089403152466e-03 9.650117717683315277e-03
1.890900637954473495e-02 1.928701158612966537e-02
2.314114803448319435e-02 2.821893710643053055e-02
3.119191667065024376e-02 3.438519965857267380e-02
2.833516732789576054e-02 3.791055199690163136e-02
3.474721196107566357e-02 3.266494558192789555e-02
2.885337476618587971e-02 3.831401956267654896e-02
3.296698699705302715e-02 3.684856137260794640e-02
3.360016591614112258e-02 3.716770847677253187e-02
3.719228500267490745e-02 3.270499789505265653e-02
3.036080248421058059e-02 4.190009934245608747e-02
3.651483630528673530e-02 3.545696297078393400e-02
2.977316075703129172e-02 4.380217575817368925e-02
3.772929118713364005e-02 3.867951975553296506e-02
3.536158980568870902e-02 3.633888773038052022e-02
3.977785998722538352e-02 3.465289351879619062e-02
3.197883156826719642e-02 4.371772249578498304e-02
3.811397583922371268e-02 3.765980954631231725e-02
3.603310271864756942e-02 3.651831447496078908e-02
4.082873504376038909e-02 3.366494373767636716e-02
3.304385946830734611e-02 4.246282120584510267e-02
3.872054949169978499e-02 3.765809730975888669e-02
3.560020466102287173e-02 4.122441131039522588e-02
3.953714732779189944e-02 3.522715959115885198e-02
3.246128530008718371e-02 4.366959686740301549e-02
4.029921040637418628e-02 3.870784034370444715e-02
3.456239512888714671e-02 3.903397906105965376e-02
4.202331713167950511e-02 3.365710133221000433e-02
3.302698599873110652e-02 4.316271876450628042e-02
4.121576732723042369e-02 3.706332750152796507e-02
3.284779674140736461e-02 4.528796754311770201e-02
3.976644406793639064e-02 3.981828351970762014e-02
3.269192314473912120e-02 3.730710886884480715e-02
3.972302860347554088e-02 3.150625911075621843e-02
3.109829238383099437e-02 4.099303402472287416e-02
3.593247447861358523e-02 3.502481442410498857e-02
3.083484451053664088e-02 3.851046308409422636e-02
3.589354566065594554e-02 3.242860862519592047e-02
3.275699185905978084e-02 3.991130867507308722e-02
3.954153106315061450e-02 3.292659751605242491e-02
3.046330035431310534e-02 4.284430469851940870e-02
3.775534423766657710e-02 3.750987153034657240e-02
3.149747679708525538e-02 3.772219638631213456e-02
3.497361013432964683e-02 3.376387893513310701e-02
3.450009832158684731e-02 4.235836859152186662e-02
4.056444065645337105e-02 3.689655610651243478e-02
3.308627335354685783e-02 4.540118058503139764e-02
4.015580145642161369e-02 3.921297840133775026e-02
3.332232264801859856e-02 4.137644819275010377e-02
