4.367629316570459386e-02 3.995766457230549851e-02
0.000000000000000000e+00 0.000000000000000000e+00
9.868115186691284180e-03 9.174708276987075806e-03
1.875833980739116669e-02 1.760554406791925430e-02
2.786329016089439392e-02 2.722586970776319504e-02
3.421449381858110428e-02 3.593220096081495285e-02
2.960242470726370811e-02 4.398988559842109680e-02
3.398578334599733353e-02 4.044219804927706718e-02
3.353580346447415650e-02 4.418248473666608334e-02
2.961986351874656975e-02 3.963602497242391109e-02
3.262715370510704815e-02 4.243751592002809048e-02
2.849803262506611645e-02 3.577590710483491421e-02
3.362633989308960736e-02 3.895452967844903469e-02
3.793720997055061162e-02 4.226995818316936493e-02
3.556647457298822701e-02 4.297297348966822028e-02
3.590331590385176241e-02 4.092396673513576388e-02
3.042591820121742785e-02 4.077792284078896046e-02
3.513324019149877131e-02 3.982177434954792261e-02
3.188083242275752127e-02 4.133099131286144257e-02
3.198597262962721288e-02 4.367310693487524986e-02
3.812858657329343259e-02 4.194417526014149189e-02
3.391561107127927244e-02 3.912907652556896210e-02
3.134595355368219316e-02 3.719808394089341164e-02
3.701176107279025018e-02 4.365731868892908096e-02
3.367960275500081480e-02 3.964469674974679947e-02
3.336732985917478800e-02 4.447204712778329849e-02
3.672943694982677698e-02 3.994870930910110474e-02
3.124714002478867769e-02 4.748131660744547844e-02
3.663282620254904032e-02 4.133345885202288628e-02
3.250680782366544008e-02 4.087098821764811873e-02
3.749113634694367647e-02 3.969389182748273015e-02
3.162880160380154848e-02 4.398179735289886594e-02
3.548726055305451155e-02 3.992311033653095365e-02
2.911850938107818365e-02 4.285140667343512177e-02
3.265991096850484610e-02 3.999481844948604703e-02
3.341060521779581904e-02 4.547667532460764050e-02
3.567276120884343982e-02 4.067508626030758023e-02
3.062661614967510104e-02 4.548374313162639737e-02
3.116788947954773903e-02 4.322996159316971898e-02
3.650317154824733734e-02 3.648344735847786069e-02
3.005373198539018631e-02 4.624127066927030683e-02
3.385669412091374397e-02 4.261388588929548860e-02
3.423913300503045321e-02 4.353067325428128242e-02
3.631223726551979780e-02 4.110350413247942924e-02
3.119068488012999296e-02 4.559527663514018059e-02
3.110408470092806965e-02 4.140925873070955276e-02
2.986382950621191412e-02 3.731768066063523293e-02
3.443555092962924391e-02 4.109270148910582066e-02
3.168442590686026961e-02 3.623508778400719166e-02
3.480246152321342379e-02 3.995230048894882202e-02
2.914462053740862757e-02 4.616049118340015411e-02
