6.009313926528891958e-02 2.993006076090891365e-02
0.000000000000000000e+00 0.000000000000000000e+00
9.975171647965908051e-03 4.699332639575004578e-03
1.935287378728389740e-02 1.053779572248458862e-02
2.894840575754642487e-02 1.674635615199804306e-02
3.688189107924699783e-02 1.815873582381755114e-02
4.416503990069031715e-02 2.560040878597646952e-02
5.171568924561142921e-02 3.180712612811475992e-02
4.682168178260326385e-02 2.256589441094547510e-02
4.963787947781383991e-02 2.874656452331691980e-02
4.870096780359745026e-02 3.186086413916200399e-02
4.770173295401036739e-02 2.590928401332348585e-02
5.165546643547713757e-02 3.006399224977940321e-02
5.079727160045877099e-02 2.789695688989013433e-02
5.442851997213438153e-02 2.693295490462332964e-02
5.494210694450885057e-02 2.940291876439005136e-02
5.073558085132390261e-02 2.470594889018684626e-02
5.302626232150942087e-02 3.317629604134708643e-02
4.748503130394965410e-02 2.352579555008560419e-02
5.299106857273727655e-02 3.009887423831969500e-02
5.039584368932992220e-02 2.189040009398013353e-02
5.488896102178841829e-02 2.872436458710581064e-02
5.193310591857880354e-02 2.047526522073894739e-02
5.726640287321060896e-02 2.866189705673605204e-02
5.198121245484799147e-02 2.076121384743601084e-02
5.915978585835546255e-02 2.980469504836946726e-02
5.376367445569485426e-02 2.080045326147228479e-02
5.822564836125820875e-02 2.645585883874446154e-02
5.526819347869604826e-02 1.963676570449024439e-02
5.472197354538366199e-02 2.823176200035959482e-02
5.251748458249494433e-02 2.162981044966727495e-02
5.276930704712867737e-02 2.978746138978749514e-02
4.966452973894774914e-02 2.280882105696946383e-02
5.543379788286983967e-02 2.309317336766980588e-02
5.650730372872203588e-02 2.977427476434968412e-02
5.249610811006277800e-02 2.318801879300735891e-02
5.644510767888277769e-02 2.253606318845413625e-02
5.408494023140519857e-02 2.985856504528783262e-02
5.231149052269756794e-02 2.176716373651288450e-02
5.581943248398602009e-02 2.939730891375802457e-02
5.431745632085949183e-02 2.184248305275104940e-02
5.895917268935590982e-02 2.299604748259298503e-02
5.997771350666880608e-02 2.718068935791961849e-02
5.557241244241595268e-02 1.933149338583461940e-02
5.938788200728595257e-02 2.834249750594608486e-02
5.518621602095663548e-02 1.939242423395626247e-02
5.234648147597908974e-02 2.819552455912344158e-02
5.459856311790645123e-02 2.881437333417125046e-02
5.173889268189668655e-02 2.623135296744294465e-02
5.396075476892292500e-02 3.030605267849750817e-02
5.019294144585728645e-02 2.078977439668960869e-02
