4.316967716557817275e-02 4.020187899051637370e-02
0.000000000000000000e+00 0.000000000000000000e+00
9.926319122314453125e-03 7.824921049177646637e-03
1.976709626615047455e-02 1.352878147736191750e-02
2.898482047021389008e-02 1.863738335669040680e-02
3.767810016870498657e-02 2.131152059882879257e-02
4.546192660927772522e-02 2.643158799037337303e-02
4.447380022611469030e-02 3.340354887768626213e-02
4.829884239006787539e-02 3.190670814365148544e-02
4.267240886110812426e-02 3.037527645938098431e-02
4.420293215662240982e-02 3.164861281402409077e-02
4.393458549748174846e-02 3.149416287487838417e-02
4.626608776743523777e-02 3.557202396041247994e-02
4.803711813292466104e-02 3.394482193107251078e-02
4.269214425585232675e-02 3.520565923827234656e-02
4.572459970950149000e-02 2.990847757610026747e-02
4.398527785087935627e-02 3.060213733988348395e-02
4.801093271817080677e-02 3.595401464554015547e-02
4.295372075284831226e-02 3.325999203661922365e-02
4.121019676676951349e-02 3.010094469937030226e-02
4.637372339493595064e-02 3.222956114041153342e-02
4.554863655357621610e-02 3.872751376184169203e-02
4.389237551367841661e-02 3.463314312102738768e-02
4.846137049025855958e-02 3.221392423438373953e-02
4.213365152827464044e-02 2.990600491466466337e-02
4.679751940420828760e-02 2.866218112467322499e-02
4.385752332746051252e-02 3.277422780229244381e-02
4.272012432920746505e-02 3.191915749630425125e-02
4.433742476976476610e-02 3.289561388373840600e-02
4.474437906173989177e-02 3.060670565173495561e-02
4.099995334399864078e-02 2.802498541132081300e-02
4.540740669472143054e-02 2.975337459065485746e-02
4.679801635211333632e-02 3.483486101322341710e-02
4.244517249753698707e-02 3.285761289589572698e-02
4.970803152536973357e-02 3.209346941730473191e-02
4.460632050177082419e-02 3.076737282390240580e-02
4.485231958096846938e-02 2.842860949749592692e-02
4.255175561411306262e-02 2.775998071592766792e-02
4.941603000042960048e-02 2.841347527282778174e-02
4.497593332780525088e-02 3.588104319351259619e-02
4.834405932342633605e-02 2.904122906329575926e-02
4.270842758705839515e-02 3.270619224349502474e-02
3.943313163472339511e-02 2.845519363472703844e-02
4.645372898085042834e-02 3.214071203547064215e-02
4.425531433662399650e-02 3.219527412511524744e-02
4.468267248012125492e-02 3.570398140072938986e-02
4.463033483625622466e-02 3.308489556729909964e-02
4.766162683517904952e-02 3.294520314739202149e-02
4.128901533113094047e-02 2.750362830192898400e-02
4.648739717231364921e-02 3.202938010872458108e-02
4.323124804795952514e-02 2.994343337559257634e-02
