3.574259689529745571e-03 4.993610292417752228e-02
0.000000000000000000e+00 0.000000000000000000e+00
4.592740442603826523e-03 9.880258701741695404e-03
9.080231189727783203e-03 1.967416424304246902e-02
1.300006639212369919e-02 2.932134736329317093e-02
1.477697736117988825e-02 3.787625394761562347e-02
1.744308241177350283e-02 4.676590394228696823e-02
1.357852586079388857e-02 5.229744128882884979e-02
1.173917006235569715e-02 5.416586925275623798e-02
1.191271613060962409e-02 4.829505435191094875e-02
1.349644728179555386e-02 5.376330134458839893e-02
1.264682300097774714e-02 4.993199114687740803e-02
1.460691569081973284e-02 5.257178307510912418e-02
9.967574660549871624e-03 4.948236164636909962e-02
1.549564329616259784e-02 5.025323445443063974e-02
1.146655836782883853e-02 4.834000649861991405e-02
1.397863430611323565e-02 5.333235790021717548e-02
1.597459106415044516e-02 5.096016940660774708e-02
1.240889103792142123e-02 4.897469468414783478e-02
1.273486048739869148e-02 5.217739404179155827e-02
9.745383707922883332e-03 4.746164032258093357e-02
1.124076762062031776e-02 5.591544997878372669e-02
1.224797878239769489e-02 5.586942506124614738e-02
1.029075549740809947e-02 5.421467497581033967e-02
1.177552501030731946e-02 5.175795638569979928e-02
1.159324745822232217e-02 5.632892064386396669e-02
7.315199050935916603e-03 5.661546639385051094e-02
6.505313780508004129e-03 5.295131136881536804e-02
1.015021883358713239e-02 5.844692527534789406e-02
8.837877176119945943e-03 5.887310442267335020e-02
8.495727452100254595e-03 5.140263403518474661e-02
8.412835275521501899e-03 5.575969398705638014e-02
1.019226756761781871e-02 5.418250502771115862e-02
6.998108437983319163e-03 5.304930873899138533e-02
5.551378562813624740e-03 5.717500627724803053e-02
9.531378600513562560e-03 5.522973477127379738e-02
1.321129300049506128e-02 5.804228470879024826e-02
1.084042186266742647e-02 5.189058664473122917e-02
1.262416827376000583e-02 5.625789021360105835e-02
1.427738644997589290e-02 5.013435161890811287e-02
1.444112516765017062e-02 5.402993937241262756e-02
1.231123910110909492e-02 5.477839128798223101e-02
7.629557818290777504e-03 5.432792144347331487e-02
1.186911559489089996e-02 5.483370020738220774e-02
1.061112440947908908e-02 5.426569716291851364e-02
1.237567579664755613e-02 5.547984016811824404e-02
9.556862481986172497e-03 5.311910181990242563e-02
8.230938066844828427e-03 5.504267956348485313e-02
8.789736384642310441e-03 5.455160766359767877e-02
1.092368511308450252e-02 5.143188449073932134e-02
1.006871073332149535e-02 5.182806821176200174e-02
