4.362984061601743457e-02 3.998020342175781505e-02
0.000000000000000000e+00 0.000000000000000000e+00
9.673575870692729950e-03 8.816614747047424316e-03
1.876076869666576385e-02 1.616515452042222023e-02
2.809293940663337708e-02 2.248077560216188431e-02
3.722953237593173981e-02 2.955906046554446220e-02
3.545101440977305174e-02 3.176391962915658951e-02
3.973815485369414091e-02 3.479225514456629753e-02
4.050526185892522335e-02 3.096221340820193291e-02
3.708007745444774628e-02 3.813651902601122856e-02
3.932782099582254887e-02 3.395919082686305046e-02
3.774991922546178102e-02 3.236618998926132917e-02
3.713452693773433566e-02 3.113850008230656385e-02
3.834820975316688418e-02 3.175888548139482737e-02
3.771098068682476878e-02 3.299605858046561480e-02
3.578698990168049932e-02 3.227753413375467062e-02
3.864753601374104619e-02 3.758181200828403234e-02
3.956089966231957078e-02 3.265128971543163061e-02
3.507935634115710855e-02 3.022368915844708681e-02
3.628375875996425748e-02 3.723499190527945757e-02
4.108377575175836682e-02 3.165295312646776438e-02
4.055327060632407665e-02 3.724248812068253756e-02
3.528985637240111828e-02 3.748959227232262492e-02
4.210050473921000957e-02 3.044199961004778743e-02
4.031072871293872595e-02 3.815991635201498866e-02
3.880595823284238577e-02 3.472974075702950358e-02
3.833553037839010358e-02 3.232252685120329261e-02
3.971137123880907893e-02 3.418214648263528943e-02
3.944772799150086939e-02 3.170651529217138886e-02
3.980967481038533151e-02 3.719308931613340974e-02
3.971358318085549399e-02 3.188093338394537568e-02
3.685403847339330241e-02 3.207305941032245755e-02
3.473486215079901740e-02 3.269954712595790625e-02
3.783055207895813510e-02 3.386122849769890308e-02
3.715208730864105746e-02 3.038738574832677841e-02
3.537906728888629004e-02 3.566295467317104340e-02
4.153047384897945449e-02 3.214730764739215374e-02
3.714659739489434287e-02 3.401912236586213112e-02
3.697507251490605995e-02 3.057240764610469341e-02
3.518596820504171774e-02 3.010819654446095228e-02
3.354094741371227428e-02 2.477793849539011717e-02
3.457292791426880285e-02 3.271977312397211790e-02
4.145056817651493475e-02 3.388228302355855703e-02
3.931120194465620443e-02 3.343058770406059921e-02
4.107387694966746494e-02 3.255359301692806184e-02
4.100054058653768152e-02 3.676857225946150720e-02
4.185393841180484742e-02 3.345065712346695364e-02
3.795785356487613171e-02 3.347090124407259282e-02
4.035790001216810197e-02 3.626718167470244225e-02
4.023884986963821575e-02 3.008898236112145241e-02
3.902951574855251238e-02 3.516017068432120141e-02
