2.387192705982338348e-02 4.710886210048222111e-02
0.000000000000000000e+00 0.000000000000000000e+00
9.492670185863971710e-03 9.394152089953422546e-03
1.859283819794654846e-02 1.924713328480720520e-02
2.521248720586299896e-02 2.816666942089796066e-02
2.972896117717027664e-02 3.729315754026174545e-02
2.905944129452109337e-02 4.649839643388986588e-02
2.838728867936879396e-02 5.085104936733841896e-02
2.128149115014821291e-02 5.038581127882935107e-02
2.862531470600515604e-02 4.957887585624121130e-02
2.550499548669904470e-02 4.414202235057018697e-02
3.016345470678061247e-02 5.182326780050061643e-02
2.814196690451353788e-02 4.742173766135238111e-02
2.849057063576765358e-02 5.217288582934997976e-02
2.643536010873503983e-02 5.240877596952486783e-02
2.476564983953721821e-02 4.990063999139238149e-02
2.797160486807115376e-02 4.756591767363715917e-02
2.611397733562625945e-02 5.568884052627254277e-02
3.184205494471825659e-02 5.114244269498158246e-02
2.926189629943110049e-02 4.375235196494031698e-02
2.732599471346475184e-02 5.028619636141229421e-02
2.467640014947392046e-02 4.799397588067222387e-02
3.169358093873597682e-02 4.719805241620633751e-02
2.668767180875875056e-02 5.443092565110418946e-02
3.056879472569562495e-02 4.934573163336608559e-02
2.703076080069877207e-02 4.903617552190553397e-02
2.720221712661441416e-02 5.141847654886078089e-02
2.657101109798531979e-02 4.628928499005269259e-02
2.761857576842885464e-02 5.502295801125001162e-02
2.763979859810206108e-02 5.440858313522767276e-02
2.989673918273183517e-02 4.972447761974763125e-02
2.255311260159942321e-02 4.836925752169918269e-02
3.032771568905445747e-02 5.259538655809592456e-02
2.584020910944673233e-02 5.778836486570071429e-02
3.136186884876224212e-02 5.207416303164791316e-02
2.414855245660874061e-02 4.693682053766679019e-02
2.280347888518008403e-02 4.620490175148006529e-02
2.261769240067224018e-02 5.475957923044916242e-02
3.052879059032420628e-02 5.263654164446052164e-02
2.753813242816249840e-02 4.589049446803983301e-02
2.787656879445421509e-02 4.939669834857340902e-02
2.811035370905301534e-02 5.135835146938916296e-02
2.839351273360080086e-02 5.341961000522132963e-02
3.085915781775838695e-02 5.288392699731048197e-02
2.492013750816113316e-02 4.644530102086719126e-02
2.639633943545049988e-02 5.402596735802944750e-02
2.639206459025444929e-02 4.832130133581813425e-02
2.735761571420880500e-02 4.861799535865429789e-02
2.725766111143457238e-02 4.407872959563974291e-02
2.816664981401117984e-02 4.605654512124601752e-02
2.587721887721272651e-02 4.892237695457879454e-02
