2.412082585969255177e-02 4.704733772673204417e-02
0.000000000000000000e+00 0.000000000000000000e+00
8.016170933842658997e-03 9.690682403743267059e-03
1.652092393487691879e-02 1.943492330610752106e-02
2.395862760022282600e-02 2.942225616425275803e-02
3.052863664925098419e-02 3.910326585173606873e-02
3.348379908129572868e-02 4.896430112421512604e-02
2.850157581269741058e-02 4.467181721702218056e-02
2.734232333023101091e-02 5.047639645636081696e-02
2.373613638337701559e-02 5.357364099472761154e-02
2.158246154431253672e-02 5.142597481608390808e-02
2.361536130774766207e-02 4.784743720665574074e-02
2.490451792255043983e-02 5.014536785893142223e-02
2.254998311400413513e-02 4.919268301455304027e-02
2.370331145357340574e-02 5.197641294216737151e-02
2.343460358679294586e-02 4.571587027749046683e-02
2.414816297823563218e-02 4.461494268616661429e-02
2.462650931556709111e-02 5.094489635666832328e-02
2.572730337851680815e-02 5.102101148804649711e-02
2.522158660576678813e-02 5.088609577796887606e-02
2.318931501940824091e-02 4.525619167543482035e-02
2.264465673943050206e-02 5.126728191680740565e-02
2.086189380497671664e-02 5.071191267052199692e-02
2.391223065205849707e-02 5.001575725327711552e-02
2.391681305698512006e-02 4.785003086726646870e-02
2.321603408881856012e-02 4.898766653786879033e-02
2.074462341943217325e-02 4.874285178084392101e-02
2.319433124603165197e-02 4.919731333211530000e-02
2.039808667132092523e-02 4.582697241858113557e-02
1.932352645189894247e-02 5.361113879189360887e-02
2.240004999430311727e-02 4.989407393441069871e-02
2.341399531678689527e-02 4.964223179558757693e-02
2.397421815066991257e-02 4.557400105113629252e-02
2.265325710277465987e-02 4.870516878145281225e-02
2.524951971236077952e-02 5.317875581386033446e-02
2.556023991883193958e-02 5.098535028810147196e-02
2.698389325041716802e-02 5.094274786824826151e-02
2.360369195912426221e-02 5.021042971930000931e-02
2.308219840733727324e-02 4.826538114866707474e-02
2.178396989575048792e-02 5.375939131772611290e-02
2.348200843653103220e-02 5.016301399155054241e-02
2.418477100536620128e-02 4.897676828841213137e-02
2.485935250979309785e-02 4.655283947067800909e-02
2.543810883753394592e-02 4.632845541345886886e-02
2.505731324299631524e-02 4.937151793274097145e-02
2.367293343513665604e-02 4.795235043275170028e-02
2.302666175046397257e-02 4.864591723890043795e-02
2.023763539136780309e-02 5.345054381177760661e-02
2.059355617484470713e-02 5.434221375617198646e-02
2.329783800041695940e-02 5.092532510752789676e-02
2.269375208516066778e-02 5.114023799251299351e-02
