4.349888401225005669e-02 4.004358438938787623e-02
0.000000000000000000e+00 0.000000000000000000e+00
9.922928176820278168e-03 8.379101753234863281e-03
1.886898558586835861e-02 1.719847414642572403e-02
2.734236512333154678e-02 2.390415873378515244e-02
3.041055100038647652e-02 2.925721742212772369e-02
3.702244395390152931e-02 2.863412955775856972e-02
3.444783808663487434e-02 3.233023965731263161e-02
4.257539892569184303e-02 3.158539737341925502e-02
3.451575478538870811e-02 4.073412081925198436e-02
3.914260352030396461e-02 3.608714247820898890e-02
4.070130432955920696e-02 3.790410776855424047e-02
3.828983451239764690e-02 3.664898179704323411e-02
4.235880519263446331e-02 3.366331598954275250e-02
3.609280218370258808e-02 4.201472393469884992e-02
4.175241081975400448e-02 3.738262300612404943e-02
4.084511788096278906e-02 3.427701612235978246e-02
3.817156946752220392e-02 4.050455690594390035e-02
4.368550062645226717e-02 3.546833508880808949e-02
4.013653763104230165e-02 4.069232457550242543e-02
3.852948022540658712e-02 3.495433955686166883e-02
3.756208554841578007e-02 3.228342212969437242e-02
3.726572293089702725e-02 3.573008935200050473e-02
4.264265188248828053e-02 3.281154326396062970e-02
3.473743126960471272e-02 4.209649033145979047e-02
4.223293467657640576e-02 3.733850485878065228e-02
3.698822233127430081e-02 3.380708472104743123e-02
3.583328699460253119e-02 3.137534350389614701e-02
3.872692672302946448e-02 3.898883989313617349e-02
4.215776285855099559e-02 3.521642024861648679e-02
3.646668902365490794e-02 3.983104025246575475e-02
3.865889058215543628e-02 3.390809643315151334e-02
3.596320672659203410e-02 3.931713459314778447e-02
4.422046727268025279e-02 3.387839841889217496e-02
3.965827467618510127e-02 4.274900379823520780e-02
3.879380825674161315e-02 3.567803447367623448e-02
3.972237347625195980e-02 3.334525070386007428e-02
3.632578253746032715e-02 3.669946017907932401e-02
4.280147422105073929e-02 3.708432856365107000e-02
3.832738241180777550e-02 4.240205939277075231e-02
4.040399985387921333e-02 3.715205713524483144e-02
4.267027578316628933e-02 3.831697380519472063e-02
4.392206028569489717e-02 3.547552143572829664e-02
3.835725702811032534e-02 4.294710056274197996e-02
3.974013368133455515e-02 3.682745675905607641e-02
3.754390275571495295e-02 3.405276648118160665e-02
3.945818927604705095e-02 3.849779962911270559e-02
3.861705691087990999e-02 3.260184833197854459e-02
4.190244700293987989e-02 4.179620472132228315e-02
3.908593219239264727e-02 3.834028690471313894e-02
3.665323962923139334e-02 3.720566243282519281e-02
