4.302799723246458069e-02 4.026954887537115280e-02
0.000000000000000000e+00 0.000000000000000000e+00
9.850375354290008545e-03 9.761282242834568024e-03
1.903148088604211807e-02 1.923695392906665802e-02
2.609168924391269684e-02 2.876364067196846008e-02
3.476837556809186935e-02 3.423567581921815872e-02
3.912445809692144394e-02 3.391448548063635826e-02
3.470791038125753403e-02 4.249754967167973518e-02
4.065538337454199791e-02 3.572989953681826591e-02
3.606827324256300926e-02 3.828026540577411652e-02
4.202582640573382378e-02 3.234367445111274719e-02
3.417197847738862038e-02 4.186934325844049454e-02
3.833553707227110863e-02 3.574826009571552277e-02
3.663407720159739256e-02 3.821965446695685387e-02
4.087955167051404715e-02 3.319988632574677467e-02
3.939493291545659304e-02 4.196948418393731117e-02
4.069611895829439163e-02 3.735229885205626488e-02
3.485615085810422897e-02 3.835033206269145012e-02
4.091667709872126579e-02 3.352378867566585541e-02
3.689868375658988953e-02 4.281746037304401398e-02
3.855665610171854496e-02 3.615758847445249557e-02
3.999682702124118805e-02 3.187889279797673225e-02
3.486667573451995850e-02 4.166747210547327995e-02
4.024533461779356003e-02 3.496419871225953102e-02
3.555294126272201538e-02 4.079649411141872406e-02
3.929876419715583324e-02 3.478231048211455345e-02
3.662981721572577953e-02 4.023188306018710136e-02
4.046785435639321804e-02 3.657322260551154613e-02
3.855200379621237516e-02 3.727258532308042049e-02
3.913307399488985538e-02 3.138780198059976101e-02
3.310462296940386295e-02 4.126017144881188869e-02
4.065280710346996784e-02 3.512689541094005108e-02
3.402823605574667454e-02 3.781928960233926773e-02
3.750511677935719490e-02 3.264934243634343147e-02
3.296041209250688553e-02 3.834551246836781502e-02
4.025861900299787521e-02 3.331730468198657036e-02
3.430245770141482353e-02 4.221333609893918037e-02
3.935079928487539291e-02 3.618187922984361649e-02
4.015260096639394760e-02 3.758429537992924452e-02
3.745097527280449867e-02 3.220896085258573294e-02
3.729265401489101350e-02 3.827054926659911871e-02
3.982302019721828401e-02 3.282619721721857786e-02
3.208753591752611101e-02 4.220318503212183714e-02
3.750176899484358728e-02 3.663303318899124861e-02
4.370889425626955926e-02 3.293949377257376909e-02
3.629611743963323534e-02 4.267958377022296190e-02
4.070017006597481668e-02 3.731174592394381762e-02
3.742995657376013696e-02 4.147514572832733393e-02
4.200250873691402376e-02 3.512584103737026453e-02
3.653435487649403512e-02 4.081419820431619883e-02
3.943990598781965673e-02 3.488602035213261843e-02
