1.876874665413888650e-03 4.998238515603800614e-02
0.000000000000000000e+00 0.000000000000000000e+00
6.290795747190713882e-03 9.997601620852947235e-03
1.136303041130304337e-02 1.999290939420461655e-02
1.467272848822176456e-02 2.980639226734638214e-02
1.746354904025793076e-02 3.976952563971281052e-02
1.733310904819518328e-02 4.875501524657011032e-02
1.585966616403311491e-02 4.863814782584086061e-02
1.369868020992726088e-02 5.236762814456596971e-02
1.455839019035920501e-02 5.305923987179994583e-02
1.275991782313212752e-02 5.298903812217758968e-02
1.303642735001631081e-02 4.800224671635078266e-02
1.367626173305325210e-02 5.087023013766156510e-02
1.104304727050475776e-02 5.309428083273814991e-02
1.296849545906297863e-02 5.275804090342717245e-02
1.267063853447325528e-02 5.162317684880690649e-02
1.206589580397121608e-02 5.594424630544381216e-02
1.312308662454597652e-02 5.633946203306550160e-02
1.438181984121911228e-02 5.364143520273501053e-02
1.439191925237537362e-02 5.757046023063594475e-02
1.336635812549502589e-02 5.511203103378647938e-02
1.453399286037893035e-02 5.059315145626896992e-02
1.253914460903615691e-02 5.528878860786790028e-02
1.275609835647628643e-02 5.280239156127208844e-02
1.198671746897161938e-02 5.563754236936802045e-02
1.198408353980084939e-02 5.247131150827044621e-02
1.100227583106061502e-02 5.502792166225844994e-02
1.041948367515033169e-02 5.208303986728424206e-02
1.183021234487569018e-02 5.205023466260172427e-02
8.081478328904267983e-03 5.723564318032003939e-02
7.152297970833387808e-03 5.407448476762510836e-02
6.091471266927328543e-03 4.931909582228399813e-02
5.579683144105729298e-03 5.501992107019759715e-02
4.828020901413765387e-03 5.461708607617765665e-02
6.341140804806855158e-03 5.287771951407194138e-02
7.336514507414904074e-03 5.411681300029158592e-02
7.502871070983019308e-03 5.395509785739704967e-02
9.636080794962254004e-03 4.927547293482348323e-02
1.083715245499661251e-02 5.628807022003456950e-02
1.308209457806697174e-02 5.593211666564457119e-02
1.399089253413876577e-02 5.425496477982960641e-02
1.143518785852393194e-02 5.426524419635825325e-02
1.201461054756691738e-02 5.144249697514169384e-02
1.234234430035030528e-02 5.297904383223794866e-02
8.872082719108220772e-03 5.659793727863871027e-02
1.121974040893292113e-02 5.300692925993644167e-02
1.152606416167145653e-02 5.723402873445593286e-02
1.023343790461694880e-02 5.393710747193836141e-02
1.033410656987143739e-02 5.840893616732500959e-02
1.116382225904999359e-02 5.380488155242346693e-02
1.101161167048303469e-02 5.576194767672859598e-02
