4.377672065187872968e-02 3.990883565572060643e-02
0.000000000000000000e+00 0.000000000000000000e+00
9.468042291700839996e-03 7.195528596639633179e-03
1.885593216866254807e-02 1.590069662779569626e-02
2.741704043000936508e-02 2.281607035547494888e-02
3.573721181601285934e-02 2.870722627267241478e-02
4.121625050902366638e-02 3.160662972368299961e-02
4.904324375092983246e-02 3.216560924192890525e-02
4.309361474588513374e-02 3.859546262538060546e-02
4.812189238145947456e-02 3.393360221525654197e-02
4.410598706454038620e-02 3.447379672434180975e-02
4.764229478314518929e-02 3.233949153218418360e-02
4.598103824537247419e-02 3.614902461413294077e-02
4.889997059945017099e-02 3.157397371251136065e-02
4.458091093692928553e-02 3.873870440293103456e-02
4.948774736840277910e-02 3.449748049024492502e-02
4.493818676564842463e-02 3.184470429550856352e-02
5.114980845246464014e-02 3.227828277158550918e-02
4.705284174997359514e-02 3.859199650469236076e-02
4.859408666379749775e-02 3.524372351239435375e-02
4.761686082929372787e-02 2.962205090443603694e-02
4.548253887332975864e-02 3.826933444361202419e-02
4.766224254854023457e-02 3.457464111852459610e-02
4.939509730320423841e-02 3.210475176456384361e-02
4.361795855220407248e-02 3.226983874628785998e-02
4.448484850581735373e-02 2.876423393900040537e-02
4.463763190142344683e-02 3.373771674523595721e-02
5.026257671124767512e-02 3.101429111848119646e-02
4.369353484071325511e-02 3.653527471760753542e-02
5.050682956061791629e-02 3.255830753187183291e-02
4.441208187199663371e-02 3.969415418396238238e-02
4.838678640953730792e-02 3.496769770572427660e-02
4.596846275671850890e-02 3.224183247948531061e-02
4.865568205423187464e-02 3.096119874680880457e-02
4.458258794329594821e-02 3.253677593602333218e-02
4.800707269168924540e-02 2.926123132056090981e-02
4.557066205597948283e-02 3.648515920212958008e-02
5.072519909299444407e-02 3.318316339573357254e-02
4.578000101901125163e-02 3.760837799927685410e-02
5.014191036752890795e-02 3.589277157152537256e-02
4.453474962792824954e-02 3.169587488810066134e-02
4.647886233578901738e-02 3.407043080369476229e-02
4.805079409561585635e-02 3.239694937656167895e-02
4.592328569560777396e-02 3.147126124531496316e-02
4.551884376269299537e-02 3.189475937688257545e-02
5.284996454429347068e-02 3.273900911153759807e-02
4.663584411900956184e-02 3.726029802055563778e-02
4.970873061392921954e-02 3.389359648281242698e-02
4.618044926610309631e-02 3.771334105113055557e-02
4.796364142384845763e-02 3.397401641996111721e-02
4.967483594373334199e-02 3.327061723393853754e-02
