4.634992505561204984e-03 4.989252646956825188e-02
0.000000000000000000e+00 0.000000000000000000e+00
5.165067967027425766e-03 9.930361062288284302e-03
1.086162915453314781e-02 1.990135479718446732e-02
1.403137668967247009e-02 2.970017679035663605e-02
1.766388746909797192e-02 3.948715236037969589e-02
1.857966155512258410e-02 4.890810232609510422e-02
2.044411032693460584e-02 5.399913527071475983e-02
1.702526077860966325e-02 5.592666484881192446e-02
1.711963161505991593e-02 5.200662103015929461e-02
1.856402969133341685e-02 5.495278548914939165e-02
1.812699592119315639e-02 4.731233103666454554e-02
1.882038152689347044e-02 5.496115901041775942e-02
1.670152814040193334e-02 5.630310869310051203e-02
1.594151466997573152e-02 5.217275966424494982e-02
1.667679157253587618e-02 5.219123591086827219e-02
1.721312132576713338e-02 5.716765983379445970e-02
1.875258531799772754e-02 5.653415786218829453e-02
1.728053662372985855e-02 5.396772015956230462e-02
1.781012627907330170e-02 5.100085123558528721e-02
1.664494546275818720e-02 5.154812437831424177e-02
1.702362925425404683e-02 5.608261897577904165e-02
1.515840445790672675e-02 5.297691779560409486e-02
1.572541506175184622e-02 5.386620000354014337e-02
1.574498326590401120e-02 5.038143656565807760e-02
1.582687885456834920e-02 5.156890649232082069e-02
1.468124242455814965e-02 5.254149928805418313e-02
1.491516919122659601e-02 5.534097322379238904e-02
1.548340169028961100e-02 5.187161036883480847e-02
1.462141305455588736e-02 5.619074779679067433e-02
1.523616581471287645e-02 5.254798501846380532e-02
1.503270953617175110e-02 5.261270016490016133e-02
1.355223388600279577e-02 5.252269536867970601e-02
1.392182200288516469e-02 5.396831068355822936e-02
1.339289335373905487e-02 5.330266213422873989e-02
1.157425191559013911e-02 5.090658405242720619e-02
1.138179806366679259e-02 5.520682913629570976e-02
1.174289013215457089e-02 5.545358043309533969e-02
1.214041257117060013e-02 5.286198840622091666e-02
1.277468224361655302e-02 5.179449133720481768e-02
1.276277442775608506e-02 5.522073302563512698e-02
1.220228872807638254e-02 5.412253118265653029e-02
1.232086501659068745e-02 5.573011606611544266e-02
1.268376550979155581e-02 5.305437415518099442e-02
1.322469314436602872e-02 5.653984400123590603e-02
1.276106499244633596e-02 5.388499887340003625e-02
1.300853273824031930e-02 5.155381348595255986e-02
1.171340250402863603e-02 5.924155118555063382e-02
1.394914176307793241e-02 5.718684450403088704e-02
1.359185304136190098e-02 5.356528654374415055e-02
1.429273928624752443e-02 5.462135442212456837e-02
