4.114194755860980240e-02 4.114461120156584495e-02
0.000000000000000000e+00 0.000000000000000000e+00
9.576329961419105530e-03 9.157984517514705658e-03
1.910144183784723282e-02 1.679866062477231026e-02
2.668964210897684097e-02 2.460900880396366119e-02
3.372115176171064377e-02 2.892899699509143829e-02
3.871999541297554970e-02 2.939129894366487861e-02
4.200459993444383144e-02 3.168137971078976989e-02
4.103765171021223068e-02 3.516667539952322841e-02
4.065452021313831210e-02 3.422711789608001709e-02
4.113555472576990724e-02 3.564535791520029306e-02
4.335840378189459443e-02 3.377616708166897297e-02
4.132771055446937680e-02 3.926436486653983593e-02
3.988751926226541400e-02 3.675434784963726997e-02
4.104990157065913081e-02 3.663757639151299372e-02
4.052255547139793634e-02 3.282436109293485060e-02
4.169340524822473526e-02 3.007250102382386103e-02
3.449291409924626350e-02 3.841731427382910624e-02
3.885519178584218025e-02 3.349822163727367297e-02
3.765648871194571257e-02 3.354107618361013010e-02
3.913360624574124813e-02 3.439135547523619607e-02
3.841985197504982352e-02 3.274227982183219865e-02
3.879806131590157747e-02 2.830532077496172860e-02
3.203105099964886904e-02 3.571495763753773645e-02
3.839813463855534792e-02 3.301060247031273320e-02
4.026389820501208305e-02 3.252490331215085462e-02
4.149102431256324053e-02 3.530118033086182550e-02
3.733967395965009928e-02 2.912752726842882112e-02
3.539111884310841560e-02 3.307512379979016259e-02
3.922581230290234089e-02 3.431471321528078988e-02
4.352019471116364002e-02 2.928431356122018769e-02
3.541759890504181385e-02 3.632990527694346383e-02
4.188279644586145878e-02 3.308703588118078187e-02
4.370255360845476389e-02 3.516573226806940511e-02
4.023128293920308352e-02 3.494672335364157334e-02
4.244188324082642794e-02 3.011659623734885827e-02
3.862251655664294958e-02 3.624925480835372582e-02
4.464919201564043760e-02 2.973408762045437470e-02
3.723852091934531927e-02 3.932823098875815049e-02
3.968277631793171167e-02 3.360651524417335168e-02
4.614372516516596079e-02 2.888639175944263116e-02
3.859393869061022997e-02 3.856710156105691567e-02
4.461066762451082468e-02 3.292637874983483925e-02
3.819292655680328608e-02 3.770964543946320191e-02
4.097491840366274118e-02 3.363533083029324189e-02
4.517703840974718332e-02 3.078320457279914990e-02
3.918214247096329927e-02 3.613336265698308125e-02
4.482556751463562250e-02 3.230088132113451138e-02
3.801693499553948641e-02 3.627756026253337041e-02
4.393380193505436182e-02 3.233665621519321576e-02
3.824904013890773058e-02 3.367943442572141066e-02
