2.241716595619257582e-02 4.745496739772951666e-02
0.000000000000000000e+00 0.000000000000000000e+00
9.218683466315269470e-03 9.568095207214355469e-03
1.737309712916612625e-02 1.823439262807369232e-02
2.320244535803794861e-02 2.731853630393743515e-02
2.612984878942370415e-02 3.700575605034828186e-02
2.902203775011003017e-02 3.570157778449356556e-02
2.974671579431742430e-02 4.399884608574211597e-02
2.952833630843088031e-02 4.705600393936038017e-02
2.675785933388397098e-02 4.539905919227749109e-02
3.283055702922865748e-02 4.556149138079490513e-02
2.796260052127763629e-02 4.212542307504918426e-02
2.573876146925613284e-02 4.880822879204060882e-02
2.747402194654569030e-02 4.395827102416660637e-02
2.721541767823509872e-02 4.803409856685902923e-02
2.227842269348911941e-02 4.193932573252823204e-02
2.889960465836338699e-02 4.422904887178447098e-02
2.370270687970332801e-02 4.639830497035291046e-02
3.245223566773347557e-02 3.974497049057390541e-02
2.707761499914340675e-02 4.718202176445629448e-02
2.471309408429078758e-02 4.434524253883864731e-02
3.047773914295248687e-02 4.291859232762362808e-02
2.674166948418132961e-02 4.938816848152782768e-02
3.188155216048471630e-02 4.481618908175732940e-02
2.709013639832846820e-02 4.126252151036169380e-02
3.126489088754169643e-02 4.483014075958635658e-02
2.658305500517599285e-02 5.061391052731778473e-02
3.078470189939253032e-02 4.646386309468653053e-02
2.992572807124815881e-02 4.084338770189788193e-02
2.645850818953476846e-02 4.757055138179566711e-02
2.983885686262510717e-02 4.486404159979429096e-02
2.953863423317670822e-02 3.972230652288999408e-02
3.169860271736979485e-02 4.547257848025765270e-02
2.740815514698624611e-02 4.673413581622298807e-02
3.320519439876079559e-02 4.555782266834285110e-02
3.143882390577346087e-02 4.129950712376739830e-02
2.978586312383413315e-02 4.740209887677337974e-02
2.544774999842047691e-02 4.479272906610276550e-02
2.690802677534520626e-02 4.500734750763513148e-02
2.521127683576196432e-02 4.849679177277721465e-02
2.375578507781028748e-02 4.420660916366614401e-02
3.105033002793788910e-02 4.922552654170431197e-02
2.582032606005668640e-02 4.275933993631042540e-02
2.761433040723204613e-02 5.159093873226083815e-02
2.820287144277244806e-02 4.711005571880377829e-02
3.306759998667985201e-02 4.656174007686786354e-02
2.633329399395734072e-02 4.649460498330881819e-02
2.641065604984760284e-02 4.760884105780860409e-02
3.266347991302609444e-02 4.387791649060091004e-02
2.776603866368532181e-02 4.606839673215290532e-02
3.454942163079977036e-02 4.396547105716308579e-02
