4.097783029651486109e-02 4.121851470063535305e-02
0.000000000000000000e+00 0.000000000000000000e+00
9.712462313473224640e-03 8.680510334670543671e-03
1.903328858315944672e-02 1.799405552446842194e-02
2.788001485168933868e-02 2.425099117681384087e-02
3.413054626435041428e-02 2.800568914972245693e-02
3.788637672550976276e-02 3.320972505025565624e-02
3.791760955937206745e-02 3.413291036849841475e-02
3.646182571537792683e-02 3.269678779179230332e-02
3.486925398465245962e-02 3.328039590269327164e-02
3.770321037154644728e-02 3.066831012256443501e-02
4.139796982053667307e-02 3.560357796959578991e-02
3.686447872314602137e-02 3.638546331785619259e-02
3.835379017982631922e-02 3.173501021228730679e-02
4.118102567736059427e-02 3.512686956673860550e-02
4.028383689001202583e-02 3.690458764322102070e-02
4.012412743759341538e-02 3.271048073656857014e-02
3.937920471071265638e-02 3.237484162673354149e-02
3.889673671801574528e-02 3.348793450277298689e-02
4.019440969568677247e-02 3.434127394575625658e-02
3.874735199497081339e-02 3.204339218791574240e-02
3.824979448108933866e-02 2.933045278768986464e-02
4.012688537477515638e-02 2.894264410133473575e-02
3.707954435958527029e-02 3.391146005014888942e-02
3.651706370874308050e-02 3.011386163416318595e-02
3.890723487711511552e-02 3.050848489510826766e-02
4.053930655936710536e-02 3.698492536204867065e-02
4.016436892561614513e-02 3.715949186880607158e-02
4.312765435315668583e-02 3.577373044390697032e-02
4.089852538891136646e-02 3.634462012269068509e-02
3.710314724594354630e-02 3.245844990306068212e-02
4.332995135337114334e-02 3.495734948955941945e-02
3.946903371252119541e-02 3.232533480331767350e-02
4.247833508998155594e-02 3.325493600277695805e-02
3.958543320186436176e-02 3.960804235248360783e-02
4.360587499104440212e-02 3.443727143167052418e-02
3.928547468967735767e-02 3.600256204663310200e-02
4.507152852602303028e-02 3.260022996983025223e-02
3.770790877752006054e-02 3.682033893710467964e-02
4.073991347104310989e-02 3.234269972017500550e-02
4.089204002229962498e-02 3.543951980827841908e-02
4.016689649142790586e-02 3.357046122255269438e-02
3.765863175794947892e-02 3.499117599858436733e-02
3.937532655254472047e-02 3.365336115530226380e-02
4.566598167002666742e-02 3.291626095597166568e-02
4.216923956118989736e-02 3.245962977234739810e-02
3.635261506133247167e-02 2.998069122259039432e-02
4.028986785851884633e-02 2.961584464355837554e-02
3.594210483424831182e-02 2.995227470819372684e-02
3.607964731054380536e-02 2.811859683424700052e-02
3.873869759263470769e-02 3.350596730888355523e-02
