2.444928254069755891e-02 4.696511013372357823e-02
0.000000000000000000e+00 0.000000000000000000e+00
7.399699650704860687e-03 9.953743778169155121e-03
1.423122128471732140e-02 1.971568819135427475e-02
1.957719260826706886e-02 2.965935412794351578e-02
2.492092782631516457e-02 3.961589001119136810e-02
2.763673942536115646e-02 4.928912408649921417e-02
2.379649924114346504e-02 4.797018482349812984e-02
2.395810768939554691e-02 5.109860957600176334e-02
2.147751511074602604e-02 5.360402748920023441e-02
1.966870436444878578e-02 5.471095244865864515e-02
1.919615577207878232e-02 5.328390165232121944e-02
2.035236073425039649e-02 5.367391748586669564e-02
1.938821631483733654e-02 5.438772955676540732e-02
2.105572295840829611e-02 5.018819257384166121e-02
2.081767155323177576e-02 5.155762477079406381e-02
2.012412028852850199e-02 5.000542564084753394e-02
2.210193953942507505e-02 4.874076653504744172e-02
2.044062339700758457e-02 5.097707902314141393e-02
2.311963401734828949e-02 4.959969205083325505e-02
2.268642865237779915e-02 5.471494822995737195e-02
2.263416610730928369e-02 5.266356869833543897e-02
2.237212202817318030e-02 5.211888952180743217e-02
2.141473493611556478e-02 5.231063647079281509e-02
2.207479677235824056e-02 4.963257184135727584e-02
2.008512830434483476e-02 5.275890926714055240e-02
2.155342190599185415e-02 5.143189229420386255e-02
2.383053749872487970e-02 5.074553887243382633e-02
2.072799420056981035e-02 5.216984424623660743e-02
2.103322958646458574e-02 5.446779631893150508e-02
2.094599699557875283e-02 5.911847014795057476e-02
2.119204019618337043e-02 5.468064171145670116e-02
2.166946385477785952e-02 5.344310213695280254e-02
1.977209131655399688e-02 5.599682612228207290e-02
1.936114709315006621e-02 5.190781338023953140e-02
2.098214185753022321e-02 5.234310132800601423e-02
1.753071231723879464e-02 5.077814808464609087e-02
1.809350292387534864e-02 4.699966017506085336e-02
2.039213928583194502e-02 5.493648335686884820e-02
1.970391664144699462e-02 5.126593037857674062e-02
1.931503626474295743e-02 4.887140690698288381e-02
2.224206064784084447e-02 4.870583594311028719e-02
1.936385363296722062e-02 4.771309264469891787e-02
2.183046193749760278e-02 5.555917893070727587e-02
1.962746239223633893e-02 5.101395177189260721e-02
2.157393902962212451e-02 4.878324910532683134e-02
2.225252120479126461e-02 4.750019719358533621e-02
2.167009802724351175e-02 5.528562690597027540e-02
2.020751867166836746e-02 5.202198063489049673e-02
1.948188398455386050e-02 5.381734040565788746e-02
1.805868246083264239e-02 5.334442883031442761e-02
