4.146933885830666328e-02 4.099612043738425082e-02
0.000000000000000000e+00 0.000000000000000000e+00
9.785019792616367340e-03 9.638889692723751068e-03
1.879246160387992859e-02 1.849290542304515839e-02
2.825138904154300690e-02 2.767959050834178925e-02
3.331996779888868332e-02 2.946167159825563431e-02
3.952676849439740181e-02 3.299902006983757019e-02
3.748012264259159565e-02 3.477010887581855059e-02
4.225373803637921810e-02 2.885833906475454569e-02
3.589074569754302502e-02 3.804225905332714319e-02
4.346184455789625645e-02 3.085076354909688234e-02
3.992647491395473480e-02 3.948292520362883806e-02
4.108495311811566353e-02 3.485644015017896891e-02
3.981622413266450167e-02 3.386414679698646069e-02
3.873324533924460411e-02 3.116936120204627514e-02
3.828023574897088110e-02 3.708277852274477482e-02
4.236738351755775511e-02 3.510887827724218369e-02
3.840564531856216490e-02 3.489858654211275280e-02
4.159627939225174487e-02 3.144690903718583286e-02
3.283488927991129458e-02 4.084601762588135898e-02
3.951969920308329165e-02 3.617520580883137882e-02
4.263686705962754786e-02 3.251286872546188533e-02
3.495875783846713603e-02 3.734561658347956836e-02
4.304048922494985163e-02 3.231817248160950840e-02
3.799884617910720408e-02 3.730457645724527538e-02
3.649841251899488270e-02 3.352060911129228771e-02
4.080075913225300610e-02 3.053423223900608718e-02
3.597295985673554242e-02 3.338728004018776119e-02
3.638663038145750761e-02 3.230146886198781431e-02
3.305120707955211401e-02 3.118943990557454526e-02
3.645622369367629290e-02 3.179885089048184454e-02
3.706368082202970982e-02 3.397275987663306296e-02
3.416502010077238083e-02 3.692399794817902148e-02
3.979947092011570930e-02 3.205435341806150973e-02
3.484720736742019653e-02 3.932522833929397166e-02
3.764848969876766205e-02 3.498270679847337306e-02
3.996200580149888992e-02 3.292442197562195361e-02
3.615884040482342243e-02 3.747841800213791430e-02
3.737645363435149193e-02 3.418123573646880686e-02
3.570789971854537725e-02 3.525373307638801634e-02
4.157167242374271154e-02 3.103255169116891921e-02
3.371320047881454229e-02 4.083795813494361937e-02
4.071997886057943106e-02 3.730227021151222289e-02
3.529344813432544470e-02 3.634520442574284971e-02
4.251088842283934355e-02 3.822708511142991483e-02
4.130837670527398586e-02 3.983565708040259778e-02
3.633181774057447910e-02 3.744316365919075906e-02
4.013257217593491077e-02 3.812886026571504772e-02
3.842816548421978951e-02 3.419546035001985729e-02
3.644765750505030155e-02 3.654443399864248931e-02
3.704728855518624187e-02 3.325951492297463119e-02
