4.084231210321451200e-02 4.127927224766649028e-02
0.000000000000000000e+00 0.000000000000000000e+00
9.259338490664958954e-03 9.440733119845390320e-03
1.801091432571411133e-02 1.751009281724691391e-02
2.475354168564081192e-02 2.276272093877196312e-02
2.935052104294300079e-02 2.426807198207825422e-02
3.661877103149890900e-02 3.251467726659029722e-02
3.420902555808424950e-02 3.538200992625206709e-02
4.178898874670267105e-02 3.105915698688477278e-02
3.502631746232509613e-02 3.840663225855678320e-02
3.784556337632238865e-02 3.255852020811289549e-02
3.254126920364797115e-02 3.313155926298350096e-02
3.820733656175434589e-02 2.808112825732678175e-02
3.563388576731085777e-02 3.705581265967339277e-02
4.108522739261388779e-02 3.340062231291085482e-02
3.469120385125279427e-02 3.275763720739632845e-02
3.871088614687323570e-02 3.177899925503879786e-02
3.226025355979800224e-02 3.863705473486334085e-02
3.905727993696928024e-02 3.189233795274049044e-02
3.323075594380497932e-02 3.798880812246352434e-02
4.074168484658002853e-02 3.079983650241047144e-02
3.337809303775429726e-02 4.005653096828609705e-02
3.717812499962747097e-02 3.363593446556478739e-02
3.445870731957256794e-02 3.609890688676387072e-02
3.926089615561068058e-02 3.079682507086545229e-02
3.295280621387064457e-02 3.725171473342925310e-02
3.905851044692099094e-02 3.456307633314281702e-02
3.851201513316482306e-02 3.217952360864728689e-02
3.377590363379567862e-02 3.867804387118667364e-02
4.092265281360596418e-02 3.313400538172572851e-02
3.535138571169227362e-02 3.713863983284682035e-02
4.116983234416693449e-02 3.537070169113576412e-02
3.804009512532502413e-02 3.155550081282854080e-02
3.798009291858761571e-02 3.796993428841233253e-02
3.776013926471932791e-02 3.242111392319202423e-02
4.238721431102021597e-02 3.213895150111056864e-02
3.572868305127485655e-02 3.533339328714646399e-02
3.866674616801901720e-02 3.160479982034303248e-02
3.707853512241854332e-02 3.044081947882659733e-02
3.738383488598628901e-02 3.559094437514431775e-02
4.083146043922170065e-02 3.016917689819820225e-02
3.585403115357621573e-02 3.903458363492973149e-02
4.074248933102353476e-02 3.430826080148108304e-02
3.778234502169652842e-02 3.469414840219542384e-02
4.093500139060779475e-02 3.251982590882107615e-02
4.064807953182025813e-02 3.862708358792588115e-02
4.144192277090041898e-02 3.198188886744901538e-02
3.493108716429560445e-02 3.975627030013129115e-02
4.266845783786266111e-02 3.381433029426261783e-02
3.829238586695282720e-02 4.025293345330283046e-02
4.414929332779138349e-02 3.518731723306700587e-02
