5.843866113706404353e-02 3.114753775998013730e-02
0.000000000000000000e+00 0.000000000000000000e+00
9.803350083529949188e-03 3.419058164581656456e-03
1.966223493218421936e-02 5.096502136439085007e-03
2.934965677559375763e-02 7.894699228927493095e-03
3.879680950194597244e-02 1.088775112293660641e-02
4.703405220061540604e-02 1.779025024734437466e-02
5.242177424952387810e-02 1.770915216911816970e-02
5.726968077942728996e-02 2.155333464179420844e-02
5.303810443729162216e-02 1.226699338440084830e-02
5.387691105715930462e-02 2.210196931991958991e-02
5.115414713509380817e-02 1.409132112894440070e-02
5.973413423635065556e-02 2.106536491919541731e-02
5.225081252865493298e-02 1.377474409673595801e-02
5.394124437589198351e-02 2.012188299704575911e-02
5.357191970688290894e-02 1.351334094215417281e-02
5.340876629634294659e-02 1.913495767075801268e-02
5.207474577764514834e-02 2.262467364926123992e-02
5.544530019687954336e-02 1.484786099899793044e-02
5.250121584685984999e-02 2.476051109988475218e-02
5.227788619231432676e-02 1.574277351755881682e-02
5.535351450089365244e-02 1.579905818289262243e-02
5.482572846813127398e-02 2.539455103760701604e-02
5.055956420255824924e-02 1.716703320926171727e-02
5.427648586919531226e-02 2.481063739469391294e-02
4.985360422870144248e-02 1.563563575109583326e-02
5.645564099540933967e-02 2.224047626441461034e-02
4.979145148536190391e-02 1.244855444019776769e-02
5.161801079520955682e-02 2.146739750241977163e-02
5.455169180640950799e-02 1.468552374353748746e-02
5.505750037264078856e-02 2.422891375681501813e-02
5.260403978172689676e-02 1.453335587939363904e-02
5.822299106512218714e-02 2.150111137962085195e-02
5.197552603203803301e-02 1.304939906185609289e-02
5.800520081538707018e-02 2.190669677293044515e-02
5.301351717207580805e-02 1.305818143373471685e-02
5.521440191660076380e-02 2.199592865144950338e-02
5.091790959704667330e-02 1.439026095977169462e-02
5.902646773029118776e-02 2.388855540266376920e-02
5.296120338607579470e-02 1.409300887098652311e-02
5.492698366288095713e-02 2.374972128382069059e-02
5.334277870133519173e-02 1.411641021331888624e-02
5.629928107373416424e-02 2.345175580194336362e-02
5.122596933506429195e-02 1.416326505204779096e-02
5.442720232531428337e-02 2.230446790417772718e-02
5.101714143529534340e-02 1.259129219761234708e-02
5.598400346934795380e-02 2.095774100234848447e-02
4.984694905579090118e-02 1.202948396166902967e-02
5.625813547521829605e-02 1.764677562823635526e-02
5.866442970000207424e-02 2.457016478365403600e-02
5.209515499882400036e-02 1.540478183960658498e-02
