2.246556224608920252e-02 4.744382234378478891e-02
0.000000000000000000e+00 0.000000000000000000e+00
5.956230219453573227e-03 9.784774854779243469e-03
8.534329012036323547e-03 1.965873502194881439e-02
1.250578975304961205e-02 2.932184468954801559e-02
1.579198800027370453e-02 3.883836511522531509e-02
1.700286823324859142e-02 4.813705943524837494e-02
1.517273089848458767e-02 5.042686965316534042e-02
1.544625303358770907e-02 5.300611048005521297e-02
2.047327757463790476e-02 4.786039399914443493e-02
1.798751429305411875e-02 5.028370418585836887e-02
1.889221501187421381e-02 4.558742907829582691e-02
1.922231863136403263e-02 4.583957578870467842e-02
1.624041629838757217e-02 4.734084507799707353e-02
1.654594970750622451e-02 4.599471177789382637e-02
1.714681219891645014e-02 4.766353216837160289e-02
1.681731891585513949e-02 4.182719762320630252e-02
1.696993541554547846e-02 4.939913327689282596e-02
1.819367837742902339e-02 5.105513261514715850e-02
1.954708286211825907e-02 4.719352183747105300e-02
1.832097480655647814e-02 5.279193932074122131e-02
2.186555686057545245e-02 4.839314307901076972e-02
2.106956185889430344e-02 5.166560129146091640e-02
2.007565498934127390e-02 4.984006131417118013e-02
2.368015042156912386e-02 4.315013703308068216e-02
2.538225872558541596e-02 5.228020701906643808e-02
2.181548767839558423e-02 4.615956111229024827e-02
1.867096012574620545e-02 4.329785573645494878e-02
2.014082731329835951e-02 5.236384141608141363e-02
2.204611120396293700e-02 4.712799293338321149e-02
2.080525041674263775e-02 5.394729328691028059e-02
2.345610017073340714e-02 4.910268410458229482e-02
2.113473418285138905e-02 5.053109626169316471e-02
1.971900233183987439e-02 5.393229701439850032e-02
2.321271903929300606e-02 4.968970266054384410e-02
2.009513977100141346e-02 5.205348922754637897e-02
1.919185169390402734e-02 4.661094860057346523e-02
2.074643372907303274e-02 5.495219022850506008e-02
2.534865270718000829e-02 5.290724543738178909e-02
2.725755699793808162e-02 4.779615087318234146e-02
2.525130283902399242e-02 5.151862066122703254e-02
2.612422834499739110e-02 5.056490466813556850e-02
2.533519759890623391e-02 5.510035293991677463e-02
2.455839709728024900e-02 5.065177704091183841e-02
2.514859513030387461e-02 5.091723584337159991e-02
2.304916936554946005e-02 5.071971440338529646e-02
2.001001793541945517e-02 5.539991628029383719e-02
2.578568054013885558e-02 5.220324467518366873e-02
2.639674852252937853e-02 5.021145069622434676e-02
2.459257320151664317e-02 4.727954944246448576e-02
2.301622464437969029e-02 5.677136933081783354e-02
