4.341804722228870955e-02 4.008259085640858421e-02
0.000000000000000000e+00 0.000000000000000000e+00
8.645355701446533203e-03 9.366421028971672058e-03
1.812213193625211716e-02 1.768792793154716492e-02
2.679684758186340332e-02 2.558649890124797821e-02
3.624296840280294418e-02 3.196294885128736496e-02
3.915980271995067596e-02 3.621402475982904434e-02
4.154300969094038010e-02 3.404478472657501698e-02
3.840083046816289425e-02 3.651314182206988335e-02
4.029486223589628935e-02 3.172881528735160828e-02
3.641216678079217672e-02 3.651324659585952759e-02
4.096657445188611746e-02 3.171836305409669876e-02
3.496335947420448065e-02 3.762872377410531044e-02
4.305271001067012548e-02 3.237020783126354218e-02
3.729013621341437101e-02 3.845839295536279678e-02
4.283368156757205725e-02 3.123500337824225426e-02
3.532932454254478216e-02 3.327159513719379902e-02
4.062093410175293684e-02 3.326847483413075679e-02
3.953226422891020775e-02 3.788118283273433917e-02
4.625189630314707756e-02 3.044180744336699718e-02
3.806726867333054543e-02 4.014131878511761897e-02
4.447003267705440521e-02 3.391078519643997424e-02
3.947503026574850082e-02 3.938951888130759471e-02
4.431841755285859108e-02 3.547077705161427730e-02
3.873739996924996376e-02 3.366239715842311853e-02
4.560811165720224380e-02 3.170209282552605146e-02
3.729612194001674652e-02 3.981230591898565763e-02
4.369253478944301605e-02 3.495275971954470151e-02
3.977740835398435593e-02 3.924806227450972074e-02
4.155219858512282372e-02 3.348165515353684896e-02
3.945038863457739353e-02 3.726860389588182443e-02
4.065506288316100836e-02 3.306714885411565774e-02
3.704896045383065939e-02 4.115916576711242669e-02
4.341184196528047323e-02 3.550355948982542031e-02
3.551803377922624350e-02 4.188323274729555123e-02
4.290270560886710882e-02 3.610765489293044084e-02
3.916387690696865320e-02 4.026576059413855546e-02
4.127367387991398573e-02 3.400806870786254876e-02
3.524827898945659399e-02 3.501973589891349548e-02
4.005488322582095861e-02 2.893630098560606712e-02
3.321699320804327726e-02 3.755851890900885337e-02
4.109355050604790449e-02 3.047185121113216155e-02
3.480282041709870100e-02 3.746637012818609946e-02
3.938930842559784651e-02 3.032350037256037467e-02
3.397469071205705404e-02 3.839700631806408637e-02
4.139555327128618956e-02 3.303607655698215240e-02
3.811446309555321932e-02 3.555434416057323688e-02
4.074685333762317896e-02 3.232144969524597400e-02
3.903186798561364412e-02 3.953551673339461558e-02
4.050266265403479338e-02 3.509837281899308437e-02
3.686444240156561136e-02 3.460231677172487252e-02
