2.368323451895268383e-02 4.715505340804608536e-02
0.000000000000000000e+00 0.000000000000000000e+00
8.009783923625946045e-03 9.965736418962478638e-03
1.352711627259850502e-02 1.923452503979206085e-02
1.771378237754106522e-02 2.884272206574678421e-02
2.072025020606815815e-02 3.824155684560537338e-02
2.414246741682291031e-02 4.771702643483877182e-02
2.296052279416471720e-02 4.685763298766687512e-02
2.482741884887218475e-02 4.683590649983671028e-02
2.399015001719817519e-02 4.624883712858718354e-02
2.179496892495080829e-02 5.134961170733731706e-02
2.368181355996057391e-02 4.838754817501467187e-02
2.467167977010831237e-02 4.588010114275675733e-02
2.468848112766863778e-02 5.096069582396012265e-02
2.288813540508272126e-02 4.364641149186354596e-02
2.188353904784889892e-02 5.261800949119788129e-02
2.149031172302784398e-02 4.766545117490750272e-02
2.155654440139187500e-02 4.954602649559092242e-02
2.137953350757015869e-02 5.037074732717883307e-02
2.183219262951752171e-02 4.815586317454290111e-02
2.160956987790996209e-02 5.193932504516851623e-02
1.906433839030796662e-02 4.874403761823487002e-02
1.824039061466464773e-02 5.202691826161753852e-02
2.080097751604625955e-02 4.775833302301180083e-02
1.982042685995111242e-02 5.510452074122440536e-02
2.217849627049872652e-02 4.901000262361776549e-02
1.943303485313663259e-02 5.205888264936220367e-02
2.318514002399751917e-02 4.674175205764186103e-02
2.550669087941059843e-02 5.014261893120419700e-02
2.207254202949116006e-02 4.765160555143665988e-02
2.175606700620846823e-02 5.339463833843183238e-02
2.074352355703013018e-02 4.667200414587568957e-02
2.147935244283871725e-02 5.392406635110091884e-02
1.830081322259502485e-02 5.075861104887735564e-02
1.966754644672619179e-02 4.624371473801147658e-02
2.025474515539826825e-02 5.394598526072513778e-02
2.006994572730036452e-02 4.996515541461121757e-02
2.537824225873919204e-02 4.458520152729761321e-02
2.604812215577112511e-02 5.369582177263509948e-02
2.383341332460986450e-02 5.350870432630472351e-02
1.995901735062943771e-02 4.854841416999988724e-02
2.099701431143330410e-02 5.174478472508781124e-02
2.176504280214430764e-02 5.108013094468333293e-02
2.144118096475722268e-02 4.728040119698562194e-02
2.253126411960693076e-02 5.009486686503805686e-02
2.446274657995672897e-02 4.732484716987528373e-02
2.415864429349312559e-02 5.144358772849955130e-02
2.342662655428284779e-02 4.645062351664819289e-02
2.151971133571350947e-02 5.079739095708646346e-02
2.227116257563466206e-02 4.748156081950583030e-02
2.144220026821130887e-02 5.581382636046328116e-02
