4.305983042655956577e-02 4.025436833547689497e-02
0.000000000000000000e+00 0.000000000000000000e+00
9.664661251008510590e-03 9.780731983482837677e-03
1.880400814116001129e-02 1.869231089949607849e-02
2.688267827033996582e-02 2.727305050939321518e-02
3.293577535077929497e-02 3.299863310530781746e-02
4.026187257841229439e-02 2.998111513443291187e-02
3.375833015888929367e-02 3.962114104069769382e-02
4.077854938805103302e-02 3.433240740559995174e-02
3.794077062048017979e-02 3.371319262078031898e-02
4.324665921740233898e-02 3.301625757012516260e-02
3.829844132997095585e-02 4.164924623910337687e-02
4.332204000093042850e-02 3.751925576943904161e-02
4.410772817209362984e-02 3.802981838816776872e-02
4.466262477217242122e-02 3.738840325968340039e-02
4.360980173805728555e-02 3.851397143444046378e-02
4.252341057872399688e-02 3.707108780508860946e-02
4.109689564211294055e-02 3.372961812419816852e-02
4.322908952599391341e-02 3.594011225504800677e-02
4.163158015580847859e-02 3.699812811100855470e-02
4.224311903817579150e-02 3.680695277580525726e-02
3.841841075336560607e-02 3.985036221274640411e-02
3.986195771722123027e-02 3.546852582076098770e-02
4.017204730189405382e-02 3.444294804648961872e-02
3.832799402880482376e-02 3.850371936277952045e-02
3.848156062304042280e-02 3.636129653023090214e-02
3.828447547857649624e-02 3.666928921302314848e-02
4.204585266415961087e-02 3.227261964639183134e-02
3.543811527197249234e-02 4.063614502956625074e-02
4.133555947919376194e-02 3.452904381265398115e-02
3.785830319975502789e-02 3.863388205354567617e-02
4.096351683256216347e-02 3.726810960506554693e-02
3.617731601116247475e-02 3.380817755532916635e-02
3.679642346105538309e-02 3.128827431646641344e-02
3.724300290923565626e-02 3.467228494992014021e-02
3.830272937193512917e-02 3.097912644443567842e-02
3.434129804372787476e-02 3.751423417998012155e-02
4.034745041280984879e-02 3.076908060756977648e-02
3.319369349628686905e-02 3.705196663213428110e-02
3.712537419050931931e-02 3.021956908924039453e-02
3.530940902419388294e-02 3.630046475154813379e-02
3.875759732909500599e-02 3.461980934662278742e-02
3.834296538843773305e-02 3.148584182781632990e-02
3.704716634820215404e-02 3.640978479234036058e-02
4.100277132238261402e-02 3.456217316852416843e-02
3.806098896893672645e-02 3.446269420965109020e-02
3.767748436075635254e-02 3.344114277570042759e-02
4.242770725977607071e-02 3.475776642153505236e-02
3.696120323729701340e-02 4.053655361349228770e-02
3.715704740898218006e-02 3.674409842642489821e-02
4.073551470355596393e-02 3.458333412709180266e-02
