2.442061920863951296e-02 4.697233294845817864e-02
0.000000000000000000e+00 0.000000000000000000e+00
8.786454796791076660e-03 9.272517636418342590e-03
1.286509912461042404e-02 1.904931850731372833e-02
1.941725378856062889e-02 2.894690074026584625e-02
2.075655106455087662e-02 3.859059326350688934e-02
2.589079737663269043e-02 4.828447755426168442e-02
2.483513532206416130e-02 4.455197998322546482e-02
2.484052358204280608e-02 4.778317385353147984e-02
2.479916332458742545e-02 4.937697818968445063e-02
2.237778842618354247e-02 4.717649158556014299e-02
2.083677715791054652e-02 5.546745948959141970e-02
2.718297868204899714e-02 4.902386397588998079e-02
2.240208407101818011e-02 4.678053536918014288e-02
2.146086892980747507e-02 4.673088231720612384e-02
2.469000643986873911e-02 4.402574833147809841e-02
2.340255088574849651e-02 4.760129849091754295e-02
2.109158474422656582e-02 5.466414109469042160e-02
2.065957208333202288e-02 5.026314041242585517e-02
1.974206829845570610e-02 4.397917777896509506e-02
2.201871403894983814e-02 5.134506483227596618e-02
2.108963024738841341e-02 4.643439693973050453e-02
2.038149371446706937e-02 5.281560455114231445e-02
2.001096621324904845e-02 4.876143864021287300e-02
2.081292761658914969e-02 5.059932632502750494e-02
2.008465903281830833e-02 4.857523966711596586e-02
1.866907083831392811e-02 5.343446269762353040e-02
2.029208377871327684e-02 4.729716288056806661e-02
2.328315684508197592e-02 5.153413530570105650e-02
2.158447697229348705e-02 5.447594513316289522e-02
2.545618351950906799e-02 5.047094979454413988e-02
2.149203505769037292e-02 5.228751694448874332e-02
2.074611453508623526e-02 5.495379126296029426e-02
1.975006492511965916e-02 4.721091461033211090e-02
2.212663785257973359e-02 5.330940202475176193e-02
2.117341831262820051e-02 5.269085005056695081e-02
1.832364457595758722e-02 4.832275718581513502e-02
1.644872447877787636e-02 5.054523068611160852e-02
1.957373639970683143e-02 4.383731744383112527e-02
1.956425210892120958e-02 5.019664409701363184e-02
2.020092267275686027e-02 4.832928901669220068e-02
1.872960285481894971e-02 4.724550788887427188e-02
1.798406318494016887e-02 5.306918901987955905e-02
1.830735997145893634e-02 5.111439462416456081e-02
2.005132866406711400e-02 4.352068092339322902e-02
1.782885865623029531e-02 4.975819710307405330e-02
1.779908077196523664e-02 4.441528284587548114e-02
1.956567303614065167e-02 4.659003211781964637e-02
1.975514904233932612e-02 5.308779195547685958e-02
2.154878633200496552e-02 4.629673908129916526e-02
2.126688438920609769e-02 4.819469392896280624e-02
