2.433635187379663486e-02 4.699351513103726397e-02
0.000000000000000000e+00 0.000000000000000000e+00
9.220993146300315857e-03 9.190334007143974304e-03
1.781867537647485733e-02 1.906359195709228516e-02
2.491696365177631378e-02 2.904569171369075775e-02
2.710939059033989906e-02 3.897778782993555069e-02
2.872162230778485537e-02 4.784645140171051025e-02
2.571309998165816069e-02 5.237571056932210922e-02
2.552417173865251243e-02 5.269634898286312819e-02
2.497791065252386034e-02 5.003241670783609152e-02
2.621527921291999519e-02 4.775420564692467451e-02
2.782317166565917432e-02 5.135530245024710894e-02
2.710523971472866833e-02 5.164627562044188380e-02
2.543679371592588723e-02 5.155489454773487523e-02
2.628722679219208658e-02 5.501735700090648606e-02
2.782065162318758667e-02 5.538373959279851988e-02
2.656970985117368400e-02 5.578313003206858411e-02
2.844766862108372152e-02 5.351624920876929536e-02
2.703330581425689161e-02 5.265446622070157900e-02
2.592727725277654827e-02 5.326354105636710301e-02
2.558415240491740406e-02 5.270925185322994366e-02
2.616263812524266541e-02 5.280083319667028263e-02
2.634407466393895447e-02 5.333124777098419145e-02
2.364994588424451649e-02 5.208395864610793069e-02
2.449340999010019004e-02 5.174180414906004444e-02
2.466050683869980276e-02 5.381043107627192512e-02
2.464792131831927691e-02 5.173935337370494381e-02
2.311783853838278446e-02 4.805198606482008472e-02
2.532767841512395535e-02 5.314371750137070194e-02
2.535802433158096392e-02 5.115286765067139640e-02
2.401977188310411293e-02 5.122089324140688404e-02
2.227866363136854488e-02 4.975078996358206496e-02
2.372494402698066551e-02 5.024326024431502447e-02
2.441032590468239505e-02 5.145555666967993602e-02
2.742739730638277251e-02 5.024935772962635383e-02
2.820291811258357484e-02 5.149652648105984554e-02
2.477953488596540410e-02 5.458806201204424724e-02
2.482527191205008421e-02 5.571757003053789958e-02
2.523213799031509552e-02 5.572051569197356002e-02
2.521658594741893467e-02 5.576537772230949486e-02
2.380810909926367458e-02 5.737503444925096119e-02
2.520600251409632619e-02 5.654396752743195975e-02
2.878168748247844633e-02 5.566683453889709199e-02
2.876869009378424380e-02 5.637039699740853393e-02
2.957986280125624035e-02 5.638133921820553951e-02
2.911243304879462812e-02 5.765716825771960430e-02
2.802647821408754680e-02 5.907726079385611229e-02
2.770840041375777218e-02 5.671639601860078983e-02
2.800794355607649777e-02 5.583251635471242480e-02
2.848491421354992781e-02 5.288398261109250598e-02
2.554791559850855265e-02 5.439653859866666608e-02
