4.072109450497914118e-02 4.133341372310879447e-02
0.000000000000000000e+00 0.000000000000000000e+00
9.342999197542667389e-03 8.605353534221649170e-03
1.923635881394147873e-02 1.804045587778091431e-02
2.767307870090007782e-02 2.462485199794173241e-02
3.653443232178688049e-02 2.800817717798054218e-02
4.509831499308347702e-02 2.791687538410769776e-02
3.786009456962347031e-02 3.630927735503064469e-02
4.447757871821522713e-02 3.213483299623476341e-02
4.697326337918639183e-02 3.163415520248236135e-02
4.095958406105637550e-02 2.963946853560628369e-02
4.444287950173020363e-02 2.377222991344751790e-02
3.812433732673525810e-02 3.364890488592209294e-02
4.384242556989192963e-02 2.860999387485207990e-02
4.225611535366624594e-02 3.200824047235073522e-02
4.822966770734637976e-02 2.854474331979872659e-02
3.941410256084054708e-02 3.794307332282187417e-02
4.586152115371078253e-02 3.180441796575905755e-02
3.998657583724707365e-02 3.123695555404992774e-02
4.366449697408825159e-02 2.439195721672149375e-02
3.713389264885336161e-02 3.261730040685506538e-02
4.234947043005377054e-02 2.746429958642693236e-02
3.679970244411379099e-02 3.280449438170762733e-02
4.212880099657922983e-02 2.571759711281629279e-02
3.778779471758753061e-02 3.350594745279522613e-02
4.316261236090213060e-02 2.791088040248723701e-02
3.941809141542762518e-02 3.402062331588240340e-02
4.041348537430167198e-02 2.869493573234649375e-02
4.221238452009856701e-02 2.539947594777913764e-02
3.591790539212524891e-02 3.364430333749623969e-02
4.038530657999217510e-02 2.838870802224846557e-02
3.980233444599434733e-02 2.573348570876987651e-02
3.892954427283257246e-02 3.217840928846271709e-02
4.521502775605767965e-02 2.865822159947128966e-02
3.871465788688510656e-02 3.550613218249054626e-02
4.416736576240509748e-02 2.987533820123644546e-02
3.873819753061980009e-02 3.164367925637634471e-02
4.225968627724796534e-02 2.548147447669180110e-02
3.741609037388116121e-02 3.398548614495666698e-02
4.368928133044391870e-02 2.970046771952183917e-02
3.916397795546799898e-02 2.886516822763951495e-02
4.636966215912252665e-02 2.461135655903490260e-02
3.822555823717266321e-02 3.297644190752180293e-02
4.651672823820263147e-02 2.861986065545352176e-02
4.018379619810730219e-02 3.697564861067803577e-02
4.447196295950561762e-02 3.101999674254329875e-02
3.915699163917452097e-02 2.988154744525672868e-02
4.082576069049537182e-02 2.500377759133698419e-02
3.451159340329468250e-02 3.230732284282566980e-02
4.262006492353975773e-02 2.702654409949900582e-02
3.772866236977279186e-02 3.183888714556815103e-02
