2.274670613519376439e-02 4.737857752092673735e-02
0.000000000000000000e+00 0.000000000000000000e+00
7.680403999984264374e-03 9.730172343552112579e-03
1.639994978904724121e-02 1.863061450421810150e-02
2.422619517892599106e-02 2.838756702840328217e-02
2.956212917342782021e-02 3.692901041358709335e-02
3.508105175569653511e-02 4.429960623383522034e-02
2.650976972654461861e-02 4.127485956996679306e-02
2.511831838637590408e-02 4.970802832394838333e-02
2.742141904309391975e-02 4.243771266192197800e-02
2.530569746159017086e-02 5.152435693889856339e-02
2.660826034843921661e-02 4.772816947661340237e-02
2.870391658507287502e-02 4.257938801310956478e-02
2.614294528029859066e-02 5.165899428538978100e-02
2.560240862658247352e-02 4.947225726209580898e-02
2.682586183072999120e-02 4.762386297807097435e-02
2.580652473261579871e-02 5.207369057461619377e-02
2.449418540345504880e-02 5.085830541793256998e-02
2.739967341767624021e-02 5.025972222210839391e-02
2.319055219413712621e-02 4.843281005742028356e-02
2.549271826865151525e-02 4.685053561115637422e-02
2.593500379589386284e-02 4.486651398474350572e-02
2.815424677100963891e-02 5.111675715306773782e-02
2.352963833254761994e-02 5.275248020188882947e-02
2.726538086426444352e-02 4.753069562138989568e-02
2.643723928485997021e-02 5.249628686578944325e-02
2.067845224519260228e-02 4.722013586433604360e-02
2.592217925121076405e-02 4.263670818181708455e-02
2.300386389833875000e-02 5.195398518117144704e-02
2.669446662184782326e-02 4.772219416918233037e-02
2.504602030967362225e-02 5.304323072778061032e-02
2.140917026554234326e-02 4.952373803826048970e-02
2.448887776699848473e-02 4.508779133902862668e-02
2.296456534531898797e-02 5.129860929446294904e-02
2.552754830685444176e-02 4.823468328686431050e-02
2.126936035347171128e-02 4.434862016933038831e-02
2.280175048508681357e-02 5.216242215828970075e-02
2.486124346614815295e-02 4.845910525182262063e-02
2.215987761155702174e-02 5.498658359283581376e-02
2.231946904794313014e-02 4.873672738904133439e-02
2.376767588430084288e-02 5.227206606650725007e-02
2.502579163410700858e-02 4.641587479272857308e-02
2.337553459801711142e-02 5.494381306925788522e-02
2.669626791612245142e-02 5.149635329144075513e-02
2.390095489681698382e-02 4.881168022984638810e-02
2.705955403507687151e-02 5.231692787492647767e-02
2.804023752105422318e-02 5.164396105101332068e-02
2.122098419931717217e-02 5.138569712289609015e-02
2.835016677272506058e-02 4.405323756509460509e-02
2.721557629411108792e-02 5.126662846305407584e-02
2.643031967454589903e-02 5.082485135062597692e-02
