4.144360610313571613e-02 4.100784314095205774e-02
0.000000000000000000e+00 0.000000000000000000e+00
9.882794693112373352e-03 9.155358187854290009e-03
1.955171208828687668e-02 1.789167057722806931e-02
2.854414284229278564e-02 2.693869825452566147e-02
3.663240931928157806e-02 3.517883550375699997e-02
3.531271242536604404e-02 3.952356474474072456e-02
4.010029067285358906e-02 3.262769989669322968e-02
3.585665090940892696e-02 4.187980201095342636e-02
4.146757093258202076e-02 3.818450658582150936e-02
3.815911454148590565e-02 3.526859846897423267e-02
4.156390950083732605e-02 3.516628412035061046e-02
3.500264231115579605e-02 3.969813469302607700e-02
3.821744257584214211e-02 3.959885719814337790e-02
4.112958000041544437e-02 3.444463913911022246e-02
3.344606538303196430e-02 4.314534147852100432e-02
3.932112338952720165e-02 3.910476076998747885e-02
3.684806590899825096e-02 4.062651740969158709e-02
4.090742347761988640e-02 3.710331316688098013e-02
3.777773631736636162e-02 3.658699747757054865e-02
4.008426563814282417e-02 3.835367553983815014e-02
4.011768000054871663e-02 3.953145854757167399e-02
3.908938008680706844e-02 3.770534627255983651e-02
4.023616867925738916e-02 3.484121922519989312e-02
3.667340837273513898e-02 3.470310215197969228e-02
3.661101721081649885e-02 3.745049955614376813e-02
4.308781763393199071e-02 3.491364135697949678e-02
3.562045134458458051e-02 4.339739675924647599e-02
3.907243292633211240e-02 3.805568996176589280e-02
3.926724474149523303e-02 3.804797771681478480e-02
3.715314668806968257e-02 4.110506898086896399e-02
3.985007688606856391e-02 3.868448617231479147e-02
3.969449744181474671e-02 3.375471964773169020e-02
3.639948189811548218e-02 4.095461242195597151e-02
3.995076458522817120e-02 3.522467263337603072e-02
3.420515901962062344e-02 3.912421827499201754e-02
3.958895088726421818e-02 3.399792266372969607e-02
3.441313033545156941e-02 4.009940660853317240e-02
4.060596584895392880e-02 3.566912933547428111e-02
3.945654161361744627e-02 3.906434214968612650e-02
4.071582675533136353e-02 4.318377514664462069e-02
4.052641809539636597e-02 4.070329921614757041e-02
4.184197607537498698e-02 3.800939814482262591e-02
3.452777416532626376e-02 3.685455279719462851e-02
3.899059929972281680e-02 3.382040350061288336e-02
3.199278350075474009e-02 4.089379612651100615e-02
3.897553888236870989e-02 3.671506954651704291e-02
3.368198146199574694e-02 3.689161492457060376e-02
3.360636760771740228e-02 3.500565609374461928e-02
3.831176082894671708e-02 3.511787375555286417e-02
3.544684564985800534e-02 4.145383771628985414e-02
