2.188534166759073182e-02 4.757577476040257547e-02
0.000000000000000000e+00 0.000000000000000000e+00
8.378713391721248627e-03 9.723404422402381897e-03
1.552831660956144333e-02 1.966102793812751770e-02
2.055513625964522362e-02 2.941874880343675613e-02
2.637702226638793945e-02 3.930631279945373535e-02
2.679527163854800165e-02 4.817558545619249344e-02
2.265875958255492151e-02 4.786776858964003623e-02
2.392934935051016510e-02 5.419902844005264342e-02
2.573190696421079338e-02 5.117380843148566782e-02
2.478363047703169286e-02 4.727155310683883727e-02
2.662504321779124439e-02 4.723933858622331172e-02
2.603340035420842469e-02 4.748400849348399788e-02
2.494168831617571414e-02 5.011770049168262631e-02
2.710902635590173304e-02 5.290006789437029511e-02
2.400579760433174670e-02 4.897065450495574623e-02
2.316592409624718130e-02 4.865000299469102174e-02
2.528943968354724348e-02 5.073165586509276181e-02
2.297946586622856557e-02 5.066104581783292815e-02
2.199283856316469610e-02 4.574461536685703322e-02
2.347018136060796678e-02 5.353152355382917449e-02
2.138665932579897344e-02 4.768374305422184989e-02
2.694236030220054090e-02 4.668350202700821683e-02
2.563398887286894023e-02 4.995344613416818902e-02
2.603014995111152530e-02 4.815576888358918950e-02
2.413076808443292975e-02 4.926055052055744454e-02
2.242029487388208508e-02 5.292335349804488942e-02
2.128465060377493501e-02 5.163953499140916392e-02
2.531071292469277978e-02 4.900829167308984324e-02
2.425654284888878465e-02 4.842425317474408075e-02
2.336296852445229888e-02 4.869369358493713662e-02
2.369562085368670523e-02 5.065050918346969411e-02
2.338888283702544868e-02 4.999504406441701576e-02
2.168615101254545152e-02 4.670619806711329147e-02
2.284767266246490180e-02 5.508832009945763275e-02
2.227913195383735001e-02 4.867229173396481201e-02
2.310322932316921651e-02 4.939068026578752324e-02
2.253606970771215856e-02 4.652651154174236581e-02
2.232951100450009108e-02 4.400014911516336724e-02
2.006873127538710833e-02 4.529965668189106509e-02
2.403895475436002016e-02 4.161533270234940574e-02
2.216202660929411650e-02 4.959823120589135215e-02
2.365623635705560446e-02 4.946391571866115555e-02
2.040814456995576620e-02 4.506000651599606499e-02
2.164366771467030048e-02 4.772644404874881729e-02
2.132117559085600078e-02 4.776538614532910287e-02
2.389658146421425045e-02 4.244303362793289125e-02
2.074516189168207347e-02 4.433208840782754123e-02
2.320291890646331012e-02 4.583755144267342985e-02
1.990116966771893203e-02 5.090903639211319387e-02
2.414620036142878234e-02 4.402952743112109601e-02
