5.241900774034368576e-03 4.986251787470201424e-02
0.000000000000000000e+00 0.000000000000000000e+00
4.288295283913612366e-03 9.914726018905639648e-03
7.529096212238073349e-03 1.943376846611499786e-02
8.353939861990511417e-03 2.911830693483352661e-02
7.636472815647721291e-03 3.555095195770263672e-02
5.410150624811649323e-03 4.327056743204593658e-02
3.192357253283262253e-03 4.590173694305121899e-02
7.322393357753753662e-04 4.810806363821029663e-02
-4.516269546002149582e-04 5.243779625743627548e-02
4.500732757151126862e-04 5.322632513707503676e-02
1.264339487534016371e-03 5.380690895253792405e-02
9.255121112801134586e-04 5.439243279397487640e-02
7.368395745288580656e-04 5.502149544190615416e-02
2.401326637482270598e-03 5.487126312800683081e-02
2.562164998380467296e-03 5.153098856681026518e-02
2.232642524177208543e-03 5.030612568953074515e-02
1.357888366328552365e-03 5.152196032577194273e-02
4.960517107974737883e-04 5.281568507780320942e-02
9.106628131121397018e-04 5.041173452627845109e-02
-4.112796159461140633e-05 5.056255811359733343e-02
1.248869055416435003e-03 5.084464067476801574e-02
7.483509834855794907e-04 5.299082744750194252e-02
4.082057566847652197e-04 5.159764279960654676e-02
1.271682704100385308e-03 5.141665926203131676e-02
9.704861440695822239e-04 5.165050734649412334e-02
8.398041536565870047e-04 4.916837924974970520e-02
-2.012038021348416805e-05 5.073813066701404750e-02
-2.132762776454910636e-03 5.366514061461202800e-02
-2.877207502024248242e-03 5.664665062795393169e-02
-1.419853680999949574e-03 5.784608316025696695e-02
-8.477659139316529036e-04 5.595237386296503246e-02
-1.098675711546093225e-04 5.621606361819431186e-02
-1.305333484197035432e-03 5.677405127789825201e-02
3.210602735634893179e-04 5.782904033549129963e-02
1.279777119634672999e-03 5.710329243447631598e-02
4.024593799840658903e-04 5.664511630311608315e-02
-1.019166229525581002e-03 5.735061352606862783e-02
2.927522582467645407e-04 5.437876761425286531e-02
1.134900288889184594e-03 5.366484285332262516e-02
1.530276960693299770e-03 5.508986476343125105e-02
8.823607931844890118e-04 5.394934059586375952e-02
3.873561508953571320e-04 5.221255728974938393e-02
7.842956692911684513e-04 5.368592683225870132e-02
1.962057140190154314e-03 5.390603367413859814e-02
1.518778590252622962e-03 5.124659130524378270e-02
3.232560993637889624e-04 5.097808847494889051e-02
-7.141568057704716921e-04 5.039002311241347343e-02
-1.376080064801499248e-03 5.384903664526063949e-02
-6.794053479097783566e-05 5.359188372676726431e-02
-8.511693740729242563e-04 5.142757108842488378e-02
