4.339622309539695189e-02 4.009310640140308080e-02
0.000000000000000000e+00 0.000000000000000000e+00
9.454422630369663239e-03 9.799148887395858765e-03
1.857244502753019333e-02 1.831402536481618881e-02
2.632895484566688538e-02 2.765302173793315887e-02
3.020406374707818031e-02 3.448811732232570648e-02
3.189037810079753399e-02 2.905416209250688553e-02
3.039255936164408922e-02 3.391231363639235497e-02
3.709403204265981913e-02 3.393616860739712138e-02
3.027360851410776377e-02 3.594793270349327940e-02
3.635186480823904276e-02 3.583915959643491078e-02
2.964367077220231295e-02 3.555137824332632590e-02
3.482162964064627886e-02 3.002272101184644271e-02
3.051252488512545824e-02 3.543167302450456191e-02
3.644778358284384012e-02 3.182722229576029349e-02
3.157034155447036028e-02 3.845650304174341727e-02
3.703121899161487818e-02 3.491045345617749263e-02
3.358484397176653147e-02 3.912295212103344966e-02
3.348222682689083740e-02 3.440617720661975909e-02
3.838278474722756073e-02 4.083947322396852542e-02
3.318414213572395965e-02 3.416422751797654200e-02
3.416059730079723522e-02 3.286684779050119687e-02
3.887476078671170399e-02 2.805205676304467488e-02
3.505018405121518299e-02 3.762312940853007603e-02
3.649357362155569717e-02 3.494532880904444028e-02
3.164301282231463119e-02 3.879534648331173230e-02
3.139401441876543686e-02 3.401931570442684460e-02
3.693887945701135322e-02 3.874006783189543057e-02
3.566013037197990343e-02 3.984669954115815926e-02
3.900690253794891760e-02 3.528540287697978783e-02
3.357358666107757017e-02 3.692521722587116528e-02
3.887738909543259069e-02 3.132558157267339993e-02
3.179990377248032019e-02 4.110085041793354321e-02
3.683439332962734625e-02 3.633730681212909985e-02
3.474163373903138563e-02 3.585577639933035243e-02
3.183840231940848753e-02 3.482013021312013734e-02
3.511583030194742605e-02 3.497209939996537287e-02
3.502399146964307874e-02 3.930451795349654276e-02
3.459099830070044845e-02 3.545857365133997519e-02
3.473670661333017051e-02 3.234717440682288725e-02
3.046030525001697242e-02 3.308857749107119162e-02
3.293320533703081310e-02 3.377288171213876922e-02
3.916261062840931118e-02 3.994705957484256942e-02
3.716548319789581001e-02 3.674002933439624030e-02
3.288406386855058372e-02 3.271295978811394889e-02
3.985012994962744415e-02 3.806268527296197135e-02
3.275324052083306015e-02 3.762139454374846537e-02
3.894029531511478126e-02 3.891387714429583866e-02
3.782817997853271663e-02 4.008588443866756279e-02
3.695901492028497159e-02 3.800445089473214466e-02
3.890255311853252351e-02 3.319670113160100300e-02
