2.254566659936244749e-02 4.742531969457627894e-02
0.000000000000000000e+00 0.000000000000000000e+00
7.758500520139932632e-03 9.891175664961338043e-03
1.276876917108893394e-02 1.982756052166223526e-02
1.901110401377081871e-02 2.957580238580703735e-02
2.489142632111907005e-02 3.950266819447278976e-02
2.751552197150886059e-02 4.924746509641408920e-02
2.555847866460680962e-02 5.645865201950073242e-02
2.082339860498905182e-02 5.375505564734339714e-02
2.343080728314816952e-02 5.347759841242805123e-02
2.401744335656985641e-02 4.887270467588678002e-02
2.274139615474268794e-02 5.518470430979505181e-02
2.568627212895080447e-02 5.447846854804083705e-02
2.106074074981734157e-02 4.669157479656860232e-02
2.250871044816449285e-02 5.583667260361835361e-02
2.279072982491925359e-02 5.357006768463179469e-02
1.852378045441582799e-02 5.121729959500953555e-02
2.508831146406009793e-02 5.576250673038884997e-02
2.225262421416118741e-02 5.164998135296627879e-02
1.927551539847627282e-02 4.709673271281644702e-02
2.670596592361107469e-02 5.583916296018287539e-02
2.132884511956945062e-02 5.324475996894761920e-02
2.447303646476939321e-02 4.869550996227189898e-02
2.221715386258438230e-02 4.564971377840265632e-02
2.877879637526348233e-02 5.244109075283631682e-02
2.110524132149294019e-02 5.060905503341928124e-02
1.717147260205820203e-02 4.821907804580405354e-02
1.794824271928519011e-02 4.897170589538291097e-02
2.282338298391550779e-02 5.494973930763080716e-02
2.652497671078890562e-02 5.066106404410675168e-02
2.340248262044042349e-02 5.041207102476619184e-02
2.183970308396965265e-02 5.249379537417553365e-02
2.053812064696103334e-02 4.644254790036939085e-02
2.255466009955853224e-02 4.559716212679632008e-02
2.482735423836857080e-02 4.447234797407872975e-02
2.502555874525569379e-02 5.248476381530053914e-02
1.994678759365342557e-02 4.899139402550645173e-02
2.339987535378895700e-02 4.890894590062089264e-02
2.325833340000826865e-02 4.591307349619455636e-02
2.732170357194263488e-02 5.295081323129124939e-02
2.121030011039692909e-02 4.841648161527700722e-02
1.777060663152951747e-02 5.185673761297948658e-02
1.986277739342767745e-02 5.305130049237050116e-02
2.025554220017511398e-02 5.188677835394628346e-02
1.687542007130105048e-02 5.457877207663841546e-02
2.140145686280447990e-02 4.903784653288312256e-02
2.476462263439316303e-02 5.262270945240743458e-02
1.881522785697598010e-02 4.823113608290441334e-02
2.006160742894280702e-02 5.325755619560368359e-02
2.447842848778236657e-02 5.032890339498408139e-02
2.512231598666403443e-02 5.249856019509024918e-02
