2.475245442826039949e-02 4.688816233047715665e-02
0.000000000000000000e+00 0.000000000000000000e+00
7.706451229751110077e-03 9.903671219944953918e-03
1.553860306739807129e-02 1.981501188129186630e-02
2.065284131094813347e-02 2.945264894515275955e-02
2.610929822549223900e-02 3.932489920407533646e-02
2.986273844726383686e-02 4.913693014532327652e-02
2.446308475919067860e-02 4.417169885709881783e-02
2.793461666442453861e-02 5.321381008252501488e-02
2.269212831743061543e-02 4.730774695053696632e-02
2.870184159837663174e-02 5.346627533435821533e-02
2.227467461489140987e-02 4.831858351826667786e-02
2.459179563447833061e-02 5.142940953373908997e-02
2.232642704620957375e-02 5.088328081183135509e-02
2.110033214557915926e-02 5.542066530324518681e-02
2.134491145261563361e-02 5.352255783509463072e-02
2.000334920012392104e-02 4.987920855637639761e-02
2.221340723917819560e-02 5.607730231713503599e-02
1.909776046522893012e-02 5.262584786396473646e-02
2.311716243275441229e-02 5.769219005014747381e-02
2.011935520567931235e-02 5.093494232278317213e-02
2.284120480180718005e-02 4.685244511347264051e-02
2.233977479045279324e-02 5.488121311645954847e-02
2.202908438630402088e-02 5.227230244781821966e-02
2.203425568495731568e-02 5.300195747986435890e-02
2.237567109023075318e-02 5.027013411745429039e-02
2.023249435205798363e-02 5.456812493503093719e-02
2.344901360538642621e-02 5.122867459431290627e-02
2.294843831532489276e-02 5.161920422688126564e-02
2.476658731666248059e-02 4.749804874882102013e-02
2.454803974160313373e-02 5.236607184633612633e-02
2.330814578363060718e-02 4.772011749446392059e-02
2.261914531027287012e-02 4.712938424199819565e-02
2.114484770481794840e-02 5.342624429613351822e-02
1.910006100570171839e-02 5.087736854329705238e-02
2.307924427350371843e-02 5.323111428879201412e-02
2.179589433853834635e-02 4.866085178218781948e-02
2.521035596055298811e-02 4.599524149671196938e-02
2.290497705598681932e-02 4.785014037042856216e-02
2.135275417731463676e-02 4.902897600550204515e-02
2.304083513354271417e-02 5.281762115191668272e-02
2.177287088034063345e-02 4.796982777770608664e-02
2.090625927576184040e-02 5.445270275231450796e-02
2.038718984022125369e-02 5.186256382148712873e-02
2.057861610865074908e-02 4.897384031210094690e-02
2.297193933827657020e-02 5.294557299930602312e-02
2.058223429685313022e-02 4.930383351165801287e-02
2.288809958463389194e-02 5.133791349362581968e-02
2.122837786646414315e-02 4.979813599493354559e-02
2.393648859197128331e-02 5.085107823833823204e-02
2.471949926894012606e-02 5.093516489432659000e-02
