2.205522521839114319e-02 4.753751606723458090e-02
0.000000000000000000e+00 0.000000000000000000e+00
9.360866621136665344e-03 9.897884912788867950e-03
1.403918396681547165e-02 1.922201365232467651e-02
2.016083942726254463e-02 2.784742508083581924e-02
2.385354973375797272e-02 3.731614444404840469e-02
2.372156539058778435e-02 4.702269658446311951e-02
2.723405872529838234e-02 4.629238293273374438e-02
2.574722563440445811e-02 4.786301887361332774e-02
2.234322229924146086e-02 4.328941617859527469e-02
2.379867948184255511e-02 4.596476111328229308e-02
2.426328456203918904e-02 4.683819680940359831e-02
2.366519426868762821e-02 4.252937936689704657e-02
2.572970242181327194e-02 4.761751776095479727e-02
2.598412365477997810e-02 4.456492199096828699e-02
2.275853005994576961e-02 4.422971559688448906e-02
2.422762355126906186e-02 5.162793118506669998e-02
2.501708707131911069e-02 4.937399481423199177e-02
2.679419478226918727e-02 4.647320252843201160e-02
2.846052958921063691e-02 4.275343823246657848e-02
2.485911380790639669e-02 3.811358870007097721e-02
2.341701458499301225e-02 4.423968470655381680e-02
2.419308492972049862e-02 3.933632303960621357e-02
1.923820110096130520e-02 4.697011387906968594e-02
2.132191754935774952e-02 4.425128386355936527e-02
2.041236382501665503e-02 4.114724579267203808e-02
2.123311023751739413e-02 4.873120947740972042e-02
2.237519600021187216e-02 4.466047440655529499e-02
2.528173408063594252e-02 5.164183746092021465e-02
2.546494087437167764e-02 4.565825802274048328e-02
2.294014306971803308e-02 4.698423121590167284e-02
2.319162696949206293e-02 4.519898747093975544e-02
1.945523251197300851e-02 5.097739282064139843e-02
2.502647027722559869e-02 4.804160422645509243e-02
2.422849167487584054e-02 4.598709405399858952e-02
2.072542961104772985e-02 4.567075252998620272e-02
2.237401294405572116e-02 4.131408699322491884e-02
2.187471857178024948e-02 4.617242573294788599e-02
2.213988531730137765e-02 4.423574148677289486e-02
2.265375366550870240e-02 4.539699607994407415e-02
2.119657155708409846e-02 4.227174830157309771e-02
2.026256741373799741e-02 4.816844651941210032e-02
2.178822454879991710e-02 4.633199586533010006e-02
2.394449288840405643e-02 4.470170033164322376e-02
2.350895461859181523e-02 4.763575550168752670e-02
2.157699054805561900e-02 4.744338330056052655e-02
2.182566947885788977e-02 4.785085136245470494e-02
2.076699738972820342e-02 4.205467404972296208e-02
2.227527860668487847e-02 4.940580429683905095e-02
2.362739681848324835e-02 4.831920871220063418e-02
2.293306830688379705e-02 4.872114666795823723e-02
