4.309562805992000339e-02 4.023728077752031229e-02
0.000000000000000000e+00 0.000000000000000000e+00
9.790122509002685547e-03 8.104768581688404083e-03
1.932130474597215652e-02 1.579286856576800346e-02
2.798220235854387283e-02 2.481279661878943443e-02
3.674534987658262253e-02 3.032513288781046867e-02
3.558759705629199743e-02 3.781144041568040848e-02
3.924242511857300997e-02 3.523785131983458996e-02
3.243054647464305162e-02 3.913178690709173679e-02
3.909056645352393389e-02 3.551820176653563976e-02
3.397256613243371248e-02 3.679928323253989220e-02
4.192680132109671831e-02 3.660162768210284412e-02
3.651959274429827929e-02 4.073247729684226215e-02
4.140037635806947947e-02 3.603975984151475132e-02
3.794139542151242495e-02 3.753705354756675661e-02
4.114173806738108397e-02 3.236065557575784624e-02
3.511651500593870878e-02 4.095405279076658189e-02
3.969048371072858572e-02 3.686438812292180955e-02
3.952041556476615369e-02 3.861696258536539972e-02
3.580883805989287794e-02 4.045355806010775268e-02
3.797871535061858594e-02 3.727829104172997177e-02
4.225317630334757268e-02 3.540214194799773395e-02
3.895513046882115304e-02 4.413933909381739795e-02
4.116326439543627203e-02 4.298361818655394018e-02
3.936971057555638254e-02 4.067782041965983808e-02
3.395480648032389581e-02 4.065645036644127686e-02
4.137722714222036302e-02 3.738490042633202393e-02
4.129347844718722627e-02 3.703724681872699875e-02
3.854199928900925443e-02 4.290137575480912346e-02
4.035023017058847472e-02 3.730586818892334122e-02
3.538411691988585517e-02 3.633976153105322737e-02
3.620278671587584540e-02 3.885458161130372901e-02
3.677722048450959846e-02 4.435908964842383284e-02
3.952934574772370979e-02 3.920661036863748450e-02
3.694157191057456657e-02 3.929006163707526866e-02
3.793963143107248470e-02 3.648972576229425613e-02
3.803997704380890355e-02 4.094723164780589286e-02
4.089495477819582447e-02 3.803232866084726993e-02
3.707483465404948220e-02 3.928402259225549642e-02
3.848471698438515887e-02 3.692026932003500406e-02
3.813086388254305348e-02 4.199031304779055063e-02
4.186284410388907418e-02 4.177625191550760064e-02
3.813324457587441429e-02 3.606915979798941407e-02
3.554701696702977642e-02 2.933063118871359620e-02
3.183959269517799839e-02 3.735153510388045106e-02
3.816572561481734738e-02 3.825505804888962302e-02
4.416758412116905674e-02 4.090824914783297572e-02
4.161498074972769246e-02 4.180049371825589333e-02
4.117332284658914432e-02 4.002097737429721747e-02
3.727791134588187560e-02 3.615012182308419142e-02
3.617952824424719438e-02 4.131098254038079176e-02
