2.388308782446839362e-02 4.710611780917167701e-02
0.000000000000000000e+00 0.000000000000000000e+00
8.593338541686534882e-03 9.714609943330287933e-03
1.455975975841283798e-02 1.893419492989778519e-02
1.974879950284957886e-02 2.804904431104660034e-02
2.467154338955879211e-02 3.738506045192480087e-02
2.944829035550355911e-02 4.597512632608413696e-02
2.762745914515107870e-02 5.272840382531285286e-02
3.112450765911489725e-02 4.811540758237242699e-02
2.433269156608730555e-02 4.448935203254222870e-02
2.649705891963094473e-02 4.892683075740933418e-02
2.529840474016964436e-02 4.485212126746773720e-02
2.514665191120002419e-02 5.248217470943927765e-02
2.637846769357565790e-02 4.684272827580571175e-02
2.663356364064384252e-02 4.881853866390883923e-02
2.173564089753199369e-02 4.901688742393162102e-02
2.227630508423317224e-02 4.972946211637463421e-02
2.492195619561243802e-02 4.939038919110316783e-02
2.745354054786730558e-02 4.589334719639737159e-02
2.520366194949019700e-02 4.554689223004970700e-02
2.263462678820360452e-02 5.534219754918012768e-02
2.424409643572289497e-02 5.019829342199955136e-02
2.812938329589087516e-02 5.072697230207268149e-02
2.499123344023246318e-02 4.791025353188160807e-02
2.653912310779560357e-02 5.356510823185089976e-02
2.425143909931648523e-02 4.959025933931116015e-02
2.625345411070156842e-02 4.605672509933356196e-02
2.238771873817313462e-02 5.332741980964783579e-02
2.869008244306314737e-02 5.435668585414532572e-02
2.361814207688439637e-02 4.759962439129594713e-02
2.720078286074567586e-02 5.325664255360607058e-02
2.577042517077643424e-02 4.738779926265124232e-02
2.418521938670892268e-02 5.397154206002596766e-02
2.678331181232351810e-02 4.782640935445670038e-02
2.368369216856081039e-02 5.060284143837634474e-02
2.371899122954346240e-02 5.076354509219527245e-02
2.257105105672962964e-02 5.012233380693942308e-02
1.968825215590186417e-02 5.265523318666964769e-02
2.843247519922442734e-02 4.748030717018991709e-02
2.261180270579643548e-02 4.491982760373502970e-02
2.545161943999119103e-02 5.251877580303698778e-02
2.680467584286816418e-02 4.733996430877596140e-02
2.478962115128524601e-02 4.882143053691834211e-02
2.678208288853056729e-02 5.188784387428313494e-02
2.226695235003717244e-02 4.938099777791649103e-02
2.737679661368019879e-02 5.169767059851437807e-02
2.619450216297991574e-02 5.254070198861882091e-02
2.111515219439752400e-02 5.239292836631648242e-02
2.397628480684943497e-02 5.190061367466114461e-02
2.852838093531318009e-02 4.952916674665175378e-02
2.720813037012703717e-02 4.788814237690530717e-02
