1.954063759958847395e-03 4.998090635127297454e-02
0.000000000000000000e+00 0.000000000000000000e+00
5.342712160199880600e-03 9.677803143858909607e-03
9.746790863573551178e-03 1.963316276669502258e-02
1.395495515316724777e-02 2.948094625025987625e-02
1.628220663405954838e-02 3.917265869677066803e-02
1.810080872382968664e-02 4.552339296787977219e-02
1.596473099198192358e-02 5.146374413743615150e-02
1.506249071098864079e-02 5.413638893514871597e-02
1.328828814439475536e-02 5.600422562565654516e-02
1.314071360684465617e-02 5.263603164348751307e-02
1.429494800686370581e-02 4.951952293049544096e-02
1.233875453181099147e-02 4.575374035630375147e-02
1.090297642804216594e-02 5.319705151487141848e-02
1.066524747875519097e-02 5.113140202593058348e-02
9.729305544169619679e-03 5.314615822862833738e-02
8.338110550539568067e-03 5.013381096068769693e-02
9.116488770814612508e-03 5.325398046988993883e-02
9.859718120424076915e-03 5.213454621843993664e-02
9.824817814660491422e-03 5.147302109980955720e-02
7.636001148057403043e-03 4.858284682268276811e-02
7.532748026278568432e-03 5.141819670097902417e-02
6.670041748293442652e-03 5.026347708189859986e-02
7.045142101560486481e-03 5.446793982991948724e-02
5.831018770550144836e-03 5.568949406733736396e-02
5.859683835296891630e-03 5.426353466464206576e-02
7.326417005970142782e-03 5.353571247542276978e-02
6.657241654465906322e-03 5.153051932575181127e-02
5.808996080304495990e-03 5.108810742967762053e-02
9.146500888164155185e-03 5.414652419858612120e-02
9.090319934330182150e-03 5.345761848730035126e-02
9.985554283048259094e-03 5.254621760104782879e-02
1.093416936419089325e-02 5.792942413245327771e-02
1.149450785669614561e-02 5.869445807184092700e-02
1.251737955681164749e-02 5.619820251013152301e-02
1.195533220379729755e-02 5.533671096782200038e-02
1.259177034444292076e-02 5.329082204843871295e-02
1.056688135213335045e-02 5.564382622833363712e-02
9.623476962588028982e-03 5.684530091821216047e-02
1.073665214426000603e-02 5.072404359816573560e-02
1.141501138408784755e-02 5.494977449416182935e-02
1.093836319705587812e-02 5.376097475527785718e-02
1.072188748003100045e-02 5.233636833145283163e-02
1.017466084522311576e-02 5.455213747336529195e-02
1.097492945336853154e-02 5.658444840810261667e-02
1.112074983029742725e-02 5.453606028459034860e-02
1.045102133139153011e-02 5.247092744684778154e-02
1.048055900901090354e-02 5.703123364946804941e-02
9.622509052860550582e-03 5.203301119036041200e-02
7.522775718825869262e-03 5.878697926527820528e-02
8.302919435664080083e-03 5.863294715527445078e-02
