2.279425691332578885e-02 4.736745786847523787e-02
0.000000000000000000e+00 0.000000000000000000e+00
6.768619641661643982e-03 9.934255853295326233e-03
1.198394503444433212e-02 1.970553118735551834e-02
1.581867900677025318e-02 2.956971060484647751e-02
2.130058943293988705e-02 3.920518048107624054e-02
2.383859339170157909e-02 4.827233497053384781e-02
2.208813256584107876e-02 5.624581780284643173e-02
1.955343922600150108e-02 5.747604568023234606e-02
1.822389208246022463e-02 5.360874033067375422e-02
1.901201088912785053e-02 5.480975122191011906e-02
1.809383713407441974e-02 5.415147158782929182e-02
1.751642132876440883e-02 5.105467897374182940e-02
1.721964502939954400e-02 5.838296993169933558e-02
1.829238556092604995e-02 5.218532041180878878e-02
1.843351505522150546e-02 5.035758751910179853e-02
1.769621694984380156e-02 5.393276934046298265e-02
1.684611408563796431e-02 5.278505454771220684e-02
1.829525550419930369e-02 5.650289892219007015e-02
1.896582562767434865e-02 5.274947709403932095e-02
1.948498685669619590e-02 5.546305235475301743e-02
1.808962070208508521e-02 5.447345075663179159e-02
1.981216629792470485e-02 5.338327109348028898e-02
1.903350373322609812e-02 5.312145649804733694e-02
1.867143412528093904e-02 5.660784299834631383e-02
1.861736377395573072e-02 5.345769468112848699e-02
1.928805188435944729e-02 5.255912724533118308e-02
1.857217210272210650e-02 5.610842994065023959e-02
1.871214645143481903e-02 5.344573073671199381e-02
1.827231603601831011e-02 5.926162414834834635e-02
1.717882831508177333e-02 5.409923745901323855e-02
1.726517398856231011e-02 5.223258273326791823e-02
1.702094872962334193e-02 5.162615855806507170e-02
1.761804780471720733e-02 5.299805002869106829e-02
1.707831645398982801e-02 5.249066310352645814e-02
1.761718417765223421e-02 5.052198967314325273e-02
1.759477521591179539e-02 5.129443845362402499e-02
1.771987344727676827e-02 5.405732584767974913e-02
1.584324751638632733e-02 5.193222002708353102e-02
1.553538059124548454e-02 5.084127144073136151e-02
1.594603156445373315e-02 5.450249256682582200e-02
1.662768337882880587e-02 4.965125236776657403e-02
1.698635910179291386e-02 5.546271687489934266e-02
1.556002297911618371e-02 5.215104299713857472e-02
1.695889148868445773e-02 5.596056420472450554e-02
1.678800556874193717e-02 5.199314680066891015e-02
1.742104385812126566e-02 5.165360358660109341e-02
1.785082314927421976e-02 5.626065845717675984e-02
1.842025135010771919e-02 5.286864520167000592e-02
1.819788132161193062e-02 5.018650300917215645e-02
1.811534498301625717e-02 5.284182800096459687e-02
