2.530414913021614143e-02 4.674554272314451753e-02
0.000000000000000000e+00 0.000000000000000000e+00
9.001719765365123749e-03 9.752528741955757141e-03
1.570421410724520683e-02 1.970814820379018784e-02
1.772897900082170963e-02 2.962340228259563446e-02
2.339993626810610294e-02 3.949068114161491394e-02
2.738544507883489132e-02 4.918296635150909424e-02
2.291010064072906971e-02 5.433489708229899406e-02
2.388409175910055637e-02 5.160379922017455101e-02
2.374336877255700529e-02 5.777199286967515945e-02
2.123852595104835927e-02 5.438989773392677307e-02
2.121905907370091882e-02 5.207309499382972717e-02
2.075584277008601930e-02 5.761820543557405472e-02
2.144290190153697040e-02 5.312929674983024597e-02
2.310536357072123792e-02 5.800642538815736771e-02
2.239433021713921335e-02 5.660805630031973124e-02
2.485104997140297201e-02 5.680261897214222699e-02
2.843589729127415922e-02 5.308944401622284204e-02
2.558347114791104104e-02 4.828556482971180230e-02
2.342709803451725747e-02 4.948474706907290965e-02
2.362360977531352546e-02 4.904624940536450595e-02
2.497362156827875879e-02 5.259302123158704489e-02
2.279203196485468652e-02 5.344124177645426244e-02
2.371159449648985174e-02 5.301671069173607975e-02
2.084219965581723955e-02 5.407978816947434098e-02
2.395299214367696550e-02 5.299796386680100113e-02
2.312251230432593729e-02 5.087890326103661209e-02
2.577967293291294482e-02 5.361829338653478771e-02
2.595916277459764387e-02 4.819842813594732434e-02
2.844932911648356821e-02 5.293148862256202847e-02
2.670279625999683049e-02 5.014432909956667572e-02
2.644866530863509979e-02 5.048663380148354918e-02
2.619352762667404022e-02 5.150447251799050719e-02
2.625108782922325190e-02 4.792149203422013670e-02
2.751355227337626275e-02 5.176317227596882731e-02
2.615727361080644187e-02 5.156058205466251820e-02
2.572859939209592994e-02 5.300418024125974625e-02
2.702986890471947845e-02 4.817928622651379555e-02
2.613102311988768633e-02 5.561831749218981713e-02
2.727945677725074347e-02 5.194297472189646214e-02
2.757809153081325348e-02 5.259871760790701956e-02
2.569263631266949233e-02 4.861628169601317495e-02
2.471938425696862396e-02 5.215024946664925665e-02
2.539728930241835769e-02 4.973838220757897943e-02
2.661056571196240839e-02 4.980696926941163838e-02
2.842283061727357563e-02 5.160967833944596350e-02
2.826072864081652369e-02 5.025325671886093915e-02
2.751197631550894585e-02 4.911879022256471217e-02
2.830348903626145329e-02 5.600383589626289904e-02
3.044867207609058823e-02 5.185726788477040827e-02
2.947201120514364447e-02 5.196146633534226567e-02
