4.183154877164985130e-02 4.083017960658824608e-02
0.000000000000000000e+00 0.000000000000000000e+00
9.149818681180477142e-03 9.070261381566524506e-03
1.862317044287919998e-02 1.784352865070104599e-02
2.647244557738304138e-02 2.609652746468782425e-02
3.508993238210678101e-02 2.878055558539927006e-02
3.793904860503971577e-02 3.508963179774582386e-02
3.967013792134821415e-02 3.598564100684598088e-02
3.884096106048673391e-02 3.730580752016976476e-02
4.368467896711081266e-02 3.370414214441552758e-02
3.569775528740137815e-02 4.180560080567374825e-02
4.006437340285629034e-02 3.621627023676410317e-02
3.994908490858506411e-02 3.815462038619443774e-02
4.002118864445947111e-02 3.185783018125221133e-02
3.445559562533162534e-02 4.006738838506862521e-02
3.767772120772860944e-02 3.644939133664593101e-02
3.736940008820965886e-02 3.135549131548032165e-02
3.076586854876950383e-02 3.556356945773586631e-02
3.974009287776425481e-02 3.050222148885950446e-02
3.331134683685377240e-02 3.909338166704401374e-02
3.674869547830894589e-02 3.445658640703186393e-02
3.491231572115793824e-02 3.211010171798989177e-02
3.995436296099796891e-02 3.596290055429562926e-02
3.639485297026112676e-02 3.493256034562364221e-02
3.689666924765333533e-02 3.191256948048248887e-02
3.134801838314160705e-02 3.461666527437046170e-02
3.897239634534344077e-02 3.143687621923163533e-02
3.319270157953724265e-02 4.038309474708512425e-02
3.755633108085021377e-02 3.525540727423503995e-02
3.438592603197321296e-02 3.770320658804848790e-02
3.616932203294709325e-02 3.371665003942325711e-02
3.869297780329361558e-02 2.921689098002389073e-02
3.009115863824263215e-02 3.915922605665400624e-02
3.798001405084505677e-02 3.525209502549842000e-02
3.517940762685611844e-02 3.857182810315862298e-02
3.918337478535249829e-02 3.260162804508581758e-02
3.223610512213781476e-02 4.084257554495707154e-02
3.550083987647667527e-02 3.567789035150781274e-02
4.238882899517193437e-02 2.932200819486752152e-02
3.306002501631155610e-02 3.930552356177940965e-02
4.056686029070988297e-02 3.443504084134474397e-02
3.489886835450306535e-02 3.964574082056060433e-02
4.354153067106381059e-02 3.349818900460377336e-02
3.836141811916604638e-02 4.167230759048834443e-02
3.903436171822249889e-02 3.642799198860302567e-02
3.879741598211694509e-02 3.484822931932285428e-02
3.511427687772084028e-02 3.677660884568467736e-02
4.316507811017800122e-02 3.389572451123967767e-02
3.601461621292401105e-02 4.297275474527850747e-02
4.105796544172335416e-02 3.764511278131976724e-02
3.677068110846448690e-02 3.237259207526221871e-02
