2.477566460691284569e-02 4.688222976008431242e-02
0.000000000000000000e+00 0.000000000000000000e+00
8.682894520461559296e-03 8.527838625013828278e-03
1.627185801044106483e-02 1.796415355056524277e-02
1.790992356836795807e-02 2.718285843729972839e-02
2.254874538630247116e-02 3.221038635820150375e-02
2.764046611264348030e-02 4.198980238288640976e-02
2.881434140726923943e-02 4.503037361428141594e-02
2.572763385251164436e-02 5.089824832975864410e-02
2.921937406063079834e-02 4.706242121756076813e-02
2.630669949576258659e-02 4.597741225734353065e-02
2.307913079857826233e-02 4.410139191895723343e-02
2.669072756543755531e-02 5.142667377367615700e-02
2.606589865172281861e-02 4.546632757410407066e-02
2.411381195997819304e-02 5.340618593618273735e-02
2.708872983930632472e-02 4.773019766435027122e-02
2.874883956974372268e-02 4.916629043873399496e-02
2.758090925635769963e-02 4.303773434367030859e-02
3.094096953282132745e-02 5.150465702172368765e-02
2.329115389147773385e-02 4.621432709973305464e-02
2.079374674940481782e-02 5.083099042531102896e-02
2.606526488671079278e-02 4.359040630515664816e-02
2.399762097047641873e-02 5.008587974589318037e-02
2.622648287797346711e-02 4.919491906184703112e-02
2.216427406528964639e-02 4.498412518296390772e-02
2.511473844060674310e-02 5.318447446916252375e-02
2.054537419462576509e-02 5.039942020084708929e-02
2.768600085983052850e-02 4.767228907439857721e-02
2.550192462513223290e-02 4.799312775139696896e-02
2.273798809619620442e-02 5.021202869829721749e-02
2.766714926110580564e-02 4.845520146773196757e-02
2.564070402877405286e-02 4.175181585014797747e-02
2.424505708040669560e-02 4.700992154539562762e-02
2.258962992345914245e-02 4.752155827009119093e-02
2.679965033894404769e-02 5.152025973075069487e-02
2.416866802377626300e-02 4.610825949930585921e-02
2.541011950233951211e-02 4.656324916868470609e-02
2.432858495740219951e-02 5.156194008304737508e-02
2.324888022849336267e-02 4.791938475682400167e-02
2.429715666221454740e-02 4.916681940085254610e-02
2.740422502392902970e-02 4.492345577455125749e-02
2.628806669963523746e-02 4.813564647338353097e-02
2.522777096601203084e-02 4.458835590048693120e-02
3.021634119795635343e-02 5.194626524462364614e-02
2.388400846393778920e-02 4.721271441667340696e-02
2.718301821732893586e-02 5.206964639364741743e-02
2.692625572672113776e-02 4.763497141539119184e-02
2.634437434608116746e-02 4.632694329484365880e-02
2.449383196653798223e-02 5.249541727243922651e-02
2.823452051961794496e-02 4.682513567968271673e-02
2.622891851933673024e-02 5.107967238291166723e-02
