2.313807856612248512e-02 4.728632648151508133e-02
0.000000000000000000e+00 0.000000000000000000e+00
9.542386047542095184e-03 9.845076128840446472e-03
1.138564175926148891e-02 1.979403011500835419e-02
1.717365323565900326e-02 2.973878569900989532e-02
1.853193575516343117e-02 3.803446982055902481e-02
2.019890362862497568e-02 4.729696735739707947e-02
2.142039709724485874e-02 5.362545466050505638e-02
2.654544520191848278e-02 5.176408507395535707e-02
2.875132835470139980e-02 4.880779737140983343e-02
2.143627707846462727e-02 4.739225562661886215e-02
2.698341314680874348e-02 4.976396844722330570e-02
2.697399799762933981e-02 4.573633498512208462e-02
2.757253468553244602e-02 3.952535358257591724e-02
2.507054683337628376e-02 4.796734754927456379e-02
2.626933093233674299e-02 4.338555294089019299e-02
2.461353776561736595e-02 4.771356075070798397e-02
2.649426337848126423e-02 4.824726312654092908e-02
2.708039519893645775e-02 4.286299162777140737e-02
2.635827718586369883e-02 3.946160135092213750e-02
2.894987759464129340e-02 4.515399254160001874e-02
2.750694099631800782e-02 4.482123054913245142e-02
2.818305312939628493e-02 4.698587916209362447e-02
3.092103649214550387e-02 4.264950947253964841e-02
2.512912044585391413e-02 4.168725866475142539e-02
2.690814854395284783e-02 4.319669856340624392e-02
2.403623284590139519e-02 4.488217961625196040e-02
2.853092970144643914e-02 4.846638804883696139e-02
2.814770224904350471e-02 4.159013219759799540e-02
2.984885455043695401e-02 5.093701966688968241e-02
2.715673696184239816e-02 4.377512438804842532e-02
3.038206093879125547e-02 5.128791407332755625e-02
2.206860625119588803e-02 4.611938344896771014e-02
2.716506787510297727e-02 4.592101502930745482e-02
3.051215459527156781e-02 4.052432061871513724e-02
2.557692819209478330e-02 4.021308364463038743e-02
2.799483577655337285e-02 4.994428044301457703e-02
3.185014988230250310e-02 4.690510223736055195e-02
3.308240909063897561e-02 4.869948097621090710e-02
2.614694440671883058e-02 4.904144830652512610e-02
2.821051308819733094e-02 4.526101789087988436e-02
2.685236293291382026e-02 4.171252940432168543e-02
2.913456028727523517e-02 4.699352002353407443e-02
2.199165141610137653e-02 4.525149209075607359e-02
2.614106182409159373e-02 5.299073658534325659e-02
3.154884316427342128e-02 5.343930085655301809e-02
3.014612957304052543e-02 5.306253573508001864e-02
2.692652508085302543e-02 5.077332994551397860e-02
2.740509435352578294e-02 4.588679588050581515e-02
2.344841882404580247e-02 5.287553081871010363e-02
2.318736657434783410e-02 4.786243700073100626e-02
