4.385558363316494068e-02 3.987039436986174190e-02
0.000000000000000000e+00 0.000000000000000000e+00
9.646980091929435730e-03 8.719075471162796021e-03
1.893413253128528595e-02 1.763327140361070633e-02
2.774633932858705521e-02 2.610299549996852875e-02
3.674463741481304169e-02 2.947684959508478642e-02
3.885103692300617695e-02 3.490182361565530300e-02
3.981456626206636429e-02 3.352052113041281700e-02
3.667563199996948242e-02 3.427155752433463931e-02
3.887467249296605587e-02 3.621209511766210198e-02
4.007321572862565517e-02 3.232944692717865109e-02
3.619233821518719196e-02 4.047216597246006131e-02
4.121463489718735218e-02 3.513538494007661939e-02
3.752530063502490520e-02 3.864445100771263242e-02
4.265351942740380764e-02 3.306292957859113812e-02
3.730242396704852581e-02 4.135965305613353848e-02
4.109079507179558277e-02 3.507959778653457761e-02
3.815954248420894146e-02 3.161736793117597699e-02
4.086245805956423283e-02 3.298307600198313594e-02
3.725447505712509155e-02 3.724542557029053569e-02
3.783940762514248490e-02 3.212671651272103190e-02
3.968933195574209094e-02 3.699020732892677188e-02
4.239397606579586864e-02 3.168826334876939654e-02
3.672484325943514705e-02 4.121626791311427951e-02
4.247256665257737041e-02 3.788993664784356952e-02
3.767746471567079425e-02 3.349961357889696956e-02
4.434186936123296618e-02 3.357500152924330905e-02
3.627136506838724017e-02 4.173067154624732211e-02
4.011716524837538600e-02 3.699945833795936778e-02
4.011117259733509854e-02 3.382590262481244281e-02
3.738674696296584443e-02 3.672550514602335170e-02
4.434865515440833406e-02 3.134005552419694141e-02
3.721171932056677178e-02 3.834220383578212932e-02
4.145605012536179856e-02 3.362018976622493938e-02
3.960443544428926543e-02 4.180155311041744426e-02
4.204557230923455791e-02 3.686978144833119586e-02
3.853324707824867801e-02 3.777512827218743041e-02
4.137944150943440036e-02 3.689795651735039428e-02
3.993586893420797423e-02 3.162569099367829040e-02
3.455657442327719764e-02 3.895025526435347274e-02
4.234225000482183532e-02 3.432547127158613876e-02
3.574066073861104087e-02 3.568220407032640651e-02
3.869590675685685710e-02 3.218069824652047828e-02
3.426206996891778545e-02 3.709807166160317138e-02
4.188881069649141864e-02 3.508393828087719157e-02
3.500448493514340953e-02 3.820733249449403957e-02
4.237535502988976077e-02 3.192357661464484408e-02
3.389132209349554614e-02 4.144575296231778339e-02
4.070830764476340846e-02 3.507663997152121738e-02
3.795836516883355216e-02 3.771116759889991954e-02
4.282457172166687087e-02 3.730346766678849235e-02
