2.189654161681209993e-02 4.757326204049558416e-02
0.000000000000000000e+00 0.000000000000000000e+00
9.155811741948127747e-03 9.764952585101127625e-03
1.642156392335891724e-02 1.948754489421844482e-02
1.832692651078104973e-02 2.880432549864053726e-02
2.132915286347270012e-02 3.870442043989896774e-02
2.249796176329255104e-02 4.788504354655742645e-02
2.108741248957812786e-02 5.292988521978259087e-02
2.453038422390818596e-02 4.780504619702696800e-02
2.372158499201759696e-02 5.430281069129705429e-02
2.665418939432129264e-02 5.034393398091197014e-02
2.306898677488788962e-02 5.285576195456087589e-02
2.274415339343249798e-02 5.629970389418303967e-02
2.681110822595655918e-02 4.963661008514463902e-02
2.337207878008484840e-02 4.960110658066696487e-02
2.026136126369237900e-02 5.547291240873164497e-02
2.249671542085707188e-02 4.738486851783818565e-02
2.365443902090191841e-02 5.356621942701167427e-02
2.560175966937094927e-02 5.083088847095496021e-02
2.343261905480176210e-02 4.824318029204732738e-02
2.356821246212348342e-02 5.215315558234578930e-02
2.271112985908985138e-02 5.166297594769275747e-02
2.163988840766251087e-02 5.392549678435898386e-02
2.267117984592914581e-02 4.952176639562821947e-02
2.547401189804077148e-02 5.031804387908778153e-02
2.459710120456293225e-02 5.103591744773439132e-02
2.350116736488416791e-02 4.718707393840304576e-02
2.056127908872440457e-02 5.610789623096934520e-02
2.363122819224372506e-02 5.050750527516356669e-02
2.396501300972886384e-02 4.952324422993115149e-02
2.384566663386067376e-02 5.306070469305268489e-02
2.383556781933293678e-02 4.853695290148607455e-02
2.552969038151786663e-02 5.404850359991542064e-02
2.695321973078534938e-02 4.650408945963135920e-02
2.382711001337156631e-02 5.456052239969721995e-02
2.261939953677938320e-02 4.842528127119294368e-02
2.158226323444978334e-02 5.411502750575891696e-02
2.342797461096779443e-02 4.909549685180536471e-02
2.552207041662768461e-02 5.401803584754816256e-02
2.880692639519111253e-02 5.391957374740741216e-02
2.707705420107231475e-02 4.869857613448402844e-02
2.532821585555211641e-02 5.334965182919404469e-02
2.618633199381292798e-02 5.017084788050851785e-02
2.107760950821102597e-02 5.267968351472518407e-02
2.865130443024099804e-02 4.916330283958814107e-02
2.701286157025606371e-02 5.356289303381345235e-02
2.362471912420005538e-02 4.842825975720188580e-02
2.268788911533192731e-02 5.296098297912976705e-02
2.811502520125941373e-02 4.682152342502376996e-02
2.780032460941583849e-02 5.450897520859143697e-02
2.644564095317036845e-02 5.027250104103586636e-02
