2.461276882216260897e-02 4.692374121393984299e-02
0.000000000000000000e+00 0.000000000000000000e+00
8.925358764827251434e-03 9.960567578673362732e-03
1.601143786683678627e-02 1.992988958954811096e-02
2.034239238128066063e-02 2.985156141221523285e-02
2.562364051118493080e-02 3.913671988993883133e-02
2.380520652513951063e-02 4.866504576057195663e-02
2.247154910583049059e-02 4.595347563736140728e-02
2.086373884230852127e-02 4.894995479844510555e-02
2.153763966634869576e-02 5.032511858735233545e-02
1.869548531249165535e-02 5.139795562718063593e-02
1.707009295932948589e-02 5.397607095073908567e-02
1.714109758904669434e-02 5.242471047677099705e-02
1.667847255885135382e-02 5.277704662876203656e-02
1.729602080013137311e-02 5.151523306267336011e-02
1.807908159389626235e-02 5.047353048576042056e-02
1.622048723220359534e-02 4.813014896353706717e-02
1.674109562009107322e-02 4.766483220737427473e-02
1.758168083324562758e-02 5.062788759823888540e-02
1.644556508108507842e-02 5.317544133868068457e-02
1.576287914940621704e-02 5.572792782913893461e-02
1.505136599007528275e-02 5.508769943844527006e-02
1.470072676602285355e-02 5.649166298098862171e-02
1.533763813495170325e-02 5.618604255141690373e-02
1.556497858837246895e-02 5.235870747128501534e-02
1.601289078826084733e-02 5.282472638646140695e-02
1.726006431272253394e-02 5.280369905995030422e-02
1.832101627951487899e-02 5.227742700844828505e-02
1.700379833346232772e-02 5.243204503676679451e-02
1.836867310339584947e-02 5.447238467058923561e-02
1.682965614600107074e-02 5.306575021131720860e-02
1.623617927543818951e-02 5.281034908148285467e-02
1.768388901837170124e-02 5.380077327026810963e-02
1.636880310252308846e-02 5.418122733135533053e-02
1.528722618240863085e-02 5.524513927412044723e-02
1.478083286201581359e-02 5.418525425375264604e-02
1.654229551786556840e-02 5.388101843891490716e-02
1.554210757603868842e-02 5.469163922134612221e-02
1.650813315063714981e-02 5.507439641405653674e-02
1.875562407076358795e-02 5.320594283875834662e-02
1.824594713980332017e-02 5.251090978163119871e-02
1.835599996411474422e-02 5.536778531859454233e-02
1.756827813369454816e-02 5.493825934718188364e-02
1.829596976313041523e-02 5.309866338393476326e-02
1.950822451181011274e-02 5.244675428730261046e-02
2.009166696370812133e-02 5.323825030245643575e-02
1.979430596838938072e-02 5.372139362043526489e-02
2.027388852002331987e-02 5.173778619973745663e-02
1.932322546053910628e-02 5.177189674395776819e-02
1.923068924952531233e-02 5.227996790017641615e-02
2.080808566097402945e-02 5.409264049194462132e-02
