4.260491003398556020e-02 4.047000409525798592e-02
0.000000000000000000e+00 0.000000000000000000e+00
9.788813069462776184e-03 8.355879224836826324e-03
1.863617543131113052e-02 1.733155548572540283e-02
2.721361722797155380e-02 2.334400219842791557e-02
3.545931726694107056e-02 2.976748114451766014e-02
4.230520362034440041e-02 2.960149353020824492e-02
4.354351514484733343e-02 3.866066006594337523e-02
4.239119286648929119e-02 3.386431155377067626e-02
4.353465070016682148e-02 3.037783983745612204e-02
3.957119327969849110e-02 3.958723615505732596e-02
4.547281353734433651e-02 3.576872908161021769e-02
4.234313475899398327e-02 3.921606150106526911e-02
4.617269011214375496e-02 3.357039010734297335e-02
4.120210045948624611e-02 3.424109375919215381e-02
4.256413807161152363e-02 3.288059573969803751e-02
3.897616988979279995e-02 3.477628921973519027e-02
4.312709229998290539e-02 3.556142901652492583e-02
4.297012048482429236e-02 3.595110389869660139e-02
3.958130562386941165e-02 3.108182910364121199e-02
4.379219356633257121e-02 3.403785231057554483e-02
4.119261684536468238e-02 3.515592694748193026e-02
4.148904622707050294e-02 3.091336844954639673e-02
3.675329654652159661e-02 3.774665913078933954e-02
4.544916066515725106e-02 3.303387120831757784e-02
3.891914912674110383e-02 3.971114440355449915e-02
3.761535235389601439e-02 3.517014544922858477e-02
4.447857574268709868e-02 3.007118415553122759e-02
3.569483109458815306e-02 3.951937996316701174e-02
4.194385097071062773e-02 3.465956647414714098e-02
3.832140848680865020e-02 3.443784137198235840e-02
3.750881359155755490e-02 3.136187871859874576e-02
3.815582317474763840e-02 3.017911220376845449e-02
3.982878958049695939e-02 3.476073498313780874e-02
4.496750158432405442e-02 3.605631458049174398e-02
3.928730420011561364e-02 3.842568489199038595e-02
4.340308129030745476e-02 3.152842212875839323e-02
3.668165502313058823e-02 3.867407933284994215e-02
4.235110587615054101e-02 3.273895241727586836e-02
3.770159433770459145e-02 3.572239376080688089e-02
4.338558360177557915e-02 2.821703556401189417e-02
3.644586696464102715e-02 3.769624534470494837e-02
4.360213891777675599e-02 3.312489598465617746e-02
3.879441895696800202e-02 4.124455734563525766e-02
4.398747363302391022e-02 3.339598815364297479e-02
3.708356215793173760e-02 3.798200165329035372e-02
4.100180107343476266e-02 3.371479570341762155e-02
4.303848107520025223e-02 3.490655122732277960e-02
3.939752785663586110e-02 3.156834420224186033e-02
3.699339662853162736e-02 3.852370286767836660e-02
4.356725250545423478e-02 3.314757159387227148e-02
