4.264442459033560701e-02 4.045138501625709926e-02
0.000000000000000000e+00 0.000000000000000000e+00
9.888063184916973114e-03 8.752443827688694000e-03
1.949782855808734894e-02 1.650359854102134705e-02
2.853674255311489105e-02 2.313367836177349091e-02
3.286112379282712936e-02 3.057788684964179993e-02
3.844557842239737511e-02 3.057455495013527980e-02
3.463824721984565258e-02 3.878765311105780711e-02
4.078248213045299053e-02 3.464944930760793795e-02
3.676810511387884617e-02 3.803123431293897738e-02
4.128556721843779087e-02 3.408355582519106974e-02
3.751109121367335320e-02 4.036144483848147502e-02
3.893629310186952353e-02 3.512260122238330950e-02
4.152927629183977842e-02 3.544014735393830051e-02
3.934399608988314867e-02 3.388137983870365133e-02
3.637578978668898344e-02 3.720716884140529146e-02
4.220963257830590010e-02 3.185622378964581003e-02
3.666383435484021902e-02 3.857268238220967760e-02
3.933487331960350275e-02 3.245376268182553758e-02
3.724538313690572977e-02 3.225100079157527944e-02
4.110004415269941092e-02 3.126122398839470407e-02
3.798625466879457235e-02 3.783570897371646424e-02
3.674231166951358318e-02 3.414405734815773030e-02
3.535219666082412004e-02 3.202615111672457715e-02
3.793478233274072409e-02 3.146609755071949621e-02
3.586902364622801542e-02 3.763288676577758451e-02
3.709931357298046350e-02 3.341466279539417883e-02
3.613553626928478479e-02 3.695251301701318880e-02
3.845650900620967150e-02 3.335969054910492559e-02
3.622852440457791090e-02 3.282070064756226202e-02
3.593198058661073446e-02 3.692068250688862463e-02
3.988440975081175566e-02 3.627631758877214452e-02
3.923630877397954464e-02 3.769099925716545840e-02
3.705489751882851124e-02 3.676749263263445755e-02
3.913558833301067352e-02 3.562527753251742979e-02
3.899593703681603074e-02 3.566349603147500602e-02
3.887828462029574439e-02 3.958256568671458808e-02
3.425626991520402953e-02 3.370054185302251426e-02
3.975458605418680236e-02 3.254382140380585042e-02
3.587450016493676230e-02 3.774904241231524793e-02
3.860493632237194106e-02 3.598172534634613839e-02
3.872365923598408699e-02 3.765634880778634397e-02
3.767744929064065218e-02 3.494786974420094339e-02
3.661692712921649218e-02 3.465047236909413186e-02
4.115198703948408365e-02 3.157456699204885808e-02
3.696298471186310053e-02 3.608107022387230245e-02
4.121873725671321154e-02 3.338959641200744954e-02
3.667365072760730982e-02 3.786393083078110067e-02
4.209504101891070604e-02 3.483665027101778833e-02
3.791033488232642412e-02 3.412624276620590535e-02
3.854242543457075953e-02 3.644593982403421251e-02
