2.182916317343084125e-02 4.758835809228338654e-02
0.000000000000000000e+00 0.000000000000000000e+00
4.120464436709880829e-03 9.838995523750782013e-03
1.139350747689604759e-02 1.946111861616373062e-02
1.755907852202653885e-02 2.933888323605060577e-02
2.188859181478619576e-02 3.904591780155897141e-02
2.550759026780724525e-02 4.874464217573404312e-02
2.352392626926302910e-02 4.184664320200681686e-02
2.547722519375383854e-02 5.093017406761646271e-02
2.041207463480532169e-02 4.928099049720913172e-02
2.226790331769734621e-02 4.692168429028242826e-02
2.134445810224860907e-02 5.421292490791529417e-02
2.025957196019589901e-02 5.244979867711663246e-02
2.144631114788353443e-02 5.048449779860675335e-02
2.156954255769960582e-02 5.276233702898025513e-02
2.252366268658079207e-02 4.832304641604423523e-02
2.305049737333320081e-02 5.103924078866839409e-02
2.359125213115476072e-02 4.599116602912545204e-02
2.260456277872435749e-02 5.361351976171135902e-02
1.787355399574153125e-02 5.212365637999027967e-02
2.357422790373675525e-02 5.014896520879119635e-02
2.283906124648638070e-02 4.768701095599681139e-02
2.423529527732171118e-02 5.567609902936965227e-02
1.985114361741580069e-02 5.475913704140111804e-02
2.300085793831385672e-02 4.816043440951034427e-02
2.346675287117250264e-02 5.667991534573957324e-02
2.310077915899455547e-02 5.539760371902957559e-02
2.270215342286974192e-02 5.295246798777952790e-02
2.111771714407950640e-02 4.822388483444228768e-02
2.015407459111884236e-02 5.501213861862197518e-02
1.844397088279947639e-02 5.076850723708048463e-02
1.994362130062654614e-02 5.354465433629229665e-02
2.040562641923315823e-02 5.581827700370922685e-02
2.220042355475015938e-02 4.973584791878238320e-02
2.045054864720441401e-02 5.103419796796515584e-02
1.937365371850319207e-02 5.086865441990084946e-02
1.905367453582584858e-02 5.703116420772857964e-02
2.357250894419848919e-02 5.480896963854320347e-02
2.305780735332518816e-02 5.270234963973052800e-02
1.968753302935510874e-02 4.951109623652882874e-02
2.066814142744988203e-02 5.345328783732838929e-02
2.088941173860803246e-02 4.923922129091806710e-02
2.406203333521261811e-02 5.151797368307597935e-02
2.113775332691147923e-02 4.649730774690397084e-02
2.163831668440252542e-02 5.202801668201573193e-02
2.795425115618854761e-02 5.290003379923291504e-02
2.227277180645614862e-02 4.659238483873195946e-02
2.465585118625313044e-02 5.304142113891430199e-02
2.143096097279340029e-02 4.456870656576938927e-02
2.401115291286259890e-02 5.314274158445186913e-02
1.883167552296072245e-02 5.429609623388387263e-02
