4.245065935349747605e-02 4.054248461608130072e-02
0.000000000000000000e+00 0.000000000000000000e+00
8.996922522783279419e-03 9.661638177931308746e-03
1.849991269409656525e-02 1.895842701196670532e-02
2.550388872623443604e-02 2.798859588801860809e-02
3.316877642646431923e-02 3.532077511772513390e-02
3.655555518344044685e-02 3.844591462984681129e-02
3.482659312430769205e-02 4.260187456384301186e-02
3.914600948337465525e-02 3.981181164272129536e-02
3.684019960928708315e-02 3.668562439270317554e-02
3.773307596566155553e-02 3.964563622139394283e-02
3.876566089456900954e-02 3.669151198118925095e-02
3.629516711225733161e-02 4.376076674088835716e-02
3.983997571049258113e-02 3.736768336966633797e-02
3.449551219819113612e-02 4.438945604488253593e-02
3.788100107340142131e-02 3.722407622262835503e-02
3.558911842992529273e-02 4.111087229102849960e-02
3.932751104002818465e-02 3.602728294208645821e-02
3.630518255522474647e-02 4.082146426662802696e-02
3.542924643261358142e-02 3.652125736698508263e-02
3.709592338418588042e-02 3.444555611349642277e-02
3.541850385954603553e-02 4.037643526680767536e-02
3.366680390900000930e-02 3.849526681005954742e-02
4.060177312931045890e-02 3.652361244894564152e-02
3.581917419796809554e-02 4.297906928695738316e-02
3.639128938084468246e-02 4.083957779221236706e-02
3.382268565474078059e-02 3.534171474166214466e-02
3.799108852399513125e-02 3.726164472755044699e-02
3.880692587699741125e-02 3.442680311854928732e-02
3.206199628766626120e-02 4.322804359253495932e-02
3.966113773640245199e-02 3.734359319787472486e-02
3.441568871494382620e-02 4.340592434164136648e-02
3.950700664427131414e-02 3.836956701707094908e-02
3.735372342634946108e-02 3.891153895528987050e-02
4.006774455774575472e-02 3.719004482263699174e-02
3.553024458233267069e-02 3.240337833994999528e-02
3.750937257427722216e-02 2.796306839445605874e-02
3.170895262155681849e-02 3.769897675374522805e-02
3.847215569112449884e-02 3.401768143521621823e-02
3.673892898950725794e-02 3.762020758586004376e-02
3.670786245493218303e-02 3.812912158900871873e-02
3.797557571670040488e-02 3.179063700372353196e-02
3.306710341712459922e-02 4.109851230168715119e-02
3.684478014474734664e-02 3.571022028336301446e-02
3.365728765493258834e-02 4.179496649885550141e-02
4.171173501526936889e-02 3.482973395148292184e-02
3.350195329403504729e-02 4.182055505225434899e-02
4.098435066407546401e-02 3.863723791437223554e-02
3.402331791585311294e-02 4.247717052930966020e-02
3.968584252288565040e-02 3.732652409235015512e-02
3.955779684474691749e-02 3.992027376079931855e-02
