4.330358647895053703e-02 4.013766914037689149e-02
0.000000000000000000e+00 0.000000000000000000e+00
9.785702452063560486e-03 9.674617089331150055e-03
1.937073189765214920e-02 1.796583272516727448e-02
2.729464974254369736e-02 2.597835659980773926e-02
3.508558915928006172e-02 3.394682705402374268e-02
3.725354466587305069e-02 3.382975578279001638e-02
3.647801908664405346e-02 3.564196341176284477e-02
3.670822533604223281e-02 3.376026980549795553e-02
3.501807661086786538e-02 3.432094922027317807e-02
3.858531681180465966e-02 3.608247741794912145e-02
3.751205171283800155e-02 3.316403377539245412e-02
3.756456221162807196e-02 3.686791157088009641e-02
3.646057394507806748e-02 3.598522638640133664e-02
4.078868885699193925e-02 3.219230763352243230e-02
3.249194395903032273e-02 4.189218871033517644e-02
3.881264447409193963e-02 3.595766203216044232e-02
3.522224786865990609e-02 3.811256412154762074e-02
4.185650932777207345e-02 3.343433292320696637e-02
3.287771686154883355e-02 4.311368113121716306e-02
4.001297445211093873e-02 3.965363988390890881e-02
3.739212609070818871e-02 3.753725543356267735e-02
3.821829175285529345e-02 3.635339391621528193e-02
3.276863209612201899e-02 4.121352684887824580e-02
3.955042715824674815e-02 3.608278882893500850e-02
3.515737764246296138e-02 3.840743307227967307e-02
3.788717142015229911e-02 3.519760909694014117e-02
3.716390724002849311e-02 4.047888330387650058e-02
4.295589313551317900e-02 3.788407867978094146e-02
3.628469868272077292e-02 3.735808678175089881e-02
4.197320951789151877e-02 3.374810003879247233e-02
3.427926408767234534e-02 4.068453935178695247e-02
3.992402418225537986e-02 3.631523763033328578e-02
3.769696997187566012e-02 3.858612453768728301e-02
3.698125945811625570e-02 3.575782570260344073e-02
3.914246660133358091e-02 3.605851442989660427e-02
3.284559583698865026e-02 3.776065858983201906e-02
4.084619226341601461e-02 3.372761693754000589e-02
3.306307735329028219e-02 4.157224477239651605e-02
4.054513385926838964e-02 3.689657052018446848e-02
3.496713050117250532e-02 3.577014343318296596e-02
3.672073011694010347e-02 3.556962268339702860e-02
3.710211401630658656e-02 3.207801239477703348e-02
3.214509745885152370e-02 3.946259388612816110e-02
3.973124975163955241e-02 3.370724761771271005e-02
3.380855459545273334e-02 4.240621862845728174e-02
4.115176068444270641e-02 3.748257601546356454e-02
3.527965310786385089e-02 4.186346711503574625e-02
3.739452834997791797e-02 3.784838275896618143e-02
3.662002920464146882e-02 3.923392485739896074e-02
3.290825961448717862e-02 3.395169278519460931e-02
