4.178006676605332953e-02 4.085387179985301709e-02
0.000000000000000000e+00 0.000000000000000000e+00
9.877556003630161285e-03 8.019659668207168579e-03
1.977318059653043747e-02 1.665432006120681763e-02
2.750057214871048927e-02 2.444605343043804169e-02
3.659675130620598793e-02 2.608804567717015743e-02
3.960793977603316307e-02 2.812300296500325203e-02
4.175681830383837223e-02 3.477973071858286858e-02
4.056289081927388906e-02 3.018265217542648315e-02
4.269321321044117212e-02 2.776223281398415565e-02
3.561674116645008326e-02 3.693663002923130989e-02
4.204294190276414156e-02 3.393279318697750568e-02
4.713466402608901262e-02 3.177620191127061844e-02
4.168152261991053820e-02 3.740490460768342018e-02
4.350445431191474199e-02 3.434144286438822746e-02
4.323314590146765113e-02 3.097698371857404709e-02
4.078334866790100932e-02 3.563972515985369682e-02
4.344779177336022258e-02 3.053867630660533905e-02
4.277101682964712381e-02 3.613781137391924858e-02
4.271753000648459420e-02 3.199340216815471649e-02
4.434973160823574290e-02 3.280486812582239509e-02
4.356685381935676560e-02 3.542969695990905166e-02
4.811210472689708695e-02 3.192816366208717227e-02
4.277041888417443261e-02 3.906155907316133380e-02
4.589294394099852070e-02 3.416934347478672862e-02
4.233134965033968911e-02 3.186376433586701751e-02
4.581890076951822266e-02 2.995029668090865016e-02
4.012878060893854126e-02 3.844164608744904399e-02
4.332752091431757435e-02 3.329787933034822345e-02
3.849276698747416958e-02 3.432583290850743651e-02
3.913109693530714139e-02 2.869069244479760528e-02
3.743615422717994079e-02 3.094269422581419349e-02
4.235288409836357459e-02 2.573469368508085608e-02
3.588630587182706222e-02 3.509758313884958625e-02
4.116430880822008476e-02 2.821336773922666907e-02
3.898853554710512981e-02 3.743445308646187186e-02
4.412056438013678417e-02 3.364233713364228606e-02
4.344939640577649698e-02 3.822646843036636710e-02
4.251212949020555243e-02 3.440012683859094977e-02
4.119576871016761288e-02 3.057119244476780295e-02
3.962976400362094864e-02 3.482306835940107703e-02
4.133225019177189097e-02 3.243885462870821357e-02
3.946215038740774617e-02 2.958130132174119353e-02
3.550291791179915890e-02 3.280249232193455100e-02
3.985910055780550465e-02 2.774200303247198462e-02
3.966706989012891427e-02 2.731775626307353377e-02
3.735248509474331513e-02 3.628141008084639907e-02
4.126848883606726304e-02 3.051219781627878547e-02
3.892391871340805665e-02 3.582329110940918326e-02
4.345840399764711037e-02 3.233715373789891601e-02
3.920883357204729691e-02 3.618984896456822753e-02
