2.191401364252517497e-02 4.756933947749784897e-02
0.000000000000000000e+00 0.000000000000000000e+00
8.847272023558616638e-03 9.908688254654407501e-03
1.544202025979757309e-02 1.943134516477584839e-02
2.287488384172320366e-02 2.934292051941156387e-02
2.825598977506160736e-02 3.875245898962020874e-02
2.970544958952814341e-02 4.682157561182975769e-02
2.600787801202386618e-02 5.186800379306077957e-02
2.763031038921326399e-02 4.685697332024574280e-02
2.260207326617091894e-02 5.193153489381074905e-02
2.648985653650015593e-02 4.919644701294600964e-02
2.513632865156978369e-02 4.806076758541166782e-02
2.941639756318181753e-02 4.624620079994201660e-02
2.784777921624481678e-02 4.686374188167974353e-02
2.618534315843135118e-02 5.344034888548776507e-02
2.651819933089427650e-02 5.052404146408662200e-02
2.458869453403167427e-02 4.641504626488313079e-02
2.372358381398953497e-02 5.064297787612304091e-02
2.525861552567221224e-02 4.702632076805457473e-02
2.637543485616333783e-02 5.343657120829448104e-02
2.625741528026992455e-02 4.855436220532283187e-02
2.604076373245334253e-02 4.484988766489550471e-02
2.868048534583067521e-02 5.117507855175063014e-02
2.675293073843931779e-02 4.611077083973214030e-02
2.417510133091127500e-02 5.021010868949815631e-02
2.600888828601455316e-02 4.511763079790398479e-02
2.934398026991402730e-02 4.659489373443648219e-02
2.786245257448172197e-02 5.304258799878880382e-02
2.736447782808681950e-02 4.701734118862077594e-02
2.506837349937995896e-02 4.266417323378846049e-02
2.485272628109669313e-02 5.171049124328419566e-02
2.638786299939965829e-02 4.822733526816591620e-02
2.301186383556341752e-02 4.412529704859480262e-02
2.122105543821817264e-02 4.902248125290498137e-02
2.495291528612142429e-02 4.486969619756564498e-02
2.254241055197780952e-02 5.093739874428138137e-02
2.339661426231032237e-02 4.252939805155619979e-02
2.339996046703163302e-02 5.205654486780986190e-02
2.556926196757558500e-02 4.829812998650595546e-02
2.426741852741542971e-02 4.570181359304115176e-02
2.324703171234432375e-02 4.857547505525872111e-02
2.131875893883261597e-02 4.591424105456098914e-02
2.452281849309656536e-02 5.212532629957422614e-02
2.535204069772589719e-02 4.784386971732601523e-02
2.314563414165604627e-02 4.919074993813410401e-02
2.545291806654859101e-02 4.528272437164559960e-02
2.698618794875073945e-02 4.589995549758896232e-02
2.743108414779271698e-02 4.573080109548754990e-02
2.653141047539975261e-02 4.859385525924153626e-02
2.550514305676188087e-02 4.915724552120082080e-02
2.421574674281146144e-02 4.650581159512512386e-02
