2.185693917269154740e-02 4.758214083530480643e-02
0.000000000000000000e+00 0.000000000000000000e+00
9.373330511152744293e-03 9.339747019112110138e-03
1.380536239594221115e-02 1.861081738024950027e-02
1.635559112764894962e-02 2.853774093091487885e-02
2.195331337861716747e-02 3.801970276981592178e-02
2.314997673965990543e-02 4.742437135428190231e-02
2.567813033238053322e-02 4.935723671223968267e-02
2.175722224637866020e-02 4.849833378102630377e-02
2.571116201579570770e-02 4.701031045988202095e-02
2.279862994328141212e-02 4.439327074214816093e-02
2.402145974338054657e-02 5.311522679403424263e-02
2.281761879567056894e-02 4.591805860400199890e-02
2.302899831556715071e-02 4.780181683599948883e-02
2.150945717585273087e-02 4.931830079294741154e-02
2.758360680309124291e-02 4.331351746805012226e-02
2.947915720869787037e-02 4.397168627474457026e-02
2.710299615864641964e-02 4.922224360052496195e-02
2.217580567230470479e-02 5.164763529319316149e-02
2.173195016803219914e-02 4.626248695421963930e-02
2.657796378480270505e-02 4.898232908453792334e-02
2.412100444780662656e-02 4.450790199916809797e-02
2.612562297144904733e-02 5.288825544994324446e-02
2.464687224710360169e-02 4.700212355237454176e-02
2.283539535710588098e-02 4.173085268121212721e-02
2.513958333292976022e-02 4.599201946984976530e-02
2.402175072347745299e-02 5.282200209330767393e-02
2.162557857809588313e-02 4.969322436954826117e-02
2.338391559896990657e-02 4.519633890595287085e-02
2.293244082829914987e-02 4.748931399080902338e-02
2.514702276675961912e-02 4.218907526228576899e-02
2.719462112872861326e-02 4.744076274801045656e-02
2.348100914969108999e-02 5.040522466879338026e-02
2.534373171511106193e-02 4.785758454818278551e-02
2.865907546947710216e-02 4.271519288886338472e-02
3.279723643208853900e-02 4.779478639829903841e-02
2.560309830005280674e-02 4.442221869248896837e-02
2.908262537675909698e-02 4.859392729122191668e-02
2.290183791774325073e-02 5.120984150562435389e-02
2.655303475330583751e-02 4.745099635329097509e-02
2.872598284739069641e-02 4.886771284509450197e-02
2.309378256904892623e-02 4.275548236910253763e-02
2.444169388036243618e-02 5.165347328875213861e-02
2.755828478257171810e-02 4.904455889482051134e-02
2.765936710784444585e-02 4.644293070305138826e-02
2.570947274944046512e-02 4.646365762164350599e-02
2.492669333150843158e-02 4.645958126002369681e-02
2.439992954168701544e-02 4.646729886917455588e-02
2.544998095982009545e-02 5.375743680087907705e-02
2.977487861789995804e-02 4.668031469373090658e-02
3.374840922333532944e-02 4.584613878432719503e-02
