2.334576350104977660e-02 4.723669742722164111e-02
0.000000000000000000e+00 0.000000000000000000e+00
8.946571499109268188e-03 9.881839156150817871e-03
1.436473848298192024e-02 1.964427623897790909e-02
1.966721052303910255e-02 2.914519794285297394e-02
2.525090193375945091e-02 3.907873947173357010e-02
3.028867207467556000e-02 4.827343765646219254e-02
2.458159904927015305e-02 4.417872847989201546e-02
2.496742230141535401e-02 5.148121062666177750e-02
3.031732753152027726e-02 4.485934041440486908e-02
2.837785676820203662e-02 4.761910205706954002e-02
2.459186752093955874e-02 4.421166377142071724e-02
2.502612548414617777e-02 4.504912567790597677e-02
2.461728293565101922e-02 4.713517858181148767e-02
2.527767614810727537e-02 4.579858318902552128e-02
2.005701287998817861e-02 4.578430251240206417e-02
2.618265346973203123e-02 4.174732276260328945e-02
2.651015596347860992e-02 5.061500751435232814e-02
2.994170013698749244e-02 4.517319285332632717e-02
2.490336188930086792e-02 4.976424993037653621e-02
2.520719895255751908e-02 4.337542316898179706e-02
2.890204897266812623e-02 4.903133631705713924e-02
2.926165092503651977e-02 5.236349579899979290e-02
2.548737399047240615e-02 4.425784804880095180e-02
2.765831811120733619e-02 5.142430634259653743e-02
2.253533893963322043e-02 4.741288301556778606e-02
2.689559006830677390e-02 4.712406751605158206e-02
2.026380825554952025e-02 4.904020178037171718e-02
2.114432619418948889e-02 5.203938829617982265e-02
2.429809246677905321e-02 4.627171085121517535e-02
2.214516431558877230e-02 4.909982016215508338e-02
2.092800289392471313e-02 4.909826567302388867e-02
2.029071480501443148e-02 4.915687730238005315e-02
1.994143516640178859e-02 5.014440228399053012e-02
2.112399842008017004e-02 5.079861809201702272e-02
2.664341460331343114e-02 4.930851151868864690e-02
2.210366967483423650e-02 4.686176832467481290e-02
2.306327942642383277e-02 5.037937578447326814e-02
1.978413594770245254e-02 4.626974821724161302e-02
2.434546241420321167e-02 5.479974471666082536e-02
2.383424350409768522e-02 5.196487935893401300e-02
2.575033492757938802e-02 5.009724953845307027e-02
2.233846261515282094e-02 4.477446861267253553e-02
2.455937684862874448e-02 5.338557306379243528e-02
2.445013465330703184e-02 5.360407058026339655e-02
2.460181773494696245e-02 4.893402570735361223e-02
2.822822742018615827e-02 5.099607447039034014e-02
2.651342809986090288e-02 4.949755467816885357e-02
2.466842592548346147e-02 4.483836809515651112e-02
2.329554143216228113e-02 5.036011118784244900e-02
2.042358941253041849e-02 4.943525094415690546e-02
