4.151223157646186102e-02 4.097656087994426544e-02
0.000000000000000000e+00 0.000000000000000000e+00
9.955027140676975250e-03 9.416356682777404785e-03
1.980982720851898193e-02 1.811794657260179520e-02
2.691373275592923164e-02 2.552555315196514130e-02
3.543640905991196632e-02 2.815211168490350246e-02
4.187295725569128990e-02 2.763376286020502448e-02
3.851653146557509899e-02 3.615721495589241385e-02
4.565114644356071949e-02 2.981024741893634200e-02
4.154930193908512592e-02 3.953486907994374633e-02
4.243272263556718826e-02 3.282780473819002509e-02
4.432729794643819332e-02 2.970634883968159556e-02
3.638032986782491207e-02 3.652492928085848689e-02
4.188601323403418064e-02 3.056432463927194476e-02
3.913883771747350693e-02 3.608209564117714763e-02
4.339338839054107666e-02 3.133471700130030513e-02
3.838129248470067978e-02 3.662855102447792888e-02
4.644100274890661240e-02 3.251382074085995555e-02
4.057276947423815727e-02 3.760556149063631892e-02
4.471200564876198769e-02 3.204024181468412280e-02
3.913018107414245605e-02 3.813460440142080188e-02
4.461060045287013054e-02 3.126928693382069468e-02
3.952990053221583366e-02 3.745383600471541286e-02
4.722014395520091057e-02 3.145603480516001582e-02
3.961651865392923355e-02 3.980649000732228160e-02
4.653907101601362228e-02 3.247868613107129931e-02
4.127907427027821541e-02 3.809066832764074206e-02
4.617831716313958168e-02 3.241103020263835788e-02
3.856160864233970642e-02 3.880101739196106791e-02
4.207361675798892975e-02 3.350920433877035975e-02
3.781848633661866188e-02 2.808872581226751208e-02
3.695907501969486475e-02 3.440320462686941028e-02
3.988595388364046812e-02 2.729921432910487056e-02
3.153965144883841276e-02 3.594255371717736125e-02
3.925400867592543364e-02 3.256316593615338206e-02
4.159452079329639673e-02 2.695556095568463206e-02
3.425325371790677309e-02 3.457759524462744594e-02
3.801479062531143427e-02 2.933244704036042094e-02
4.104144300799816847e-02 2.793904073769226670e-02
3.466074436437338591e-02 3.544125059852376580e-02
4.019604658242315054e-02 2.923687506699934602e-02
3.692324983421713114e-02 2.381240908289328218e-02
3.988814924377948046e-02 3.195548296207562089e-02
3.791338356677442789e-02 2.944342914270237088e-02
4.107330937404185534e-02 2.957719149708282202e-02
3.637267381418496370e-02 3.509836229204665869e-02
4.342183109838515520e-02 2.864194665744435042e-02
3.688477922696620226e-02 3.808774524077307433e-02
4.069239774253219366e-02 3.317335531755816191e-02
4.371182236354798079e-02 3.049243571877013892e-02
4.350455616076942533e-02 3.919452293484937400e-02
