4.205178322702581711e-02 4.072842733910486679e-02
0.000000000000000000e+00 0.000000000000000000e+00
9.869539178907871246e-03 6.284470204263925552e-03
1.758846687152981758e-02 1.378749543800950050e-02
2.676743036136031151e-02 1.908396650105714798e-02
3.406651597470045090e-02 1.964040088932961226e-02
3.891907911747694016e-02 2.594384585972875357e-02
4.473769152536988258e-02 2.852224151138216257e-02
3.852136107161641121e-02 3.569865704048424959e-02
4.629272641614079475e-02 3.044783801306039095e-02
3.937444882467389107e-02 3.961519908625632524e-02
4.686930822208523750e-02 3.363780176732689142e-02
4.475994757376611233e-02 3.126305912155658007e-02
4.410974076017737389e-02 3.381788230035454035e-02
4.251063463743776083e-02 3.125830681528896093e-02
4.406757233664393425e-02 2.575047954451292753e-02
3.670107573270797729e-02 3.378450020682066679e-02
4.392330581322312355e-02 2.969152608420699835e-02
4.862737469375133514e-02 3.602147835772484541e-02
4.694270249456167221e-02 3.129099390935152769e-02
4.576797131448984146e-02 3.640882286708801985e-02
4.573165658803191036e-02 3.172793507110327482e-02
4.137114049808587879e-02 3.334699035622179508e-02
4.946720587031450123e-02 2.814466203562915325e-02
4.218790573941078037e-02 3.784156288020312786e-02
4.879432810412254184e-02 3.355534863658249378e-02
4.404908545257057995e-02 3.279910044511780143e-02
4.883561363385524601e-02 2.980335679603740573e-02
4.004142979101743549e-02 3.884513088269159198e-02
4.815413882897701114e-02 3.348114731488749385e-02
4.406770072819199413e-02 3.432780504226684570e-02
4.834201639459934086e-02 2.910579880699515343e-02
3.973875740484800190e-02 3.738023480400443077e-02
4.652713272662367672e-02 3.356137359514832497e-02
4.207012696133460850e-02 3.670258354395627975e-02
4.596797503472771496e-02 3.178808791562914848e-02
4.498250350297894329e-02 3.425324661657214165e-02
4.489581748930504546e-02 3.212270839139819145e-02
4.620305934076895937e-02 3.534716460853815079e-02
4.408530212094774470e-02 3.046648297458887100e-02
4.007309881126275286e-02 3.446810506284236908e-02
4.519067118962993845e-02 2.934015961363911629e-02
4.076183141296496615e-02 3.843946615234017372e-02
4.860181101685157046e-02 3.250565100461244583e-02
4.206357450311770663e-02 4.134093038737773895e-02
4.917052920063724741e-02 3.556233830749988556e-02
4.406486145308008417e-02 3.644462052034214139e-02
4.856263958936324343e-02 3.143657540204003453e-02
4.201374827971449122e-02 3.953326569171622396e-02
4.720241828908910975e-02 3.319619997637346387e-02
4.527406320994487032e-02 3.659266099566593766e-02
