2.255432123572614911e-02 4.742331647811869055e-02
0.000000000000000000e+00 0.000000000000000000e+00
9.438974782824516296e-03 9.423498995602130890e-03
1.710874633863568306e-02 1.923733949661254883e-02
2.299903938546776772e-02 2.896105963736772537e-02
2.886472735553979874e-02 3.882307745516300201e-02
2.831290574977174401e-02 4.823439754545688629e-02
2.169053169200196862e-02 5.426220316439867020e-02
2.191196175408549607e-02 4.825945058837532997e-02
2.757157644373364747e-02 4.719765647314488888e-02
2.554325482924468815e-02 4.583087493665516376e-02
2.433104653027839959e-02 4.219717741943895817e-02
2.823220848222263157e-02 4.322332504671066999e-02
2.942615261417813599e-02 4.616803990211337805e-02
3.083469139528460801e-02 4.256045806687325239e-02
2.742537137237377465e-02 5.092083185445517302e-02
2.837764137075282633e-02 4.746210377197712660e-02
2.799518578103743494e-02 4.661218624096363783e-02
2.620765028405003250e-02 4.500585654750466347e-02
3.161213427665643394e-02 5.044946772977709770e-02
2.694658908876590431e-02 4.404947860166430473e-02
2.925382039393298328e-02 4.553406697232276201e-02
2.784897710080258548e-02 4.919364198576658964e-02
2.651960458024404943e-02 4.640201677102595568e-02
2.839234910788945854e-02 4.016469942871481180e-02
2.559823004412464797e-02 4.948463162872940302e-02
2.595627395203337073e-02 4.392844869289547205e-02
2.676504576811566949e-02 4.173488460946828127e-02
2.750140393618494272e-02 4.812507948372513056e-02
2.593845338560640812e-02 4.449802299495786428e-02
2.760655130259692669e-02 4.132845543790608644e-02
2.421391452662646770e-02 4.506368061993271112e-02
2.729887329041957855e-02 4.446847701910883188e-02
2.832191542256623507e-02 4.991413105744868517e-02
2.303616621065884829e-02 4.535117244813591242e-02
2.692254993598908186e-02 4.791298473719507456e-02
2.476998965721577406e-02 4.266791988629847765e-02
2.635814342647790909e-02 4.851497814524918795e-02
2.405855571851134300e-02 4.728888859972357750e-02
2.649820595979690552e-02 4.657911235699430108e-02
2.362516312859952450e-02 4.123368678847327828e-02
2.755471854470670223e-02 4.941663617501035333e-02
2.556982845999300480e-02 4.350309964502230287e-02
2.484907838515937328e-02 4.435423132963478565e-02
2.734630438499152660e-02 4.439318773074774072e-02
2.259673108346760273e-02 4.854073176829842851e-02
2.597438427619636059e-02 4.290252818464068696e-02
2.525567210977897048e-02 5.040395713149337098e-02
2.187805337598547339e-02 4.662910673505393788e-02
2.678731590276584029e-02 4.199670079833595082e-02
2.449437783798202872e-02 4.705031366756884381e-02
