4.378945521727562601e-02 3.990263406471587782e-02
0.000000000000000000e+00 0.000000000000000000e+00
9.754762053489685059e-03 9.053878486156463623e-03
1.958819292485713959e-02 1.665202574804425240e-02
2.839368116110563278e-02 2.466892031952738762e-02
3.665043134242296219e-02 2.822043327614665031e-02
4.111729143187403679e-02 2.794474869733676314e-02
3.529156651347875595e-02 3.400951152434572577e-02
3.866674983873963356e-02 2.999938273569568992e-02
4.238864849321544170e-02 3.152197139570489526e-02
3.562864311970770359e-02 3.390624542953446507e-02
4.273777478374540806e-02 2.905210602330043912e-02
3.650322160683572292e-02 3.603424859466031194e-02
4.033196880482137203e-02 2.984633279265835881e-02
4.283508239313960075e-02 2.892165735829621553e-02
3.879066789522767067e-02 3.386289405170828104e-02
4.478631587699055672e-02 2.827241469640284777e-02
3.604581067338585854e-02 3.706178732682019472e-02
4.027712065726518631e-02 3.501340339425951242e-02
4.588339990004897118e-02 3.017756727058440447e-02
3.822643309831619263e-02 3.489459643606096506e-02
4.537956137210130692e-02 2.921834553126245737e-02
3.976169507950544357e-02 3.864394745323807001e-02
4.694566270336508751e-02 3.305912308860570192e-02
4.152493039146065712e-02 3.474133776035159826e-02
4.627316491678357124e-02 3.113967820536345243e-02
3.895940026268362999e-02 3.826983587350696325e-02
4.478060454130172729e-02 3.422877925913780928e-02
4.320549278054386377e-02 3.608705056831240654e-02
4.316988198479521088e-02 3.235115436837077141e-02
4.574922176470863633e-02 2.857296983711421490e-02
3.830771783759701066e-02 3.618817101232707500e-02
4.574713886177050881e-02 3.069992805831134319e-02
3.936933663135278039e-02 3.760275361128151417e-02
4.550734425356495194e-02 3.381864796392619610e-02
4.134176049774396233e-02 3.038985677994787693e-02
4.277480272503453307e-02 3.171477024443447590e-02
4.409257317820447497e-02 2.577739791013300419e-02
3.983435914778965525e-02 3.228014544583857059e-02
4.672426120305317454e-02 2.689332771115005016e-02
3.959570634106057696e-02 3.594258590601384640e-02
4.816055758783477359e-02 3.234945470467209816e-02
4.219727632516878657e-02 3.594957152381539345e-02
4.721922841781633906e-02 3.358583198860287666e-02
4.237367953101056628e-02 3.834781609475612640e-02
4.812831613162416033e-02 3.521147347055375576e-02
4.416899005809682421e-02 3.250719700008630753e-02
3.856994672605651431e-02 3.602625755593180656e-02
4.496633303278940730e-02 3.039371129125356674e-02
3.909655003735679202e-02 3.412521467544138432e-02
4.327648780235904269e-02 2.786348084919154644e-02
