2.419542669652705730e-02 4.702876546144955927e-02
0.000000000000000000e+00 0.000000000000000000e+00
8.416039869189262390e-03 9.489110670983791351e-03
1.736213732510805130e-02 1.835568249225616455e-02
2.241721330210566521e-02 2.824977412819862366e-02
2.593352249823510647e-02 3.791722748428583145e-02
2.861673524603247643e-02 4.562128242105245590e-02
2.793765300884842873e-02 4.769015009514987469e-02
2.112414594739675522e-02 4.762396927253575996e-02
2.320937137119472027e-02 4.930162069649668410e-02
2.304412405646871775e-02 5.293995596730383113e-02
2.741707702807616442e-02 5.154344777838559821e-02
2.411105651117395610e-02 4.424810701311798766e-02
2.617022283084224910e-02 5.040847801865311339e-02
2.233135704591404647e-02 4.342208675370784476e-02
2.596441614150535315e-02 5.032454303727718070e-02
2.769573316618334502e-02 5.163496780005516484e-02
2.047609588771592826e-02 4.577057623100699857e-02
2.481309422000776976e-02 4.450272292160661891e-02
2.398781191732268780e-02 4.982484540232690051e-02
1.881897162820678204e-02 4.679117061459692195e-02
1.866845977201592177e-02 4.499356426094891503e-02
2.569534401118289679e-02 5.231830967386486009e-02
2.338752504147123545e-02 4.771723063458921388e-02
2.470199698291253299e-02 4.466630146634997800e-02
2.123538618616294116e-02 4.624265351594658569e-02
2.355853682092856616e-02 4.627556958439527079e-02
2.187900668650399894e-02 3.974417922290740535e-02
2.402044534392189234e-02 4.919062693807063624e-02
2.625597947917412966e-02 4.372194734605727717e-02
2.342070224403869361e-02 4.618702013249276206e-02
2.542511215142440051e-02 4.884040424803970382e-02
2.198326103098224849e-02 4.199241589958546683e-02
2.385314686398487538e-02 5.101882502640364692e-02
2.125143997545819730e-02 4.889882145653245971e-02
2.455432868737261742e-02 4.785267891566036269e-02
2.594463089189957827e-02 4.868141828774241731e-02
2.364699709869455546e-02 4.339603182597784325e-02
1.965460395149420947e-02 4.861487948073772714e-02
2.545917713723611087e-02 4.600652900262502953e-02
2.353925669740419835e-02 4.957830148487119004e-02
2.067969406198244542e-02 4.740430146193830296e-02
2.414181541826110333e-02 4.555451729538617656e-02
2.363856030569877476e-02 4.686627955379663035e-02
2.026858284079935402e-02 4.040723945217905566e-02
2.467057631292846054e-02 4.836099128442583606e-02
2.486411259451415390e-02 4.474358841980574653e-02
2.516847655351739377e-02 4.320048854424385354e-02
2.788977177988272160e-02 4.911471984087256715e-02
2.643429794989060611e-02 5.034428135695634410e-02
2.386421854316722602e-02 5.071413650148315355e-02
