2.584502193246953402e-03 4.996659616298386453e-02
0.000000000000000000e+00 0.000000000000000000e+00
4.768005572259426117e-03 9.980616159737110138e-03
7.470387034118175507e-03 1.996057014912366867e-02
1.095259399153292179e-02 2.988328132778406143e-02
1.461612316779792309e-02 3.927510604262351990e-02
1.590220781508833170e-02 4.821122344583272934e-02
1.730383490212261677e-02 5.735088605433702469e-02
1.655243849381804466e-02 5.879733106121420860e-02
1.613358533359132707e-02 5.634757317602634430e-02
1.740344797144643962e-02 5.437716655433177948e-02
1.722593401791527867e-02 5.767470644786953926e-02
1.686764514306560159e-02 5.556207592599093914e-02
1.579952758038416505e-02 5.416173336561769247e-02
1.554819982266053557e-02 5.359882296761497855e-02
1.564097564551047981e-02 5.992469930788502097e-02
1.756134183960966766e-02 5.978491390123963356e-02
1.757500680014345562e-02 5.722140637226402760e-02
1.528574257008585846e-02 5.513647105544805527e-02
1.569670108347054338e-02 5.587539460975676775e-02
1.548707751408073818e-02 5.800861015450209379e-02
1.802345887608680641e-02 5.737523629795759916e-02
1.653302692193392431e-02 5.108870135154575109e-02
1.407180282603803789e-02 6.013847643043845892e-02
1.382181855933595216e-02 5.923388717928901315e-02
1.572261300952959573e-02 5.438280344242230058e-02
1.661567889004800236e-02 6.153191538760438561e-02
1.516731407809857046e-02 5.886039842152968049e-02
1.519030716463021236e-02 5.400568252662196755e-02
1.552092696965701180e-02 5.994798435131087899e-02
1.497679674957907991e-02 5.565056722844019532e-02
1.498614156571420608e-02 6.008237280184403062e-02
1.675567948677780805e-02 5.701749847503378987e-02
1.580693390405940590e-02 5.577922338852658868e-02
1.595615055248345016e-02 5.800159444333985448e-02
1.621340419933403609e-02 5.533321254188194871e-02
1.621061172181725851e-02 5.485125357517972589e-02
1.715668522365376703e-02 5.730087455594912171e-02
1.449883914165184251e-02 5.601536814356222749e-02
1.537179444994762889e-02 5.889910884434357285e-02
1.483221147054791800e-02 5.297590797999873757e-02
1.802871660174787394e-02 6.055176077643409371e-02
1.586646032365024439e-02 5.624431424075737596e-02
1.624505709469303838e-02 5.934945499757304788e-02
1.436332122966632596e-02 5.327870050678029656e-02
1.469905987460151664e-02 5.793824704596772790e-02
1.462322369616231299e-02 5.571146990405395627e-02
1.542022120838737465e-02 5.710470216581597924e-02
1.873436099549508072e-02 5.701099949510535225e-02
1.793517475880435086e-02 5.144966075749834999e-02
1.414436358891180134e-02 5.369767135562142357e-02
