2.337173445522449169e-02 4.723045833767561263e-02
0.000000000000000000e+00 0.000000000000000000e+00
8.926885202527046204e-03 9.920341894030570984e-03
1.465470762923359871e-02 1.990363374352455139e-02
1.874310476705431938e-02 2.978749293833971024e-02
2.040343382395803928e-02 3.872977755963802338e-02
2.434194902889430523e-02 4.862154740840196609e-02
2.300701418425887823e-02 5.545687209814786911e-02
1.997445162851363420e-02 5.334716103971004486e-02
1.793146796990185976e-02 5.876946588978171349e-02
1.904559554532170296e-02 5.056946212425827980e-02
1.833067240659147501e-02 5.514222430065274239e-02
2.234882779885083437e-02 5.046419939026236534e-02
1.980577304493635893e-02 5.672430340200662613e-02
2.086589287500828505e-02 5.079354997724294662e-02
1.827382890041917562e-02 6.019324250519275665e-02
1.994382706470787525e-02 5.650101508945226669e-02
2.232447220012545586e-02 5.152709921821951866e-02
2.195668354397639632e-02 4.887161939404904842e-02
1.994711899897083640e-02 5.797223630361258984e-02
2.143709914525970817e-02 5.478172493167221546e-02
2.398239861940965056e-02 5.085017043165862560e-02
2.100005297688767314e-02 5.538981384597718716e-02
1.776699576294049621e-02 5.074781854636967182e-02
2.263613505056127906e-02 5.473285750485956669e-02
2.378436241997405887e-02 5.773244332522153854e-02
2.074387593893334270e-02 5.409409129060804844e-02
2.237712900387123227e-02 5.327956879045814276e-02
2.035103138769045472e-02 5.117874464485794306e-02
2.391219773562625051e-02 5.506017047446221113e-02
2.621109510073438287e-02 5.222862039227038622e-02
2.628328585706185549e-02 4.732754977885633707e-02
2.553420273761730641e-02 5.425504327286034822e-02
2.528776256076525897e-02 5.342079879483208060e-02
2.436170428700279444e-02 4.785738320788368583e-02
2.491662352986168116e-02 5.545642547076568007e-02
2.063626963354181498e-02 5.155997694237157702e-02
2.183091481856536120e-02 5.195308147813193500e-02
2.392300921201240271e-02 5.586775715346448123e-02
2.719264342158567160e-02 5.272662171046249568e-02
2.392330257862340659e-02 5.260578819434158504e-02
2.346463351568672806e-02 5.623740606824867427e-02
2.288970736844930798e-02 5.387615269864909351e-02
2.359126474766526371e-02 5.955749560962431133e-02
2.557886498107109219e-02 5.215568232233636081e-02
2.388325893844012171e-02 4.805785647477023304e-02
2.484212363197002560e-02 5.479478833149187267e-02
2.639182169514242560e-02 5.326164906728081405e-02
2.486104868876282126e-02 5.615476189996115863e-02
2.560986539174336940e-02 4.923641539062373340e-02
2.846046102058608085e-02 4.881759799900464714e-02
