4.135046265240292784e-02 4.105020174844331571e-02
0.000000000000000000e+00 0.000000000000000000e+00
9.964373894035816193e-03 9.521123953163623810e-03
1.971121504902839661e-02 1.865465845912694931e-02
2.902911324054002762e-02 2.332275127992033958e-02
3.752245567739009857e-02 2.530751191079616547e-02
4.053740995004773140e-02 3.078804304823279381e-02
4.114136117277666926e-02 2.547351131215691566e-02
4.273166070925071836e-02 3.190680034458637238e-02
4.089531261706724763e-02 2.692421199753880501e-02
4.477735824184492230e-02 2.702368261088849977e-02
3.786765533732250333e-02 3.611221095343353227e-02
4.541594703914597631e-02 3.017376294155837968e-02
4.150515171932056546e-02 3.624364012648584321e-02
4.902137099998071790e-02 3.177318094094516709e-02
4.276045953156426549e-02 3.584701778163434938e-02
4.607180255698040128e-02 2.962987102364422753e-02
3.920750116230919957e-02 3.871729761158348992e-02
4.492265667067840695e-02 3.235708480497123674e-02
3.994772938312962651e-02 3.137994057760806754e-02
4.263844044180586934e-02 2.623229951859684661e-02
3.732721350388601422e-02 3.524480772466631606e-02
4.308409086661413312e-02 3.176572512165876105e-02
4.339767090277746320e-02 2.836582868621917441e-02
3.748818516032770276e-02 3.683233226911397651e-02
4.585882398532703519e-02 3.127820941881509498e-02
4.069163493113592267e-02 3.932771052495809272e-02
4.629228526027873158e-02 3.434791428298922256e-02
4.226372326957061887e-02 3.336524894257308915e-02
4.652573290513828397e-02 2.960188338329317048e-02
4.007658810587599874e-02 3.855585610290290788e-02
4.779462312581017613e-02 3.465961269830586389e-02
4.326654673786833882e-02 3.289400274661602452e-02
4.137732932576909661e-02 2.942560008523287252e-02
4.617312742630019784e-02 2.511666855571093038e-02
3.935846831882372499e-02 3.384544095752062276e-02
4.820849891984835267e-02 2.914538421464385465e-02
4.126978624844923615e-02 3.616144462284864858e-02
4.697345808381214738e-02 3.180206334945978597e-02
4.119726881617680192e-02 3.701656591874780133e-02
4.376701457658782601e-02 3.027416812983574346e-02
4.879515018546953797e-02 2.833558549900772050e-02
4.170901566976681352e-02 3.753322666307212785e-02
4.660079028690233827e-02 3.290866805036785081e-02
4.554450063733384013e-02 3.134486510680289939e-02
4.086012410698458552e-02 3.355754575022729114e-02
4.676512879086658359e-02 3.030109976680250838e-02
4.089708084939047694e-02 3.431424930022330955e-02
4.791613080305978656e-02 3.053688852378400043e-02
4.139905580086633563e-02 3.714572254830272868e-02
4.284483561059460044e-02 3.171928541996749118e-02
