2.193382466497612038e-02 4.756488782121406911e-02
0.000000000000000000e+00 0.000000000000000000e+00
8.355440571904182434e-03 9.716102853417396545e-03
1.486438699066638947e-02 1.945720985531806946e-02
1.995723182335495949e-02 2.943513449281454086e-02
2.383362455293536186e-02 3.891168348491191864e-02
2.551334537565708160e-02 4.867733642458915710e-02
2.487211028346791863e-02 4.574159323237836361e-02
2.590839896583929658e-02 4.268338275142014027e-02
2.488385053584352136e-02 5.020945030264556408e-02
2.455571148311719298e-02 4.351629386655986309e-02
2.342238876735791564e-02 4.921310790814459324e-02
2.314880106132477522e-02 4.851248988416045904e-02
2.436587656848132610e-02 4.479196260217577219e-02
2.515681227669119835e-02 4.979073221329599619e-02
2.415478311013430357e-02 4.966708595748059452e-02
2.414771280746208504e-02 5.227199007640592754e-02
2.525941812928067520e-02 4.667037117178551853e-02
2.764670685428427532e-02 4.270060310955159366e-02
2.810123397648567334e-02 5.224990795250050724e-02
2.479579181090230122e-02 4.701499405200593174e-02
2.238895276241237298e-02 4.414000172982923687e-02
2.302710628282511607e-02 4.812889356981031597e-02
2.410745350789511576e-02 4.873513118945993483e-02
2.359710963355610147e-02 4.402176072471775115e-02
2.276528868969762698e-02 5.282646106206811965e-02
2.265735600667539984e-02 5.109291608096100390e-02
2.278901074896566570e-02 4.682905031950213015e-02
2.171011429163627326e-02 5.594974840641953051e-02
2.341575836180709302e-02 5.240622130804695189e-02
2.580217699869535863e-02 4.739811751642264426e-02
2.590906719706254080e-02 5.375782927148975432e-02
2.538186230958672240e-02 4.797629607492126524e-02
2.390729112812550738e-02 5.564796799444593489e-02
2.456026594882132486e-02 5.046123234205879271e-02
2.432013313955394551e-02 5.086667026625946164e-02
2.471423785755177960e-02 5.394408415304496884e-02
2.161681450525065884e-02 5.167892301687970757e-02
1.887049068318447098e-02 4.815214365953579545e-02
1.889544595542247407e-02 5.414145678514614701e-02
2.205970380964572541e-02 5.330799549119547009e-02
1.862261989663238637e-02 5.271264107432216406e-02
1.967709521341021173e-02 5.113614536821842194e-02
2.046794512352789752e-02 4.982911387924104929e-02
1.966116645417059772e-02 4.894245724426582456e-02
2.164714665195788257e-02 4.787773586576804519e-02
1.947960162578965537e-02 4.764962353510782123e-02
1.782090517735923640e-02 5.250302812783047557e-02
1.716032063632155769e-02 4.987118620192632079e-02
1.754018581050331704e-02 5.070025817258283496e-02
1.991284043106134050e-02 5.097835315973497927e-02
