4.360756867576504048e-02 3.999099929542085374e-02
0.000000000000000000e+00 0.000000000000000000e+00
9.544733911752700806e-03 9.665064513683319092e-03
1.838557794690132141e-02 1.831951644271612167e-02
2.767030987888574600e-02 2.671141177415847778e-02
3.534311801195144653e-02 2.776590373832732439e-02
3.970692632719874382e-02 3.250095027033239603e-02
3.596426546573638916e-02 3.643439302686601877e-02
4.387047048658132553e-02 3.208996506873518229e-02
3.619078546762466431e-02 4.082333354745060205e-02
4.219022160395979881e-02 3.729486267548054457e-02
3.584666410461068153e-02 4.307430272456258535e-02
4.133351845666766167e-02 3.657154121901839972e-02
3.550812462344765663e-02 3.683591523440554738e-02
4.223621683195233345e-02 3.263338498072698712e-02
3.512277919799089432e-02 3.369127685436978936e-02
3.630059561692178249e-02 3.534815477905794978e-02
3.959151334129273891e-02 3.249443991808220744e-02
3.430320392362773418e-02 4.206864832667633891e-02
3.754405491054058075e-02 3.507505654124543071e-02
3.451551799662411213e-02 3.401375777320936322e-02
3.698142641223967075e-02 3.357162899919785559e-02
3.161376877687871456e-02 3.427917187218554318e-02
3.831236273981630802e-02 2.973974405904300511e-02
3.210964822210371494e-02 3.916879559983499348e-02
3.741757269017398357e-02 3.320502306451089680e-02
3.441226063296198845e-02 4.170051313121803105e-02
3.735100547783076763e-02 3.693160697002895176e-02
4.046853817999362946e-02 3.604717002599500120e-02
3.393275896087288857e-02 3.866277667111717165e-02
3.910915879532694817e-02 3.329036556533537805e-02
3.426149813458323479e-02 4.078652555472217500e-02
4.017196362838149071e-02 3.594565144157968462e-02
3.396196104586124420e-02 4.236809941357932985e-02
3.801409667357802391e-02 3.556475168443284929e-02
3.452226589433848858e-02 3.690946227288804948e-02
3.923507849685847759e-02 3.156268814927898347e-02
3.171471809037029743e-02 4.081135740852914751e-02
3.976393048651516438e-02 3.620198307908140123e-02
3.904430754482746124e-02 4.069690764299593866e-02
3.681352199055254459e-02 3.890769134159199893e-02
3.818489972036331892e-02 3.698450696538202465e-02
3.635179647244513035e-02 3.955404038424603641e-02
3.611953624931629747e-02 3.895443436340428889e-02
4.254798287001904100e-02 3.793650623993016779e-02
3.595172589120920748e-02 3.913245550938881934e-02
3.405011071299668401e-02 3.823946529882960021e-02
4.186192851921077818e-02 3.489305914263240993e-02
3.474419702251907438e-02 4.350369606981985271e-02
3.735293004137929529e-02 4.069474569405429065e-02
3.656230423075612634e-02 3.752450828324072063e-02
