4.085306380613146909e-02 4.127446070863498295e-02
0.000000000000000000e+00 0.000000000000000000e+00
9.884919971227645874e-03 5.471143405884504318e-03
1.968829985707998276e-02 1.477006124332547188e-02
2.894300874322652817e-02 2.395653119310736656e-02
3.384436666965484619e-02 2.845689514651894569e-02
3.944695508107542992e-02 3.369317483156919479e-02
3.333943430334329605e-02 3.495853964705020189e-02
3.678079182282090187e-02 3.040345630142837763e-02
3.707716159988194704e-02 3.263127512764185667e-02
3.536592423915863037e-02 3.198507078923285007e-02
3.670892887748777866e-02 3.150864015333354473e-02
3.809422778431326151e-02 3.366404538974165916e-02
3.387142124120146036e-02 3.095887787640094757e-02
3.795325674582272768e-02 3.344748611561954021e-02
3.616392530966550112e-02 3.176302427891641855e-02
2.983148873317986727e-02 3.508044232148677111e-02
3.433792770374566317e-02 3.281695127952843904e-02
4.050048172939568758e-02 3.352944256039336324e-02
3.631662914995104074e-02 3.606155264424160123e-02
3.759457054547965527e-02 3.322324278997257352e-02
3.278192854486405849e-02 3.040892659919336438e-02
3.557934379205107689e-02 2.564921445446088910e-02
3.117664251476526260e-02 3.507417283253744245e-02
3.899002727121114731e-02 3.224447515094652772e-02
3.856150803039781749e-02 3.604473482118919492e-02
3.478690699557773769e-02 3.377682232530787587e-02
3.909741106326691806e-02 3.087308915564790368e-02
3.168524565990082920e-02 3.810609463835135102e-02
3.748211215133778751e-02 3.282976715127006173e-02
3.738753269863082096e-02 3.012699336977675557e-02
3.168380125862313434e-02 3.352767421165481210e-02
3.894819929701043293e-02 3.141040873015299439e-02
3.194019156944705173e-02 3.980940725887194276e-02
3.968931832787347957e-02 3.370662970701232553e-02
3.341275365528417751e-02 3.431863232981413603e-02
3.825526130822254345e-02 3.062774951104074717e-02
3.424435533088399097e-02 3.671602311078459024e-02
3.696181676787091419e-02 3.613886720268055797e-02
3.635692741227103397e-02 3.476294648135080934e-02
3.943143021751893684e-02 3.900741698453202844e-02
3.906650258431909606e-02 3.766716719837859273e-02
3.640112070570467040e-02 3.732824805774725974e-02
3.648035673541016877e-02 3.336394872167147696e-02
3.627336947829462588e-02 3.366065109730698168e-02
3.636036722309654579e-02 3.241457967669703066e-02
3.655357209936482832e-02 3.657131353975273669e-02
3.580467373103601858e-02 3.638332824630197138e-02
4.025940893188817427e-02 3.145596034300979227e-02
3.521260309935314581e-02 4.047342691046651453e-02
3.797955199115676805e-02 3.676807390002068132e-02
