2.373103025729252080e-02 4.714338990856489775e-02
0.000000000000000000e+00 0.000000000000000000e+00
8.866431191563606262e-03 9.980846196413040161e-03
1.449332293123006821e-02 1.995825860649347305e-02
1.981456670910120010e-02 2.991042286157608032e-02
2.218246599659323692e-02 3.852878790348768234e-02
2.331397437956184149e-02 4.724340513348579407e-02
2.220198058057576418e-02 4.740205958660226315e-02
2.013145422097295523e-02 4.834030578786041588e-02
2.022720073728123680e-02 5.096007404790725559e-02
1.838999664323637262e-02 5.483563347661402076e-02
2.057475483888993040e-02 4.918585914128925651e-02
2.057235277175095689e-02 4.818193636310752481e-02
2.037683403909795743e-02 4.851363263151142746e-02
1.867193502698683005e-02 4.732824048551265150e-02
2.014133725174360734e-02 5.458753534185234457e-02
2.074417502012693149e-02 5.121398043411318213e-02
2.062328130273272109e-02 4.724290200101677328e-02
2.116881875122089696e-02 4.820205755822826177e-02
2.277048251858104777e-02 4.565487215586472303e-02
2.375749608768273902e-02 4.761656835034955293e-02
2.199083176242311310e-02 5.404545967758167535e-02
1.812849315615494561e-02 5.600005220912862569e-02
1.758478674605612468e-02 5.351427821733523160e-02
1.750214729258914304e-02 5.096915453032124788e-02
1.683205639278639865e-02 4.501822772726882249e-02
1.822227268280585122e-02 5.375545746937859803e-02
1.684817700447638344e-02 5.481245166447479278e-02
1.421499769935508084e-02 5.146254862484056503e-02
1.557589327717323613e-02 5.024566916108597070e-02
1.499810849350069475e-02 5.239467644423712045e-02
1.335950474754099560e-02 5.127565174188930541e-02
1.152237515930210066e-02 4.771944328967947513e-02
1.431061711195980024e-02 5.117395434353966266e-02
1.462456787271548819e-02 4.790423678059596568e-02
1.508487425894600165e-02 5.142946152773220092e-02
1.585039574570146215e-02 4.781809316773433238e-02
1.596702653773718339e-02 4.886680592608172446e-02
1.642283396654420358e-02 5.450532522809226066e-02
1.514082210928791028e-02 5.200941472139675170e-02
1.562331574245945376e-02 5.002892653283197433e-02
1.537894266516559583e-02 5.176988274615723640e-02
1.799244405560784799e-02 5.087628991168458015e-02
1.966251847193234426e-02 5.156052736856509000e-02
2.040234558376141649e-02 5.399708771437872201e-02
1.857734437658109528e-02 5.329951965541113168e-02
1.906707639432170254e-02 5.153940997843164951e-02
1.806398563644506794e-02 5.128499232523608953e-02
1.811060481054482807e-02 5.535949645854998380e-02
1.734187002807630051e-02 5.284811086312402040e-02
1.793863650459570636e-02 4.957334110804367810e-02
