2.204706831192245961e-02 4.753936015193775677e-02
0.000000000000000000e+00 0.000000000000000000e+00
8.980071172118186951e-03 9.797737002372741699e-03
1.431290106847882271e-02 1.966033969074487686e-02
1.993818115442991257e-02 2.912877593189477921e-02
2.394741354510188103e-02 3.904057294130325317e-02
2.755732345394790173e-02 4.662650357931852341e-02
2.062697405926883221e-02 3.963711764663457870e-02
2.341668703593313694e-02 4.931147582828998566e-02
2.291477419203147292e-02 4.200581880286335945e-02
2.037483191816136241e-02 4.465193348005414009e-02
1.931194408098235726e-02 4.881611512973904610e-02
1.979714256594888866e-02 4.928693460533395410e-02
2.121774535044096410e-02 4.399157926673069596e-02
2.295486067305319011e-02 4.656063584843650460e-02
2.278001343074720353e-02 4.609432010329328477e-02
2.049348822038155049e-02 4.152017444721423090e-02
1.849771795968990773e-02 4.924002461484633386e-02
2.180091424088459462e-02 5.034087944659404457e-02
1.921297905209939927e-02 4.687658717739395797e-02
2.258658634673338383e-02 4.473484514164738357e-02
1.903959216724615544e-02 5.261989423888735473e-02
1.926776947220787406e-02 4.788880303385667503e-02
1.864813506836071610e-02 5.364646037924103439e-02
2.033481298713013530e-02 4.996660907636396587e-02
1.566990994615480304e-02 5.124618366244249046e-02
2.039328234968706965e-02 4.839254214311949909e-02
2.340253948932513595e-02 4.669858652050606906e-02
1.968487974954769015e-02 4.577782234991900623e-02
2.029732224764302373e-02 5.235473948414437473e-02
2.119384048273786902e-02 4.900184294092468917e-02
1.786665333202108741e-02 4.679661474074237049e-02
1.834746371605433524e-02 5.257076441193930805e-02
2.250334635027684271e-02 4.897063921089284122e-02
2.240673080086708069e-02 4.868339429958723485e-02
2.314375649439170957e-02 4.684652105788700283e-02
2.124393003759905696e-02 4.305386330815963447e-02
2.354261645814403892e-02 4.843776460620574653e-02
2.152538736118003726e-02 5.308211801457218826e-02
2.302075695479288697e-02 4.692218240234069526e-02
1.897065021330490708e-02 5.418644726159982383e-02
2.202444412978366017e-02 4.921636704239062965e-02
2.287106489529833198e-02 4.498539326596073806e-02
2.288079237314377679e-02 5.217679936322383583e-02
2.049450249160145177e-02 5.022740384447388351e-02
2.069809168733627303e-02 4.891147997113876045e-02
2.189249717321217759e-02 4.546678924816660583e-02
2.443518824566126568e-02 5.458639489370398223e-02
2.341843673184484942e-02 5.283752791001461446e-02
2.095428968004853232e-02 4.615585887222550809e-02
2.148977897286385996e-02 4.454195589642040431e-02
