2.253833154629173580e-02 4.742701684394032280e-02
0.000000000000000000e+00 0.000000000000000000e+00
9.532815776765346527e-03 9.658997878432273865e-03
1.820973772555589676e-02 1.926767081022262573e-02
2.461555832996964455e-02 2.920644264668226242e-02
2.840253221802413464e-02 3.890793863683938980e-02
2.915610774653032422e-02 4.802219942212104797e-02
2.616435039089992642e-02 5.025960644707083702e-02
2.519235067302361131e-02 5.408021039329469204e-02
2.460181526839733124e-02 5.467225256143137813e-02
2.501772812684066594e-02 5.074447364313527942e-02
2.456860832171514630e-02 4.852529073832556605e-02
2.148313756333664060e-02 5.148920923238620162e-02
2.104064638842828572e-02 4.858588072238489985e-02
2.001793557428754866e-02 4.645385843468829989e-02
1.804147372604347765e-02 4.518373595783486962e-02
1.722373496158979833e-02 4.647604929050430655e-02
1.769142280681990087e-02 4.844757303362712264e-02
1.908674006699584424e-02 4.522008163621649146e-02
1.893311327148694545e-02 5.011286347871646285e-02
1.997145959467161447e-02 4.960126249352470040e-02
2.053483076451811939e-02 5.242888053180649877e-02
2.155512037279549986e-02 4.871285759145393968e-02
2.239606915100011975e-02 5.022667249431833625e-02
1.961209428554866463e-02 5.173348978860303760e-02
1.763959777599666268e-02 4.808246222091838717e-02
1.795363675046246499e-02 4.879836522741243243e-02
1.962319742597173899e-02 5.020694335689768195e-02
2.027228601218666881e-02 4.582882899558171630e-02
2.085685140627902001e-02 4.099319729721173644e-02
2.098515159741509706e-02 4.680837871273979545e-02
2.276214720041025430e-02 4.631088080350309610e-02
2.342434048478025943e-02 5.019803100731223822e-02
2.064477682870347053e-02 4.906260909046977758e-02
2.218937985890079290e-02 5.024602112825959921e-02
2.108447901264298707e-02 5.410500930156558752e-02
2.278852213930804282e-02 5.129996465984731913e-02
2.243153502058703452e-02 4.954356420785188675e-02
2.075714823149610311e-02 5.071653472259640694e-02
1.924264845729339868e-02 5.129803763702511787e-02
2.247494990297127515e-02 4.694632999598979950e-02
2.290066056593786925e-02 4.993722192011773586e-02
2.330928378796670586e-02 4.541004798375070095e-02
2.527582216134760529e-02 4.924855241551995277e-02
2.456006816646549851e-02 5.433565611019730568e-02
2.384360607538837940e-02 5.242315772920846939e-02
2.634367749851662666e-02 5.216098550590686500e-02
2.621875570912379771e-02 5.204114440857665613e-02
2.764249251049477607e-02 5.330254318687366322e-02
2.824307962146122009e-02 5.653626676212297752e-02
2.598605195817071944e-02 5.684039707557531074e-02
