2.298614615530058386e-02 4.732233600221051606e-02
0.000000000000000000e+00 0.000000000000000000e+00
8.477220311760902405e-03 9.741873480379581451e-03
1.455769501626491547e-02 1.924989931285381317e-02
1.981072872877120972e-02 2.845362387597560883e-02
2.509171934798359871e-02 3.631579782813787460e-02
2.542178126168437302e-02 4.474094975739717484e-02
2.634221405605785549e-02 5.143790692090988159e-02
2.188180896337144077e-02 5.018272786401212215e-02
2.539837683434598148e-02 4.757773014716804028e-02
2.737683613668195903e-02 4.095952422358095646e-02
2.829797225422225893e-02 4.970849608071148396e-02
2.275108112371526659e-02 4.678542236797511578e-02
2.296232951630372554e-02 4.704593637143261731e-02
2.034667141560930759e-02 5.309007599134929478e-02
1.927132085256744176e-02 4.744385930825956166e-02
2.205386357672978193e-02 5.153776149381883442e-02
2.189073580666445196e-02 4.684098393772728741e-02
2.258117691962979734e-02 5.153564832289703190e-02
2.276895538670942187e-02 4.624004618381150067e-02
2.472947369096800685e-02 5.065629028831608593e-02
2.406316413544118404e-02 4.351397140999324620e-02
2.269468503072857857e-02 4.906430331175215542e-02
2.276498275023186579e-02 4.891097573272418231e-02
2.316903786413604394e-02 4.833628800406586379e-02
2.240600900404388085e-02 4.115324006124865264e-02
2.250698999705491588e-02 4.678674419119488448e-02
2.368524262419668958e-02 5.287784994288813323e-02
2.492559979873476550e-02 4.847223967954050750e-02
2.282283431122777984e-02 4.205906907736789435e-02
2.517277606966672465e-02 5.120903770148288459e-02
2.362882508168695495e-02 4.733659680641721934e-02
2.303578214923618361e-02 5.415436420298647135e-02
1.914367521385429427e-02 5.049573052383493632e-02
2.119728409888921306e-02 5.095530617109034210e-02
2.202223741187481210e-02 4.929406453447882086e-02
2.307576860039262101e-02 4.637913174519781023e-02
2.185465778893558308e-02 5.400350505078677088e-02
2.248272502765757963e-02 5.285758968966547400e-02
2.582938985869986936e-02 4.968763120996300131e-02
2.180126931489212438e-02 4.304865679296199232e-02
2.354556338832480833e-02 5.166221900435630232e-02
2.704705477663083002e-02 4.543087237107101828e-02
2.223165932082338259e-02 5.343506277131382376e-02
2.602964563266141340e-02 5.074700365366879851e-02
2.290141506091458723e-02 4.453911377640906721e-02
2.534817967534763739e-02 5.373429718019906431e-02
2.817791856796247885e-02 4.932459794508758932e-02
2.314981508970959112e-02 4.289887637423817068e-02
2.005087321595055982e-02 5.169235893117729574e-02
2.590272219822509214e-02 4.772494990902487189e-02
