2.448982716964817619e-02 4.695487798559060122e-02
0.000000000000000000e+00 0.000000000000000000e+00
8.602169342339038849e-03 8.939509280025959015e-03
1.446509547531604767e-02 1.886402070522308350e-02
1.967289624735713005e-02 2.849800512194633484e-02
2.368516754359006882e-02 3.808294702321290970e-02
2.359870564396260306e-02 4.722269903868436813e-02
2.359538924156368012e-02 4.478667397052049637e-02
2.238104064690560335e-02 4.957586899399757385e-02
2.239397008634114172e-02 4.887974931625649333e-02
2.110003194502496626e-02 4.591794445877894759e-02
2.011771340585255530e-02 5.426142964279279113e-02
2.346271396345400717e-02 5.440502676356118172e-02
2.223823851636552718e-02 5.402482960198540241e-02
2.092042755066358950e-02 5.117998698551673442e-02
2.180660909471043851e-02 4.936119839840102941e-02
2.319111055658140685e-02 5.064712565217632800e-02
1.991355125755944755e-02 4.618066696275491267e-02
2.077015463692077901e-02 5.577191112388391048e-02
2.176602543295302894e-02 5.079459499393124133e-02
2.322289880794414785e-02 5.009575859003234655e-02
2.385058455365651753e-02 4.912820832396391779e-02
2.149335193644219544e-02 5.615024083817843348e-02
2.324636866069340613e-02 5.203433522547129542e-02
2.150718149459862616e-02 5.255586038401816040e-02
2.041596946037316229e-02 5.268557797535322607e-02
1.929180141269171145e-02 4.822837570100091398e-02
1.805528815566503908e-02 4.836524584970902652e-02
1.932465009122097399e-02 5.090401395864319056e-02
2.045020511104667094e-02 5.006465360929723829e-02
2.023883631591161247e-02 4.273649210517760366e-02
2.086482332924788352e-02 5.162772907351609319e-02
2.072993563160707708e-02 4.795574930903967470e-02
2.042159009397437330e-02 4.402277966437395662e-02
2.131699609708448406e-02 5.176701791060622782e-02
2.039106954725866672e-02 4.901249239628668875e-02
1.810138459222798701e-02 4.686958923412021250e-02
2.007902619334345218e-02 4.804692404286470264e-02
2.103816859562357422e-02 4.997483627812471241e-02
1.986606537502666470e-02 4.683840424695517868e-02
2.002136408373189624e-02 4.489676035882439464e-02
1.908122956774604972e-02 4.863463422225322574e-02
2.052861742231470998e-02 4.630525676475372165e-02
2.156552718042803463e-02 4.542383940133731812e-02
2.178004905545094516e-02 4.648321300919633359e-02
2.345517671164998319e-02 4.526916115719359368e-02
2.175636866559216287e-02 4.612320392334368080e-02
2.137937941552081611e-02 5.374467941874172539e-02
2.457091244832554366e-02 4.904248109960462898e-02
2.163309962452331092e-02 4.538391936512198299e-02
2.290557287597039249e-02 5.365279070974793285e-02
