3.884864064563032029e-03 4.992451066279918193e-02
0.000000000000000000e+00 0.000000000000000000e+00
6.146484520286321640e-03 9.934510104358196259e-03
1.166234957054257393e-02 1.976121496409177780e-02
1.403843611478805542e-02 2.921685855835676193e-02
1.454131572972983122e-02 3.840273059904575348e-02
1.468546598334796727e-02 4.238955862820148468e-02
1.321022308547981083e-02 4.276515610399655998e-02
1.258698976016603410e-02 4.699229702237062156e-02
1.217435576836578548e-02 4.752394181559793651e-02
1.167032637749798596e-02 4.740200680680572987e-02
1.158996501180808991e-02 4.478977480903267860e-02
1.139981964661274105e-02 4.608800332061946392e-02
1.174961547076236457e-02 4.915887513197958469e-02
1.038718204654287547e-02 4.978678503539413214e-02
1.027378480648621917e-02 5.324338458012789488e-02
9.619219112209975719e-03 5.216055538039654493e-02
9.586317944922484457e-03 5.019001394975930452e-02
1.022432484023738652e-02 5.074657348450273275e-02
1.026958026341162622e-02 5.031359224813058972e-02
9.231880743755027652e-03 5.088010936742648482e-02
8.141690952470526099e-03 5.259439611108973622e-02
8.966252062236890197e-03 5.106391693698242307e-02
8.367990696569904685e-03 5.203984642866998911e-02
9.889173874398693442e-03 5.443142552394419909e-02
1.052072321181185544e-02 5.388103920267894864e-02
1.191913036745972931e-02 5.180376005591824651e-02
9.959625342162325978e-03 5.686525750206783414e-02
1.038912447984330356e-02 5.438132217386737466e-02
1.105220589670352638e-02 5.610030581010505557e-02
9.616170282242819667e-03 5.545203440124168992e-02
9.114681830396875739e-03 5.566597096913028508e-02
8.914890640880912542e-03 5.558034949353896081e-02
7.835401047486811876e-03 5.239935460849665105e-02
7.672055711736902595e-03 5.175347332260571420e-02
8.234808192355558276e-03 4.905584812513552606e-02
7.082177762640640140e-03 5.286153298220597208e-02
6.585572118638083339e-03 5.339099265984259546e-02
8.401824597967788577e-03 5.147226792178116739e-02
9.048219100804999471e-03 4.885786524391733110e-02
8.467387320706620812e-03 4.734295242815278471e-02
8.963047614088281989e-03 4.503921451396308839e-02
9.207835537381470203e-03 4.790867501287721097e-02
9.330059619969688356e-03 4.622133189695887268e-02
8.166656814864836633e-03 5.024479769053868949e-02
9.150265701464377344e-03 4.853049301891587675e-02
8.521015915903262794e-03 4.837478780245874077e-02
9.165361159830354154e-03 4.836386405986559112e-02
7.722281487076543272e-03 4.784609282978635747e-02
6.605399525142274797e-03 4.934271295678627212e-02
7.967328638187609613e-03 5.150391544339072425e-02
