2.222821777961620643e-02 4.749823759608147455e-02
0.000000000000000000e+00 0.000000000000000000e+00
9.036910720169544220e-03 9.961845353245735168e-03
1.468318607658147812e-02 1.988924201577901840e-02
1.849790709093213081e-02 2.985676191747188568e-02
2.112040296196937561e-02 3.973142243921756744e-02
2.301733742933720350e-02 4.876614920794963837e-02
2.512484078761190176e-02 4.534651339054107666e-02
2.327273075934499502e-02 4.324032249860465527e-02
2.351758664008229971e-02 4.421139898477122188e-02
2.322461910080164671e-02 4.981042788131162524e-02
2.298047131625935435e-02 5.012442514998838305e-02
2.395191852701827884e-02 4.793976590735837817e-02
2.352956120739690959e-02 4.804255173075944185e-02
2.035959201748482883e-02 5.364983819890767336e-02
2.219472356955520809e-02 5.236101767513900995e-02
2.249703355482779443e-02 4.830761917401105165e-02
2.382092535845004022e-02 4.505618650000542402e-02
2.331330181914381683e-02 4.745864227879792452e-02
2.079103837604634464e-02 4.713488536071963608e-02
2.060062478994950652e-02 4.905818778206594288e-02
2.168762631481513381e-02 4.709040120360441506e-02
2.384585555410012603e-02 4.603406207752414048e-02
2.149111212929710746e-02 4.948316936497576535e-02
1.898943906417116523e-02 4.728942530346103013e-02
2.267485501943156123e-02 5.064722665701992810e-02
2.284747126395814121e-02 5.140725857927463949e-02
2.057999323005788028e-02 4.544473029091022909e-02
2.198488541762344539e-02 4.959918241365812719e-02
2.076621001469902694e-02 5.128107647760771215e-02
2.254700250341556966e-02 4.979931094567291439e-02
2.460097250877879560e-02 4.718211988802067935e-02
2.210184987052343786e-02 4.907654141425155103e-02
2.071237142081372440e-02 5.092099876492284238e-02
2.209185293759219348e-02 4.906628103344701231e-02
2.186530582548584789e-02 4.625526894233189523e-02
2.129358465026598424e-02 5.298626641160808504e-02
2.312311103742104024e-02 5.114473271532915533e-02
2.156893727078568190e-02 5.367878833203576505e-02
2.194666977447923273e-02 5.043661509989760816e-02
2.094760535692330450e-02 4.991863403120078146e-02
2.139007805089931935e-02 4.534027879708446562e-02
2.178463219024706632e-02 5.164232445531524718e-02
2.295123338990379125e-02 4.792167912819422781e-02
2.041686182201374322e-02 5.203147293650545180e-02
2.145970585115719587e-02 4.689718145527876914e-02
2.228178382210899144e-02 4.583223655936308205e-02
1.924382751167286187e-02 4.996789505821652710e-02
1.953453484748024493e-02 5.096775703714229167e-02
1.907729510276112705e-02 4.770427886978723109e-02
2.271828999801073223e-02 4.866509497514925897e-02
