2.320387805650112739e-02 4.727065355562809490e-02
0.000000000000000000e+00 0.000000000000000000e+00
6.725504063069820404e-03 9.836823679506778717e-03
1.072813943028450012e-02 1.972573250532150269e-02
1.284712506458163261e-02 2.970471605658531189e-02
1.664032274857163429e-02 3.945275768637657166e-02
2.117330115288496017e-02 4.913040623068809509e-02
2.038281841669231653e-02 5.463809473440051079e-02
2.198946033604443073e-02 5.041805002838373184e-02
2.119259035680443048e-02 5.691016139462590218e-02
2.283780963625758886e-02 5.755031405715271831e-02
2.026472601573914289e-02 5.317985703004524112e-02
2.127387200016528368e-02 5.173135636141523719e-02
2.208810718730092049e-02 5.073765519773587584e-02
1.974796154536306858e-02 4.617419274291023612e-02
2.216212241910398006e-02 5.319890746613964438e-02
2.248006549780257046e-02 4.755239508813247085e-02
2.176302523002959788e-02 5.399909283732995391e-02
2.111456068814732134e-02 5.049459257861599326e-02
2.015319143538363278e-02 5.218549520941451192e-02
1.904753121198154986e-02 4.706733935745432973e-02
1.856831883196718991e-02 5.679768027039244771e-02
2.116678448510356247e-02 5.085674935253337026e-02
2.028284347034059465e-02 5.853745836066082120e-02
1.862078646081499755e-02 5.535048927413299680e-02
1.823039332521148026e-02 5.733783688629046082e-02
1.838446059264242649e-02 5.577209027251228690e-02
2.182612335309386253e-02 5.150368198519572616e-02
2.141601717448793352e-02 5.658537609269842505e-02
2.081116239423863590e-02 5.492470070021227002e-02
1.842226480948738754e-02 4.913113993825390935e-02
1.854200934758409858e-02 5.763360374839976430e-02
1.986818638397380710e-02 5.600138840964064002e-02
1.798636111197993159e-02 5.170053330948576331e-02
1.857124362140893936e-02 5.125845878501422703e-02
1.460499502718448639e-02 5.456265879911370575e-02
1.781301712617278099e-02 5.021331951138563454e-02
2.083619334734976292e-02 4.671252428670413792e-02
2.050891140243038535e-02 5.216650155489332974e-02
1.945233024889603257e-02 4.531872135703451931e-02
2.168738289037719369e-02 5.024607389350421727e-02
2.153931124485097826e-02 5.326262910966761410e-02
2.271212203777395189e-02 5.490408735931850970e-02
2.511093005887232721e-02 5.483589428331470117e-02
2.319069494842551649e-02 5.807782071497058496e-02
2.336629023193381727e-02 5.539710554148769006e-02
2.073184130131267011e-02 5.082322996895527467e-02
2.282866122550331056e-02 4.832816533598816022e-02
2.369012476992793381e-02 4.973410898674046621e-02
2.093112588045187294e-02 4.863538141216849908e-02
2.282373307389207184e-02 5.545703149255132303e-02
