4.088038961177908881e-02 4.126222518210446999e-02
0.000000000000000000e+00 0.000000000000000000e+00
9.232880547642707825e-03 8.601759560406208038e-03
1.873066928237676620e-02 1.403466099873185158e-02
2.770553156733512878e-02 2.127562835812568665e-02
3.669540677219629288e-02 2.278985094744712114e-02
3.037583734840154648e-02 2.847728563938289881e-02
3.618260286748409271e-02 3.239544213283807039e-02
3.436755808070302010e-02 3.162864927435293794e-02
3.804411669261753559e-02 3.194577220710925758e-02
3.769189139711670578e-02 3.589257012936286628e-02
4.074768090504221618e-02 3.090846419217996299e-02
3.583592988434247673e-02 3.636284705135039985e-02
4.310911960783414543e-02 3.039580929907970130e-02
3.507261417689733207e-02 3.999016594025306404e-02
4.341194752487353981e-02 3.338749680551700294e-02
3.669795647147111595e-02 4.070424076053313911e-02
4.077514421078376472e-02 3.541788106667809188e-02
4.176719914539717138e-02 3.170188909280113876e-02
3.784797675325535238e-02 4.085318578290753067e-02
4.226034422754310071e-02 3.386951397988013923e-02
3.704556924640201032e-02 3.418335269088856876e-02
4.249843311845324934e-02 3.528812839067541063e-02
4.057552290032617748e-02 3.704238482168875635e-02
4.492434344138018787e-02 3.291774945682846010e-02
3.705215032096020877e-02 4.062692806473933160e-02
4.351054687867872417e-02 3.496361323050223291e-02
3.709762307698838413e-02 4.154470734647475183e-02
4.491221110220067203e-02 3.490921933553181589e-02
3.759302987600676715e-02 4.250246458104811609e-02
4.209211838315241039e-02 3.576738139963708818e-02
3.558643625001423061e-02 3.889777799486182630e-02
3.796646880800835788e-02 3.219809997244738042e-02
3.960598990670405328e-02 3.542528123944066465e-02
3.903282628743909299e-02 3.509840878541581333e-02
3.411014200537465513e-02 3.641322648036293685e-02
4.053626777022145689e-02 3.204082671436481178e-02
3.512832763954065740e-02 4.111405622097663581e-02
3.876687292358838022e-02 3.416995305451564491e-02
3.626706972136162221e-02 3.762373581412248313e-02
3.697092665242962539e-02 3.291882222401909530e-02
3.509514228790067136e-02 3.662421760964207351e-02
3.604892626754008234e-02 3.252397963660769165e-02
3.851172825670801103e-02 3.758415041374973953e-02
3.753978273016400635e-02 3.512828165548853576e-02
3.467765476671047509e-02 3.676818296662531793e-02
3.703903107088990510e-02 3.644477532361634076e-02
4.022174145211465657e-02 3.136362091754563153e-02
3.238045240868814290e-02 3.846065516700036824e-02
3.900540017639286816e-02 3.377028697286732495e-02
3.430254248087294400e-02 3.719166506198234856e-02
