2.504279287582749855e-02 4.681352449414494243e-02
0.000000000000000000e+00 0.000000000000000000e+00
6.961717270314693451e-03 9.915200993418693542e-03
1.514908950775861740e-02 1.927416399121284485e-02
1.945756096392869949e-02 2.785984613001346588e-02
2.403065562248229980e-02 3.779920190572738647e-02
2.551640628371387720e-02 4.770847782492637634e-02
2.594491120544262230e-02 5.412746407091617584e-02
2.326414178241975605e-02 4.939290275797247887e-02
2.306245814543217421e-02 5.136756156571209431e-02
2.255280863028019667e-02 5.235207057558000088e-02
2.621797320898622274e-02 4.715714068152010441e-02
2.507999539375305176e-02 5.226617888547480106e-02
2.801422472111880779e-02 4.750823345966637135e-02
2.359768585301935673e-02 4.458889923989772797e-02
2.481293864548206329e-02 5.352900456637144089e-02
2.413408883148804307e-02 4.805141733959317207e-02
2.221737633226439357e-02 5.038635409437119961e-02
2.562967309495434165e-02 5.059488570259418339e-02
2.317161223618313670e-02 5.044540976814460009e-02
2.607263944810256362e-02 4.501581173099111766e-02
2.728727838257327676e-02 5.311381052888464183e-02
2.667563164141029119e-02 5.053420136391650885e-02
2.558538282755762339e-02 4.743175096518825740e-02
2.318277221638709307e-02 5.294020594737958163e-02
2.406915050232782960e-02 5.082390019379090518e-02
2.087649569148197770e-02 4.482359513349365443e-02
1.953337719896808267e-02 5.168750025040935725e-02
2.373129181796684861e-02 5.574679588607978076e-02
2.324471468455158174e-02 5.172650310851167887e-02
2.305216187960468233e-02 5.436231223575305194e-02
2.337429398903623223e-02 4.909974829934071749e-02
2.249004837358370423e-02 5.103028430312406272e-02
2.620050526456907392e-02 4.729899791709613055e-02
2.691026183310896158e-02 5.396297601691912860e-02
2.617272885981947184e-02 4.806439699314069003e-02
2.682251366786658764e-02 5.605553397617768496e-02
2.476997883059084415e-02 5.001206583983730525e-02
2.428814859013073146e-02 5.128752654127310961e-02
2.665542458998970687e-02 4.782953047833871096e-02
2.521343211992643774e-02 5.140755073807667941e-02
2.474810104467906058e-02 4.635340654931496829e-02
2.620959971682168543e-02 5.288796154491137713e-02
2.346052500070072711e-02 4.770847763575147837e-02
2.361876341456081718e-02 5.163353383250068873e-02
2.364368888447643258e-02 4.893146645918022841e-02
2.417010162389487959e-02 4.623832115612458438e-02
2.451508256854140200e-02 5.227392799861263484e-02
2.316349718967103399e-02 5.254375106596853584e-02
2.325186584130278789e-02 4.744521771499421448e-02
2.187946062986156903e-02 5.430160892137791961e-02
