1.925501580459538760e-03 4.998146049975289718e-02
0.000000000000000000e+00 0.000000000000000000e+00
5.803699139505624771e-03 9.927121922373771667e-03
1.008647168055176735e-02 1.981476228684186935e-02
1.104174338979646564e-02 2.960684988647699356e-02
9.706121345516294241e-03 3.889157995581626892e-02
1.050323690287768841e-02 4.310323949903249741e-02
6.952118128538131714e-03 4.474200599361211061e-02
3.549420274794101715e-03 4.566147318109869957e-02
3.368839665199629962e-03 5.018621543422341347e-02
2.331525713088922203e-03 4.886075295507907867e-02
3.362274001119658351e-04 4.739047866314649582e-02
1.203703854116611183e-03 4.954440682195127010e-02
-4.402738559292629361e-04 4.861257044831290841e-02
-2.245303898234851658e-03 5.450405419105663896e-02
-9.264152758987620473e-04 5.491985380649566650e-02
-1.764881555573083460e-03 5.472631752490997314e-02
-2.848316929885186255e-03 5.487329183961264789e-02
-2.982497710036113858e-03 5.243862044881097972e-02
-1.448059600079432130e-03 5.298474323353730142e-02
-2.364143641898408532e-03 4.973953505395911634e-02
-3.195996774593368173e-03 5.226878411485813558e-02
-2.767900732578709722e-03 5.204734452127013355e-02
-3.747286653378978372e-03 4.913958570978138596e-02
-3.096743690548464656e-03 5.268418918421957642e-02
-2.197127236286178231e-03 5.111305009631905705e-02
-1.184822205686941743e-03 5.367969152575824410e-02
-1.364841344184242189e-03 5.514239660988096148e-02
-1.803645354812033474e-03 5.321864424331579357e-02
-1.834937793319113553e-03 5.516180921404156834e-02
-7.733444945188239217e-04 5.586427736852783710e-02
-1.165877431049011648e-03 4.995622865681070834e-02
-1.178020685074443463e-03 5.041781773616094142e-02
-5.601589373327442445e-04 5.363701570604462177e-02
4.616492333298083395e-06 5.139011547726113349e-02
-4.763882179759093560e-04 5.458044337865430862e-02
1.737755067551916000e-03 5.302131648932117969e-02
1.713891242616227828e-04 5.051544432353693992e-02
-1.281634978113288525e-03 5.530042418104130775e-02
-1.606296093996206764e-03 5.523495682427892461e-02
-3.530357193994859699e-03 5.550299891183385625e-02
-2.808484176966885570e-03 5.407426312012830749e-02
-2.406909815363178495e-03 5.512566635297844186e-02
-1.264683422959933523e-03 5.448030602565268055e-02
-1.189867998618865386e-05 5.601223713165381923e-02
5.181356236789724790e-04 5.842854749789694324e-02
1.460947575651516672e-03 5.900182136247167364e-02
1.336342872491513845e-03 5.859762200998375192e-02
3.615456384977733251e-03 5.993064764334121719e-02
4.552497396616672631e-03 5.755477204365888610e-02
5.688015938176249620e-03 5.759457125532208011e-02
