5.906274333532436638e-02 3.069443815843565793e-02
0.000000000000000000e+00 0.000000000000000000e+00
9.916144423186779022e-03 5.890870001167058945e-03
1.978463772684335709e-02 1.359059195965528488e-02
2.935780864208936691e-02 1.675935112871229649e-02
3.815227840095758438e-02 2.066701720468699932e-02
4.647134523838758469e-02 2.388011990115046501e-02
5.361595703288912773e-02 2.039259136654436588e-02
5.944383936002850533e-02 2.591922204010188580e-02
6.044779613148421049e-02 2.413305570371448994e-02
5.950835900148376822e-02 2.457541038165800273e-02
5.796387390000745654e-02 2.699902813765220344e-02
5.600310344016179442e-02 2.043206404778175056e-02
5.940478452248498797e-02 2.769505672040395439e-02
5.804107437143102288e-02 2.375068209948949516e-02
5.662106646923348308e-02 2.981303326669149101e-02
5.831180937821045518e-02 2.066012725117616355e-02
5.938905238872393966e-02 3.007370207342319191e-02
5.730830918764695525e-02 2.209513701382093132e-02
5.975411174586042762e-02 3.052842032047919929e-02
5.567465437343344092e-02 2.143269657972268760e-02
5.580816997098736465e-02 2.859814997646026313e-02
5.642091404297389090e-02 2.083492904785089195e-02
6.055684588500298560e-02 2.976662080618552864e-02
5.656221104436554015e-02 2.109854735317640007e-02
5.980091766105033457e-02 2.335384042817167938e-02
6.092401457135565579e-02 3.214135413873009384e-02
5.555863541667349637e-02 2.309254297870211303e-02
5.592813770635984838e-02 2.906700011226348579e-02
5.468008617754094303e-02 2.153194622951559722e-02
5.967462525586597621e-02 2.587295949342660606e-02
5.656580740469507873e-02 1.970971908303909004e-02
5.659111792010662612e-02 2.689424363779835403e-02
5.943307692905364092e-02 2.223945708828978240e-02
5.577085556251404341e-02 2.907443579169921577e-02
5.729825916023401078e-02 2.199540307628922164e-02
6.232742015527037438e-02 2.683160567539744079e-02
6.021325062283722218e-02 1.735819896566681564e-02
6.309262691320327576e-02 2.631806788849644363e-02
6.265318215264414903e-02 1.817286034929566085e-02
5.841435732691024896e-02 2.807949876296333969e-02
5.880078733571281191e-02 2.284118460374884307e-02
6.115897595554997679e-02 2.586983234505169094e-02
5.728449779235234018e-02 1.716055345605127513e-02
5.872076344348897692e-02 2.693479970912449062e-02
5.668040285490860697e-02 2.295539664919488132e-02
5.542406337008287665e-02 2.670129106263630092e-02
5.735837588690628763e-02 2.079706449876539409e-02
5.541406410884519573e-02 2.904086557100526989e-02
5.484876591617648955e-02 2.116055038641206920e-02
5.304691808669304010e-02 3.062213675002567470e-02
