4.341291885636040793e-02 4.008506244861613499e-02
0.000000000000000000e+00 0.000000000000000000e+00
8.721891790628433228e-03 8.987524546682834625e-03
1.805985998362302780e-02 1.687889080494642258e-02
2.724919468164443970e-02 2.446094015613198280e-02
3.306044498458504677e-02 3.231506282463669777e-02
3.744742181152105331e-02 3.296818787930533290e-02
3.666893212357535958e-02 3.687984513817355037e-02
3.576564940158277750e-02 3.101614833576604724e-02
3.619347483618184924e-02 3.064218879444524646e-02
3.110319533152505755e-02 3.316640615230426192e-02
4.007172927958890796e-02 3.526669269194826484e-02
3.329149232013151050e-02 3.727948310552164912e-02
3.783140861196443439e-02 3.550916322274133563e-02
3.912539914017543197e-02 3.479827952105551958e-02
3.301094420021399856e-02 3.276400512550026178e-02
3.919083013897761703e-02 3.079781017731875181e-02
3.624951507663354278e-02 3.662151040043681860e-02
4.000331548741087317e-02 3.367228864226490259e-02
3.659649769542738795e-02 3.908109909389168024e-02
3.772973577724769711e-02 3.417046938557177782e-02
3.919924300862476230e-02 3.475996287306770682e-02
4.055427230196073651e-02 3.908739605685696006e-02
3.800722473533824086e-02 3.380306757753714919e-02
4.095640295417979360e-02 3.389294064982095733e-02
3.993401344632729888e-02 3.535133988043526188e-02
3.736478876089677215e-02 3.214166864199796692e-02
3.973820264218375087e-02 3.248131974396528676e-02
4.308677715016528964e-02 3.023908776958705857e-02
4.084767861058935523e-02 3.522478254308225587e-02
4.169905942399054766e-02 3.183048521896125749e-02
4.099280398804694414e-02 3.300796298572095111e-02
4.438514739740639925e-02 3.395222331892000511e-02
4.251689172815531492e-02 3.371274795063072816e-02
4.314383241580799222e-02 3.442751130933174863e-02
4.123149375664070249e-02 3.062165532173821703e-02
4.488292319001629949e-02 3.751323236065218225e-02
4.272644087905064225e-02 3.352452678518602625e-02
4.172127117635682225e-02 3.412510196358198300e-02
4.324339976301416755e-02 3.322175305947894230e-02
4.079083557007834315e-02 3.289760213374393061e-02
4.132696858141571283e-02 3.632217139966087416e-02
4.309104196727275848e-02 3.069882799900369719e-02
4.120968759525567293e-02 3.674108914128737524e-02
3.880272863898426294e-02 3.424608876957790926e-02
3.887223122728755698e-02 3.035326192184584215e-02
3.630365846765926108e-02 3.500492760940687731e-02
4.007760641252389178e-02 3.130740655615227297e-02
3.873364204628160223e-02 3.432644840358989313e-02
4.446073990402510390e-02 3.540737502771662548e-02
4.438670616946183145e-02 3.652486200007842854e-02
