2.458953312617612880e-02 4.692963871095716388e-02
0.000000000000000000e+00 0.000000000000000000e+00
6.963402964174747467e-03 9.752473793923854828e-03
1.596833206713199615e-02 1.946024596691131592e-02
1.968412008136510849e-02 2.927226014435291290e-02
2.231527399271726608e-02 3.871648944914340973e-02
2.705445466563105583e-02 4.754779487848281860e-02
2.680620073806494474e-02 4.751793056857422926e-02
2.190648799296468496e-02 4.487205547411576845e-02
2.321894408669322729e-02 4.895176802892819978e-02
2.715805626939982176e-02 4.794948670678422786e-02
2.158732188399881124e-02 4.378842172809527256e-02
2.473971492145210505e-02 5.127535370775149204e-02
2.029461332131177187e-02 4.664099478759453632e-02
2.282631944399327040e-02 4.565468518194393255e-02
1.713473664131015539e-02 4.519799081390374340e-02
2.141687495168298483e-02 4.655074209222220816e-02
2.290760620962828398e-02 4.793364854776882567e-02
2.186854230239987373e-02 4.900434820228838362e-02
2.011494152247905731e-02 5.343761176118277945e-02
2.041544549865648150e-02 4.946861855933093466e-02
1.978979283012449741e-02 4.594440709115588106e-02
1.968440884229494259e-02 4.999149075956665911e-02
2.531784172606421635e-02 4.929307217025780119e-02
2.241334091377211735e-02 4.882177230683737434e-02
1.992412172694457695e-02 4.548784913276904263e-02
1.964590453280834481e-02 5.228862454896443523e-02
2.119268674141494557e-02 5.050599095193319954e-02
1.955645879934309050e-02 4.663161523421877064e-02
2.331471861543832347e-02 4.791378145819180645e-02
2.248450344632146880e-02 4.133966760491603054e-02
2.137297158333240077e-02 4.820550754448049702e-02
1.831904774735448882e-02 4.977149560363614000e-02
2.407763455266831443e-02 5.261061617420637049e-02
2.212270837480900809e-02 5.090237150216125883e-02
2.372734643722651526e-02 4.619034586721681990e-02
1.996922468970296904e-02 4.875116047696792521e-02
1.905637955496786162e-02 4.968868193464004435e-02
2.147528970817802474e-02 4.632234151722514071e-02
2.158992851036600769e-02 4.780892187045537867e-02
2.388880561920814216e-02 5.222869894714676775e-02
2.358364296378567815e-02 5.212799392393208109e-02
2.687298000091686845e-02 4.729417644193745218e-02
2.530774177284911275e-02 5.000629255300736986e-02
2.193967654602602124e-02 4.576744863516069017e-02
2.595962100895121694e-02 5.493230258798575960e-02
2.259937400231137872e-02 4.952091749510145746e-02
2.376904716948047280e-02 5.614632300785160623e-02
2.395966996846254915e-02 5.100533717995858751e-02
1.922937737253960222e-02 4.588275382047868334e-02
2.779789057967718691e-02 5.397813280796981417e-02
