4.368173968347729280e-02 3.995501997234465752e-02
0.000000000000000000e+00 0.000000000000000000e+00
9.978181682527065277e-03 8.860979229211807251e-03
1.985279005020856857e-02 1.810981519520282745e-02
2.857858128845691681e-02 2.451299410313367844e-02
3.467897092923521996e-02 3.088896255940198898e-02
4.326344141736626625e-02 2.641584584489464760e-02
3.522286145016551018e-02 3.198964195325970650e-02
4.016843996942043304e-02 2.902426035143435001e-02
4.685152834281325340e-02 3.685298492200672626e-02
4.113853117451071739e-02 3.945173067040741444e-02
4.800980910658836365e-02 3.416038374416530132e-02
4.060568939894437790e-02 4.262530873529613018e-02
4.703799821436405182e-02 3.754653246141970158e-02
4.232816072180867195e-02 4.021993069909512997e-02
4.837240558117628098e-02 3.828389081172645092e-02
4.218520736321806908e-02 4.266261239536106586e-02
4.757021507248282433e-02 3.774922504089772701e-02
4.152572480961680412e-02 4.077126877382397652e-02
4.824232403188943863e-02 3.666494973003864288e-02
4.142037453129887581e-02 4.392148135229945183e-02
4.552205139771103859e-02 3.799875965341925621e-02
4.288159543648362160e-02 3.657043806742876768e-02
4.829954449087381363e-02 3.675219288561493158e-02
4.393513407558202744e-02 4.345335217658430338e-02
4.446924891090020537e-02 3.919086011592298746e-02
4.159149265615269542e-02 3.828918491490185261e-02
4.898123460588976741e-02 3.683289210312068462e-02
4.231723741395398974e-02 4.374676034785807133e-02
4.814414324937388301e-02 3.799083339981734753e-02
4.412797995610162616e-02 4.230552655644714832e-02
4.321675311075523496e-02 3.879337781108915806e-02
4.514123807894065976e-02 3.599030128680169582e-02
3.884977783309295774e-02 3.138586343266069889e-02
4.587549139978364110e-02 3.137290836366446456e-02
3.768968471558764577e-02 4.062493876608641585e-02
4.242341389181092381e-02 3.679743022712500533e-02
4.401217441773042083e-02 3.608269725282298168e-02
3.839768230682238936e-02 4.092744380523072323e-02
3.957228717627003789e-02 3.650887884487019619e-02
4.438031819881871343e-02 3.638120688901835820e-02
3.965672879712656140e-02 4.140448611633473774e-02
4.485177044989541173e-02 3.783432901309424778e-02
3.826673032017424703e-02 3.778279066591494484e-02
4.288887867005541921e-02 3.327337379141681595e-02
3.876878257142379880e-02 3.915017709641688270e-02
4.343251680256798863e-02 3.781084524507605238e-02
3.787737415404990315e-02 4.076443420763098402e-02
4.490992828505113721e-02 3.569712111766421003e-02
3.820781997637823224e-02 3.813594876828574343e-02
4.029532481217756867e-02 3.312572435515903635e-02
