4.128778149815526266e-02 4.107864238645957122e-02
0.000000000000000000e+00 0.000000000000000000e+00
9.632344357669353485e-03 9.024285711348056793e-03
1.841384638100862503e-02 1.769720017910003662e-02
2.763644140213727951e-02 2.487722691148519516e-02
3.465833235532045364e-02 2.289518481120467186e-02
3.647040412761271000e-02 2.540446398779749870e-02
3.816448012366890907e-02 3.058145614340901375e-02
3.795576433185487986e-02 3.171757434029132128e-02
4.366079403553158045e-02 3.241174790309742093e-02
3.694449749309569597e-02 4.061179450945928693e-02
4.391907772514969110e-02 3.419765346916392446e-02
3.882869018707424402e-02 4.235204291762784123e-02
4.020181670784950256e-02 3.707275103079155087e-02
4.114960803417488933e-02 3.289256274001672864e-02
3.562998789129778743e-02 3.354404505807906389e-02
4.305133566958829761e-02 2.837564575020223856e-02
3.640958358300849795e-02 3.693284338805824518e-02
3.960594924865290523e-02 3.029976563993841410e-02
3.773836774053052068e-02 3.704639116767793894e-02
4.259964154334738851e-02 3.056497231591492891e-02
3.783046995522454381e-02 3.943856817204505205e-02
4.355631145881488919e-02 3.638860222417861223e-02
4.186585050774738193e-02 3.391770005691796541e-02
3.933045145822688937e-02 3.268119576387107372e-02
4.074626910733059049e-02 3.263233425968792289e-02
4.300497384974732995e-02 3.297505142109002918e-02
4.047268192516639829e-02 3.908303134085144848e-02
4.424739984096959233e-02 3.365785894857253879e-02
4.043571260990574956e-02 3.721406041586305946e-02
4.582391289295628667e-02 3.215751620882656425e-02
3.877813491271808743e-02 3.916748716437723488e-02
4.579523327993229032e-02 3.440013351792003959e-02
3.929606295423582196e-02 4.153872896858956665e-02
4.436463193269446492e-02 3.683094923326279968e-02
4.270107584306970239e-02 3.570221665722783655e-02
4.000929562607780099e-02 3.269475953129585832e-02
3.974640637170523405e-02 3.445613394433166832e-02
4.379949846770614386e-02 3.077293942624237388e-02
3.758573520462960005e-02 3.893932430946733803e-02
4.527598840650171041e-02 3.570267894247081131e-02
3.965204709675163031e-02 3.617783523804973811e-02
4.374055739026516676e-02 3.502246357675176114e-02
3.738392086233943701e-02 3.213216822769027203e-02
4.114394157659262419e-02 3.216336529658292420e-02
3.783187910448759794e-02 3.742010148198460229e-02
4.418882390018552542e-02 3.475544067987357266e-02
4.041896539274603128e-02 4.271118274846230634e-02
4.322199651505798101e-02 3.753959412642871030e-02
4.108030034694820642e-02 3.557453702160273679e-02
3.916607692372053862e-02 3.670767615039949305e-02
