2.454036336606918445e-02 4.694209903783438942e-02
0.000000000000000000e+00 0.000000000000000000e+00
9.370977990329265594e-03 9.988257661461830139e-03
1.638014335185289383e-02 1.988733839243650436e-02
2.132824901491403580e-02 2.975943591445684433e-02
2.537839161232113838e-02 3.820497076958417892e-02
2.893847925588488579e-02 4.679648391902446747e-02
2.761262399144470692e-02 5.110265733674168587e-02
2.881512744352221489e-02 5.417132005095481873e-02
2.764949959237128496e-02 5.548678140621632338e-02
2.826597850071266294e-02 5.627505521988496184e-02
2.753976447274908423e-02 5.968715035123750567e-02
2.859565120888873935e-02 5.956354223599191755e-02
3.032428963342681527e-02 5.664642898773308843e-02
3.203875879989936948e-02 5.693070498818997294e-02
3.014895069645717740e-02 5.629426626546774060e-02
3.108889685245230794e-02 5.510010327270720154e-02
2.988860831828787923e-02 5.308164576126728207e-02
2.870943298330530524e-02 5.229693873843643814e-02
2.804923587245866656e-02 5.588436093239579350e-02
2.708771760808303952e-02 5.505438476393464953e-02
2.900466736173257232e-02 5.480926424206700176e-02
2.760609326651319861e-02 5.505881695717107505e-02
2.638046856736764312e-02 5.564633871836122125e-02
2.587278006831184030e-02 5.461410548014100641e-02
2.793627959908917546e-02 5.377995756862219423e-02
2.785664958355482668e-02 5.449177410628180951e-02
3.057152660039719194e-02 5.612101223960053176e-02
3.025983723637182266e-02 5.670715593441855162e-02
2.878289257932920009e-02 5.818316600925754756e-02
3.011151340615469962e-02 5.868835588626097888e-02
3.058063295611646026e-02 5.907689828018192202e-02
2.969042629410978407e-02 5.862866838288027793e-02
2.695419172232504934e-02 5.535333238367456943e-02
2.914537883771117777e-02 5.314232136879581958e-02
2.881435073504690081e-02 5.422797340725082904e-02
2.731732944084797055e-02 5.172102230426389724e-02
2.714916030527092516e-02 5.309839740220922977e-02
2.773190653533674777e-02 5.276976422464940697e-02
2.584560078685171902e-02 5.271023468230850995e-02
2.397099664085544646e-02 4.969560939935036004e-02
2.198090674937702715e-02 4.890205580159090459e-02
2.124717956758104265e-02 5.004918409395031631e-02
2.220943334395997226e-02 4.734870741958729923e-02
2.375763535383157432e-02 5.423303876887075603e-02
2.499177571735344827e-02 5.445594583579804748e-02
2.509026285406434909e-02 5.765400674135889858e-02
2.358738179464126006e-02 5.653075662849005312e-02
2.269438203802565113e-02 5.775818308757152408e-02
2.438405206339666620e-02 5.776308020494980155e-02
2.331421551207313314e-02 5.776554545309409150e-02
