2.309347391866486965e-02 4.729692421843532946e-02
0.000000000000000000e+00 0.000000000000000000e+00
8.946876041591167450e-03 9.694931097328662872e-03
1.599234296008944511e-02 1.942306011915206909e-02
2.065945323556661606e-02 2.925819903612136841e-02
2.427926822565495968e-02 3.898498322814702988e-02
2.706180722452700138e-02 4.858865309506654739e-02
2.380981249734759331e-02 4.209474148228764534e-02
2.571534796152263880e-02 4.921977082267403603e-02
2.381492243148386478e-02 4.265385447070002556e-02
2.191428351216018200e-02 4.445566830690950155e-02
2.274849102832376957e-02 5.365540401544421911e-02
2.569369599223136902e-02 4.809431440662592649e-02
2.688767714425921440e-02 4.788351543538738042e-02
2.700940294016618282e-02 4.728960282227490097e-02
2.307329241011757404e-02 4.022009474283549935e-02
2.466769640159327537e-02 4.922084686404559761e-02
2.268083284434396774e-02 4.329725856950972229e-02
2.403287235938478261e-02 5.269496738037560135e-02
2.302158479869831353e-02 4.954855040705297142e-02
2.647465346672106534e-02 5.100671121908817440e-02
2.500616079487372190e-02 4.681681994406972080e-02
2.382568125904072076e-02 4.927926663367543370e-02
2.405866984918247908e-02 4.874581996409688145e-02
2.350349251355510205e-02 5.101197179465088993e-02
2.451687869324814528e-02 5.037847634230274707e-02
2.513519818603526801e-02 4.639863975171465427e-02
2.560403758252505213e-02 5.343263743270654231e-02
2.803201369533780962e-02 5.121076952491421252e-02
2.609440208470914513e-02 5.398883701127488166e-02
2.799548501207027584e-02 4.683654273685533553e-02
2.740721877489704639e-02 5.276733946811873466e-02
2.416588675987441093e-02 4.724070553493220359e-02
2.525782953307498246e-02 4.566467409313190728e-02
2.708381782576907426e-02 4.691608315624762326e-02
2.510391730174887925e-02 4.742251879360992461e-02
2.609696525905746967e-02 4.751413828489603475e-02
2.415660997212398797e-02 4.658861167990835384e-02
2.291166987561155111e-02 4.617093512933934107e-02
2.117292019829619676e-02 5.170324035134399310e-02
2.533702315122354776e-02 4.807846862968290225e-02
2.510379196610301733e-02 5.319389151554787531e-02
2.238030743319541216e-02 5.064518037397647277e-02
2.405659144278615713e-02 4.518142608139896765e-02
2.243825979530811310e-02 5.199056989658856764e-02
2.474362798966467381e-02 5.034710057225311175e-02
2.297566959168761969e-02 5.349105722416425124e-02
2.360452240100130439e-02 5.166441863548243418e-02
2.249167097033932805e-02 4.796276693377876654e-02
2.463958977023139596e-02 5.242314315546536818e-02
2.213328011566773057e-02 4.964752295200014487e-02
