2.173761402943245533e-02 4.760879128596677556e-02
0.000000000000000000e+00 0.000000000000000000e+00
9.139723144471645355e-03 9.993970394134521484e-03
1.652614492923021317e-02 1.990517601370811462e-02
2.210508845746517181e-02 2.970990631729364395e-02
2.726483717560768127e-02 3.962173406034708023e-02
2.981233736500144005e-02 4.941821750253438950e-02
2.918033028254285455e-02 5.212584068067371845e-02
2.613415155792608857e-02 5.319280433468520641e-02
2.369964570971205831e-02 5.306985545030329376e-02
2.214950899360701442e-02 5.090393232239875942e-02
1.987817039480432868e-02 5.253163621819112450e-02
2.057969203451648355e-02 5.182032754237297922e-02
1.912334252847358584e-02 5.041454966703895479e-02
1.995547697879374027e-02 5.169946247769985348e-02
1.929929782636463642e-02 5.143110149947460741e-02
2.017946646083146334e-02 4.996842505352105945e-02
2.162870333995670080e-02 5.204427368880715221e-02
2.159699307230766863e-02 5.384128457808401436e-02
2.175207481195684522e-02 5.552650928439106792e-02
2.000185834185685962e-02 5.781709552684333175e-02
2.045777307648677379e-02 5.721386497316416353e-02
1.833303908642847091e-02 5.695908195048104972e-02
1.921312192280311137e-02 5.776562220125924796e-02
1.924545624933671206e-02 5.753505832399241626e-02
2.028744439303409308e-02 5.681938954512588680e-02
2.033054927960620262e-02 5.721394842839799821e-02
2.071597316898987629e-02 5.546634501661173999e-02
2.158115600832388736e-02 5.416879602125845850e-02
2.072504198076785542e-02 5.492044516722671688e-02
1.939931314336718060e-02 5.196084335329942405e-02
2.117965382421971299e-02 5.251010370557196438e-02
2.049153671032399870e-02 5.518585516256280243e-02
1.971290156143368222e-02 5.396535471663810313e-02
1.971173986692065228e-02 5.409306005458347499e-02
2.075294476833278168e-02 5.480357122723944485e-02
2.125993710376405943e-02 5.433552694739773870e-02
2.226673825077796209e-02 5.150985444197431207e-02
2.100675450071776140e-02 5.065347341587767005e-02
1.928897727646017302e-02 5.175466561922803521e-02
1.871427348248744238e-02 5.163514102605404332e-02
1.985872433886015642e-02 5.286028225236805156e-02
2.033645437347786356e-02 5.526431871840031818e-02
1.979578721818597842e-02 5.379091343638719991e-02
1.852251698744566966e-02 5.405918678297894076e-02
1.737491476831110049e-02 5.468082743027480319e-02
1.823904265199871588e-02 5.539067701465683058e-02
1.689763476622374583e-02 5.638695188827114180e-02
1.735561776456506777e-02 5.361919065035181120e-02
1.763943005369128514e-02 5.031744746520416811e-02
1.781479764338200766e-02 4.965620901930378750e-02
