2.393052021369363250e-02 4.709443960547896046e-02
0.000000000000000000e+00 0.000000000000000000e+00
9.724344126880168915e-03 9.436205029487609863e-03
1.775065995752811432e-02 1.806353591382503510e-02
1.980028720572590828e-02 2.769683022052049637e-02
2.453887881711125374e-02 3.672363888472318649e-02
2.817623061127960682e-02 4.644504655152559280e-02
2.324630436487495899e-02 4.569974832702428102e-02
2.406848844839259982e-02 4.628454142948612571e-02
2.652435580966994166e-02 4.323932219995185733e-02
2.679244079627096653e-02 5.132742197019979358e-02
2.722898282809183002e-02 4.516389052150771022e-02
2.571230573812499642e-02 4.692643677117303014e-02
2.363844803767278790e-02 4.779729759320616722e-02
2.431173971854150295e-02 4.675658862106502056e-02
3.122278978116810322e-02 4.964427626691758633e-02
2.673541544936597347e-02 4.350815364159643650e-02
2.541118685621768236e-02 5.019807373173534870e-02
2.635714237112551928e-02 4.463037732057273388e-02
2.388485625851899385e-02 4.904211289249360561e-02
3.086412150878459215e-02 4.366861819289624691e-02
3.109008152387104928e-02 5.192812415771186352e-02
2.890764325275085866e-02 4.526225035078823566e-02
2.523081641993485391e-02 5.042802984826266766e-02
2.846295930794440210e-02 4.509957483969628811e-02
2.679123796406202018e-02 5.164686101488769054e-02
3.016276258858852088e-02 4.680877481587231159e-02
3.046474594157189131e-02 4.461227869614958763e-02
2.829617878887802362e-02 4.793783277273178101e-02
2.811316690349485725e-02 4.638554726261645555e-02
2.734258554119151086e-02 4.331824707332998514e-02
2.907931459776591510e-02 4.879290016833692789e-02
2.959436427045147866e-02 4.742383281700313091e-02
2.627296948048751801e-02 4.430917906574904919e-02
2.915900123480241746e-02 4.583039449062198400e-02
2.792270858481060714e-02 4.245912714395672083e-02
3.063114247925113887e-02 4.790028010029345751e-02
2.504945480905007571e-02 4.597692470997571945e-02
2.393002719327341765e-02 4.697779391426593065e-02
3.135840971663128585e-02 4.378528462257236242e-02
2.632194948091637343e-02 4.143704951275140047e-02
2.782427500642370433e-02 5.006171588320285082e-02
2.885357085324358195e-02 4.728983656968921423e-02
2.765326392545830458e-02 4.710833744320552796e-02
2.863444334070663899e-02 4.553111099812667817e-02
2.517468055884819478e-02 4.643367671815212816e-02
2.569635350664611906e-02 5.129994892922695726e-02
2.472390436741989106e-02 4.451903676090296358e-02
2.601505063648801297e-02 5.077438916487153620e-02
2.413823576353024691e-02 4.465759474260266870e-02
2.471357675676699728e-02 5.232053225336130708e-02
