2.213477957615085298e-02 4.751949309299764723e-02
0.000000000000000000e+00 0.000000000000000000e+00
9.609040804207324982e-03 9.418314322829246521e-03
1.786820963025093079e-02 1.771420985460281372e-02
2.434781379997730255e-02 2.751564886420965195e-02
2.836600225418806076e-02 3.641632944345474243e-02
3.124370495788753033e-02 4.625274054706096649e-02
2.720233122818171978e-02 5.132656916975975037e-02
2.458884590305387974e-02 4.373133322224020958e-02
2.610025275498628616e-02 5.118450056761503220e-02
2.734815108124166727e-02 5.502857454121112823e-02
2.375629299785941839e-02 5.528551107272505760e-02
2.469270938308909535e-02 4.752658680081367493e-02
2.360638260142877698e-02 5.558603815734386444e-02
2.295983134536072612e-02 4.897836642339825630e-02
2.163068827940151095e-02 5.134776653721928596e-02
2.185285743325948715e-02 4.788316925987601280e-02
2.074224594980478287e-02 5.631249165162444115e-02
2.298938878811895847e-02 5.153321614488959312e-02
2.240855403942987323e-02 5.019291455391794443e-02
2.050978020997717977e-02 4.922366974642500281e-02
2.205299813067540526e-02 4.959972377400845289e-02
1.723460288485512137e-02 4.613573371898382902e-02
2.072330674855038524e-02 4.694406327325850725e-02
2.154207072453573346e-02 5.134164879564195871e-02
2.041615446796640754e-02 4.745027737226337194e-02
1.928844238864257932e-02 5.291493132244795561e-02
1.994075562106445432e-02 4.630382999312132597e-02
1.930819655535742640e-02 5.243693094234913588e-02
1.984278584131971002e-02 4.927123605739325285e-02
2.527007466414943337e-02 4.952072439482435584e-02
2.285062271403148770e-02 4.750559682724997401e-02
2.250937421922571957e-02 5.396515846950933337e-02
2.085382063523866236e-02 4.989349393872544169e-02
2.275053461198695004e-02 4.971093565109185874e-02
2.265468557743588462e-02 4.763656525756232440e-02
2.381041963963070884e-02 4.944011472980491817e-02
2.347492476837942377e-02 5.009736560168676078e-02
2.317585072159999982e-02 4.882268697838298976e-02
2.718123255908722058e-02 5.486927038873545825e-02
2.348480650834972039e-02 4.796375936712138355e-02
2.190263159718597308e-02 5.022856427240185440e-02
2.383922457374865189e-02 4.692880061338655651e-02
2.507292500376934186e-02 5.358517772401683033e-02
2.690794456430012360e-02 4.825871295179240406e-02
2.323267280735308304e-02 4.827647990350669716e-02
2.398613628611201420e-02 4.564888434288150165e-02
2.392890450209961273e-02 5.266265090358501766e-02
2.118152153343544342e-02 4.785994844314700458e-02
2.531372435987577774e-02 4.206257065561658237e-02
2.544994958225288428e-02 5.095678413090354297e-02
