4.267826108742589497e-02 4.043542464407136328e-02
0.000000000000000000e+00 0.000000000000000000e+00
9.600483812391757965e-03 8.384573273360729218e-03
1.906777638942003250e-02 1.586656039580702782e-02
2.757775783538818359e-02 1.884862850420176983e-02
3.616113495081663132e-02 2.248583850450813770e-02
4.410081636160612106e-02 2.638483094051480293e-02
3.863125341013073921e-02 3.036219161003828049e-02
4.477025754749774933e-02 3.301789076067507267e-02
4.191857343539595604e-02 3.300776154719642363e-02
4.047145380172878504e-02 3.382953317122883163e-02
4.548751015681773424e-02 3.038625386761850677e-02
4.406783601734787226e-02 3.283444061162299477e-02
3.959657589439302683e-02 2.983960174242383800e-02
4.777382744941860437e-02 3.061629199874005280e-02
4.158926440868526697e-02 3.255515239652595483e-02
4.353362869005650282e-02 3.388302350867888890e-02
3.942092310171574354e-02 3.328811077153659426e-02
4.057401069439947605e-02 2.953353689736104570e-02
3.798843757249414921e-02 3.136121076749986969e-02
4.645668738521635532e-02 2.917286092633730732e-02
3.865643613971769810e-02 2.882884975042543374e-02
4.060685739386826754e-02 2.771710030719987117e-02
4.287122713867574930e-02 2.892408481784514152e-02
3.973347542341798544e-02 3.297389865838340484e-02
4.548431967850774527e-02 2.931247357264510356e-02
4.051910981070250273e-02 3.628933321670047008e-02
4.387831909116357565e-02 3.481142592136166058e-02
4.079467395786195993e-02 3.413940858081332408e-02
4.267267079558223486e-02 3.179380794972530566e-02
4.316179722081869841e-02 3.011257139951339923e-02
4.052060109097510576e-02 2.981802372596575879e-02
4.078846078482456505e-02 3.012093930374248885e-02
4.167111855349503458e-02 3.322293195742531680e-02
3.560849963105283678e-02 3.112397464792593382e-02
4.047286309651099145e-02 3.014515788163407706e-02
3.968706409796141088e-02 3.144691610577865504e-02
4.044608390540815890e-02 3.014057600739761256e-02
3.983047461952082813e-02 2.980489458059309982e-02
3.858705385937355459e-02 3.403457381864427589e-02
4.613548106863163412e-02 3.266248630461632274e-02
4.100996823399327695e-02 3.700487280366360210e-02
4.270700897905044258e-02 3.421717497622012161e-02
4.047681667725555599e-02 2.899753010933636688e-02
3.867809634539298713e-02 3.530115994726656936e-02
4.167266699369065464e-02 2.886605437015532516e-02
3.769000523607246578e-02 3.062736556967138313e-02
4.125724543700926006e-02 3.420470270430087112e-02
4.312210073112510145e-02 3.423573407417279668e-02
3.788794213323853910e-02 3.279272413419676013e-02
4.196050585596822202e-02 3.512785995917511173e-02
