2.192876657872580223e-02 4.756602480544012967e-02
0.000000000000000000e+00 0.000000000000000000e+00
9.555106051266193390e-03 9.942288510501384735e-03
1.867003086954355240e-02 1.982153393328189850e-02
2.643766161054372787e-02 2.966808062046766281e-02
3.011927590705454350e-02 3.940733615309000015e-02
3.131775953806936741e-02 4.669666802510619164e-02
2.966879226732999086e-02 5.139045137912034988e-02
2.912437118357047439e-02 5.424220208078622818e-02
2.802697935840114951e-02 5.217994214035570621e-02
2.927927888231351972e-02 5.091871623881161213e-02
2.948001063487026840e-02 5.159606103552505374e-02
2.894095280498731881e-02 5.135808711929712445e-02
2.950885631435085088e-02 4.910374166502151638e-02
2.864024679001886398e-02 4.839021446241531521e-02
2.852508943033171818e-02 4.636404769553337246e-02
2.800832792854635045e-02 4.503341393137816340e-02
2.589528972021071240e-02 4.982948351243976504e-02
2.534235471830470487e-02 4.997209477005526423e-02
2.403323764883680269e-02 4.956228722585365176e-02
2.437052959430729970e-02 5.030234326841309667e-02
2.444082016154425219e-02 4.880094347754493356e-02
2.414352770574623719e-02 5.348154582316055894e-02
2.402438219723990187e-02 5.046681623207405210e-02
2.370589432393899187e-02 4.878094355808570981e-02
2.479186114942422137e-02 4.458463221089914441e-02
2.389076115650823340e-02 4.851247352780774236e-02
2.562146781565388665e-02 4.689444048563018441e-02
2.661356326279928908e-02 4.832730157067999244e-02
2.731895443139364943e-02 4.713071096921339631e-02
2.763611313275760040e-02 5.203169217566028237e-02
2.684058606246253476e-02 4.895603359909728169e-02
2.647899329167557880e-02 5.238980712601915002e-02
2.789620338444365188e-02 5.327442230191081762e-02
2.693067548534600064e-02 5.185265839099884033e-02
2.525229460297850892e-02 5.055111646652221680e-02
2.711935643310425803e-02 4.821232915855944157e-02
2.572996739036170766e-02 4.985809919890016317e-02
2.547247413167497143e-02 4.686318163294345140e-02
2.539228145178640261e-02 4.261874139774590731e-02
2.623428285733098164e-02 4.930858418811112642e-02
2.533051794307539240e-02 5.002970737405121326e-02
2.649105134332785383e-02 5.073168198578059673e-02
2.920216139318654314e-02 5.054009835293982178e-02
2.703845318319508806e-02 5.034110943961422890e-02
2.989500927651533857e-02 4.832097578037064523e-02
2.837647489650407806e-02 5.075623669836204499e-02
2.755984894611174241e-02 4.933472494303714484e-02
2.673120969120645896e-02 4.805778192530851811e-02
2.730311625782633200e-02 4.621567593130748719e-02
2.755136244377354160e-02 4.913333865988533944e-02
