2.182532495704552974e-02 4.758921656883698115e-02
0.000000000000000000e+00 0.000000000000000000e+00
9.196570143103599548e-03 9.664444252848625183e-03
1.668735034763813019e-02 1.951474603265523911e-02
2.295179106295108795e-02 2.916708867996931076e-02
2.822373853996396065e-02 3.832031413912773132e-02
2.981776220258325338e-02 4.539370210841298103e-02
2.877213945612311363e-02 4.420083854347467422e-02
2.582628838717937469e-02 5.154667561873793602e-02
2.927819360047578812e-02 4.509105393663048744e-02
2.944550383836030960e-02 5.096324626356363297e-02
2.972973455325700343e-02 4.690366238355636597e-02
3.012928116368129849e-02 4.826533526647835970e-02
2.675102354260161519e-02 4.255065938923507929e-02
3.047958953538909554e-02 4.890907660592347383e-02
2.407156821573153138e-02 4.225622641388326883e-02
2.770454861456528306e-02 4.646818118635565042e-02
2.843273017788305879e-02 5.374851648230105639e-02
2.763818838866427541e-02 4.924615204799920321e-02
2.627502422546967864e-02 4.902471722743939608e-02
2.532707020873203874e-02 4.855862141994293779e-02
2.890251326607540250e-02 4.845581055997172371e-02
2.131010295124724507e-02 4.164754265366354957e-02
2.981870790245011449e-02 5.065690578339854255e-02
2.203223929973319173e-02 4.509339287324110046e-02
2.393663622206076980e-02 4.927514252631226555e-02
2.805397933116182685e-02 4.577345439611235633e-02
2.411274280166253448e-02 4.533538589748786762e-02
3.135087894042953849e-02 4.844537488679634407e-02
2.702554775169119239e-02 4.286686582054244354e-02
2.680155170673970133e-02 4.617562442581402138e-02
2.680591595890291501e-02 4.910992057557450607e-02
2.561178102223493624e-02 4.962657957366900519e-02
2.558353378481115215e-02 4.399923288292484358e-02
2.774452392986859195e-02 4.788021167769329622e-02
2.408272701359237544e-02 4.401190003409283236e-02
3.098913629582966678e-02 4.886459542467491701e-02
2.523509108505095355e-02 4.390105588390724733e-02
2.959401787302340381e-02 4.128424759983317927e-02
2.908440054670791142e-02 4.984015535592334345e-02
2.606097170428256504e-02 4.306896898924605921e-02
3.179907965750317089e-02 4.957953171833651140e-02
2.416779407576541416e-02 4.285703256755368784e-02
2.660495652162353508e-02 5.121485266863601282e-02
2.491631223165313713e-02 4.538460943876998499e-02
2.737192231506924145e-02 4.050764191924827173e-02
2.795359088850091211e-02 4.303911078750388697e-02
2.731577473969082348e-02 4.540730809821980074e-02
2.738467055678484030e-02 4.385091219592140988e-02
2.411606941677746363e-02 4.192669731128262356e-02
2.966956734962877817e-02 4.764586309465812519e-02
