2.320487072418261909e-02 4.727041674977018604e-02
0.000000000000000000e+00 0.000000000000000000e+00
8.814327418804168701e-03 9.655280970036983490e-03
1.520716398954391479e-02 1.909254584461450577e-02
2.036531642079353333e-02 2.766686212271451950e-02
2.364388899877667427e-02 3.652130160480737686e-02
2.436685637803748250e-02 4.429387114942073822e-02
2.047736063832417130e-02 5.203487165272235870e-02
2.397984388517215848e-02 4.527373751625418663e-02
2.236451389035210013e-02 4.913960164412856102e-02
2.365839475532993674e-02 5.011632980313152075e-02
2.113273384748026729e-02 4.796723194885998964e-02
2.156340601504780352e-02 5.400803836528211832e-02
2.575778486789204180e-02 4.793671995867043734e-02
2.406488606357015669e-02 4.701708053471520543e-02
2.632239638478495181e-02 5.419799528317525983e-02
2.176517006591893733e-02 4.809969087364152074e-02
2.441502912552095950e-02 5.136121652321889997e-02
2.509786587324924767e-02 5.203933495795354247e-02
2.224332609330303967e-02 4.568669520085677505e-02
2.429016868700273335e-02 5.219123320421203971e-02
2.572104966384358704e-02 4.517373110866174102e-02
2.357178603415377438e-02 4.789945151424035430e-02
2.897081620176322758e-02 4.883529088692739606e-02
2.228987871785648167e-02 4.849013171042315662e-02
2.699461861629970372e-02 5.043652732274495065e-02
2.298280040849931538e-02 4.467931188992224634e-02
2.671871337224729359e-02 5.251192938885651529e-02
2.733253510086797178e-02 5.067218616022728384e-02
2.364152958034537733e-02 5.008480980177409947e-02
2.703545973054133356e-02 4.451992225949652493e-02
2.562852072878740728e-02 5.138224319671280682e-02
2.183269904344342649e-02 4.444684277405031025e-02
2.506629502750001848e-02 5.381951577146537602e-02
2.571969662676565349e-02 4.903389004175551236e-02
2.649838241632096469e-02 4.344299345393665135e-02
2.794416699907742441e-02 4.817479013581760228e-02
2.542651150724850595e-02 5.398235426400788128e-02
2.136724101728759706e-02 5.475681167445145547e-02
2.324427463463507593e-02 4.872457342571578920e-02
2.556814518175087869e-02 5.143171627423726022e-02
2.153938016272149980e-02 5.350987854762934148e-02
2.717046797624789178e-02 4.868945860653184354e-02
2.718781292787753046e-02 4.531451602815650403e-02
2.637892068014480174e-02 5.203886059462092817e-02
2.407566798501648009e-02 5.140737679903395474e-02
2.137079849489964545e-02 5.049938350566662848e-02
2.957771453657187521e-02 5.237951656454242766e-02
2.399566225358285010e-02 4.732486713328398764e-02
2.621163419098593295e-02 5.159866545000113547e-02
2.948418669984675944e-02 5.189873071503825486e-02
