2.469013670070249050e-02 4.690406157484125482e-02
0.000000000000000000e+00 0.000000000000000000e+00
8.466294035315513611e-03 8.979418314993381500e-03
1.517396699637174606e-02 1.883445587009191513e-02
2.178640384227037430e-02 2.843908593058586121e-02
2.436579368077218533e-02 3.799695242196321487e-02
2.761859796009957790e-02 4.720575641840696335e-02
2.219249424524605274e-02 4.777023382484912872e-02
2.436662139371037483e-02 5.346280848607420921e-02
2.276916743721812963e-02 5.060092848725616932e-02
1.905941136647015810e-02 5.653788498602807522e-02
2.732603915501385927e-02 5.186257534660398960e-02
2.534465806093066931e-02 4.818535340018570423e-02
2.504466014215722680e-02 4.816327107255347073e-02
2.439577714540064335e-02 5.589263795991428196e-02
2.020555618219077587e-02 5.049297868390567601e-02
2.386143198236823082e-02 5.540946780820377171e-02
2.630700566805899143e-02 5.101621293579228222e-02
2.480467653367668390e-02 4.624522340600378811e-02
2.788322058040648699e-02 5.464954816852696240e-02
2.096193248871713877e-02 5.190643764217384160e-02
2.374778909143060446e-02 4.715525920619256794e-02
2.522525470703840256e-02 5.125368156586773694e-02
2.268801978789269924e-02 4.379670092021115124e-02
2.677201922051608562e-02 5.302273159031756222e-02
2.026746445335447788e-02 4.899793866206891835e-02
2.860837825573980808e-02 4.860479955095797777e-02
2.248406666330993176e-02 4.861209396722188103e-02
1.918445620685815811e-02 5.204920419009795296e-02
2.382409851998090744e-02 4.844189057575931656e-02
2.729890984483063221e-02 5.382429337578287232e-02
2.156032924540340900e-02 4.886858439522256958e-02
2.483781939372420311e-02 4.624442914018800366e-02
2.339739992748945951e-02 5.054020480702092755e-02
2.109132602345198393e-02 5.099621372164619970e-02
2.542402816470712423e-02 4.618697849900854635e-02
2.240132295992225409e-02 5.236734127493036794e-02
2.219633424829225987e-02 4.745592599601877737e-02
2.306287251121830195e-02 5.241260541470182943e-02
2.952074007771443576e-02 4.742811204732788610e-02
2.220440124801825732e-02 4.358912472480369615e-02
2.488643843389581889e-02 5.323528990948034334e-02
2.035040715418290347e-02 4.914254908317161608e-02
2.216843578207772225e-02 4.618900854939056444e-02
2.649242586630862206e-02 5.045975631901455927e-02
2.082715292635839432e-02 4.631389471569491434e-02
2.584070448938291520e-02 5.300621808373762178e-02
2.018665165815036744e-02 4.538573118725253153e-02
2.775908650073688477e-02 5.179142187216712045e-02
2.109984138223808259e-02 4.693955396169258165e-02
2.576304289686959237e-02 4.514538209286911297e-02
