4.753648415557277032e-03 4.988695023245663662e-02
0.000000000000000000e+00 0.000000000000000000e+00
5.690376739948987961e-03 9.393012151122093201e-03
1.166277145966887474e-02 1.938566006720066071e-02
1.464156946167349815e-02 2.927053347229957581e-02
1.659885840490460396e-02 3.919604420661926270e-02
1.758268312551081181e-02 4.712178558111190796e-02
1.648820005357265472e-02 5.192369082942605019e-02
1.610532306949608028e-02 4.967358522117137909e-02
1.440411651856265962e-02 4.919514650828205049e-02
1.427595163113437593e-02 5.217026695027016103e-02
1.487974668270908296e-02 5.457970834686420858e-02
1.619560024118982255e-02 5.258775744005106390e-02
1.600580832746345550e-02 5.428016334190033376e-02
1.630461473541799933e-02 5.547719864989630878e-02
1.536535822378937155e-02 5.247073338250629604e-02
1.474742732534650713e-02 5.255856678559212014e-02
1.368384448869619519e-02 5.281770633155247197e-02
1.409631695423740894e-02 5.025426189968129620e-02
1.432863797526806593e-02 5.423611294099828228e-02
1.470028722542338073e-02 5.036586065398296341e-02
1.290273512131534517e-02 5.244024059356888756e-02
1.432065325207076967e-02 5.422477501997491345e-02
1.549831460579298437e-02 5.357102592097362503e-02
1.487851093406789005e-02 5.394491989136440679e-02
1.469580244156531990e-02 5.676667036459548399e-02
1.748462018440477550e-02 5.431864799902541563e-02
1.568643396603874862e-02 5.329005786188645288e-02
1.446668754215352237e-02 5.327454217695049010e-02
1.409942100872285664e-02 5.102659607291570865e-02
1.374552381457760930e-02 5.190653822137392126e-02
1.349207712337374687e-02 5.427908317869878374e-02
1.282482221722602844e-02 5.503464830326265655e-02
1.380544144194573164e-02 5.269189193131751381e-02
1.299764891155064106e-02 5.438265032353228889e-02
1.293940921459579840e-02 5.402493007932207547e-02
1.288656433462165296e-02 5.321697602266795002e-02
1.299957474111579359e-02 5.644991635563201271e-02
1.354387003812007606e-02 5.311519270981079899e-02
1.275350412470288575e-02 5.473121165050542913e-02
1.267082473350455984e-02 5.681079023270285688e-02
1.480333945801248774e-02 5.294323156340396963e-02
1.355118836363544688e-02 5.384375995708978735e-02
1.159147122962167487e-02 5.552155678378767334e-02
1.285770159302046522e-02 5.316204731570906006e-02
1.192956728482386097e-02 4.849265949087566696e-02
1.354905400512507185e-02 5.693302736835903488e-02
1.435867699183290824e-02 5.692374632963037584e-02
1.489166288956766948e-02 5.522362872761732433e-02
1.491896777588408440e-02 5.358792174411064480e-02
1.413247855089139193e-02 5.376061428432876710e-02
