2.392929904505470412e-02 4.709474057441187522e-02
0.000000000000000000e+00 0.000000000000000000e+00
6.605557166039943695e-03 9.942643344402313232e-03
1.293649757280945778e-02 1.980160921812057495e-02
1.713991956785321236e-02 2.973743341863155365e-02
2.109483210369944572e-02 3.951564710587263107e-02
2.156433908385224640e-02 4.935612063854932785e-02
2.383118940633721650e-02 5.419376678764820099e-02
1.886792274308390915e-02 5.331110785482451320e-02
1.881436499024857767e-02 5.448902788339182734e-02
2.144249699267675169e-02 5.734453367767855525e-02
1.834866249191691168e-02 5.261788767529651523e-02
1.934098448327858932e-02 5.358594935387372971e-02
1.784138947914470918e-02 5.825523147359490395e-02
1.622918581779231317e-02 5.216942261904478073e-02
1.584670281226863153e-02 5.929024377837777138e-02
2.175583325515617616e-02 5.495733534917235374e-02
2.000219615365494974e-02 5.142307630740106106e-02
1.812460339351673611e-02 5.487703415565192699e-02
1.932450566164334305e-02 5.401511525269597769e-02
2.033141763604362495e-02 5.013243306893855333e-02
1.846876771378447302e-02 5.803676892537623644e-02
1.774427686541457660e-02 5.236320674885064363e-02
1.856676613169838674e-02 5.938082758802920580e-02
2.260490072148968466e-02 5.401948012877255678e-02
1.776682523268391378e-02 5.190152453724294901e-02
1.927320748291094787e-02 6.074028054717928171e-02
2.172863037048955448e-02 5.443603091407567263e-02
2.068369063272257335e-02 4.864384431857615709e-02
1.983249998374958523e-02 5.187079927418380976e-02
2.072799178495188244e-02 5.601934914011508226e-02
2.085035773416166194e-02 5.268316937144845724e-02
1.841921675440971740e-02 4.928378236945718527e-02
2.293645953250234015e-02 5.705556168686598539e-02
1.788281313565676101e-02 5.231712886597961187e-02
2.160495020871167071e-02 6.133212370332330465e-02
2.029623430644278415e-02 5.666831077542155981e-02
1.842721332286600955e-02 5.240165896248072386e-02
1.734175371893798001e-02 5.996776034589856863e-02
2.338622023307834752e-02 5.688190984074026346e-02
1.759570722424541600e-02 4.948791267815977335e-02
2.224580642723594792e-02 5.827957449946552515e-02
1.812660719224368222e-02 5.724493681918829679e-02
1.731977904637460597e-02 5.375152116175740957e-02
1.672094491732423194e-02 5.687256099190562963e-02
1.778885514431749471e-02 5.141625308897346258e-02
2.115887777836178429e-02 5.602170468773692846e-02
1.803271800235961564e-02 5.111232807394117117e-02
2.046553629406844266e-02 5.689993908163160086e-02
1.949730656997417100e-02 5.249105289112776518e-02
2.237246280492399819e-02 5.583274422679096460e-02
