4.128482986444326208e-02 4.107998036376585282e-02
0.000000000000000000e+00 0.000000000000000000e+00
9.875442832708358765e-03 9.565217420458793640e-03
1.954442262649536133e-02 1.851741690188646317e-02
2.902954816818237305e-02 2.169150952249765396e-02
3.567659109830856323e-02 2.663970831781625748e-02
4.142738319933414459e-02 3.031609300523996353e-02
4.185168838012032211e-02 3.115052345674484968e-02
3.812604045378975570e-02 3.813507908489555120e-02
3.929214327945373952e-02 3.350662940647453070e-02
4.483985723345540464e-02 2.832790452521294355e-02
3.627687980770133436e-02 3.716370358597487211e-02
4.132920326082967222e-02 3.312930965330451727e-02
4.091110112494789064e-02 3.119835944380611181e-02
3.724790699197910726e-02 3.292360866907984018e-02
4.371230964898131788e-02 2.975401433650404215e-02
3.696285290061496198e-02 3.679154173005372286e-02
4.435048354207538068e-02 3.454976750072091818e-02
3.679297454073093832e-02 3.313720715232193470e-02
4.521942380233667791e-02 2.851461688987910748e-02
3.657467997982166708e-02 3.760025254450738430e-02
4.202833547606132925e-02 3.401285875588655472e-02
3.992785475566051900e-02 2.991474978625774384e-02
4.460727245896123350e-02 2.947692925226874650e-02
3.676932872622273862e-02 3.811809493345208466e-02
3.881783186807297170e-02 3.245046528172679245e-02
4.151598279713653028e-02 3.091174576547928154e-02
3.864552322193048894e-02 3.085723016556585208e-02
4.281296776025556028e-02 2.677072268124902621e-02
3.434783508419059217e-02 3.026702846545958892e-02
3.813871913007460535e-02 2.959685590030858293e-02
4.263642136356793344e-02 3.000719453120836988e-02
4.042941806255839765e-02 3.083591603353852406e-02
4.451811182661913335e-02 2.899993208848172799e-02
3.664490915252827108e-02 3.744203595124417916e-02
3.780447339522652328e-02 3.315779145486885682e-02
4.171583263087086380e-02 2.636669667117530480e-02
3.756623130175285041e-02 3.292834756575757638e-02
4.303805922972969711e-02 2.669434573181206360e-02
4.226573501364327967e-02 3.279083033703500405e-02
4.303765090298838913e-02 3.350795646110782400e-02
3.922320160199888051e-02 3.047204277390846983e-02
3.670772470650263131e-02 2.468003126705298200e-02
4.426530635100789368e-02 2.700877402821788564e-02
3.593576958519406617e-02 3.034002500498900190e-02
4.058869861182756722e-02 2.385452742601046339e-02
3.474687857669778168e-02 3.048678607592592016e-02
3.836693198536522686e-02 2.687094666907796636e-02
4.056149141979403794e-02 2.600526370952138677e-02
3.832344969850964844e-02 3.094918261194834486e-02
4.209015917149372399e-02 2.524492637166986242e-02
