4.082164335080919887e-02 4.128851753719815776e-02
0.000000000000000000e+00 0.000000000000000000e+00
9.669516235589981079e-03 9.805603884160518646e-03
1.915678475052118301e-02 1.835817284882068634e-02
2.797943819314241409e-02 2.478751586750149727e-02
3.153883432969450951e-02 2.839374821633100510e-02
3.736182069405913353e-02 3.120676660910248756e-02
4.032725188881158829e-02 2.932377730030566454e-02
3.564467700198292732e-02 3.583344828803092241e-02
4.416075861081480980e-02 3.284216776955872774e-02
3.920648852363228798e-02 3.597375762183219194e-02
4.274867335334420204e-02 3.191061795223504305e-02
3.553053131327033043e-02 3.254886448848992586e-02
4.243075335398316383e-02 2.989750460255891085e-02
3.589805215597152710e-02 3.740527911577373743e-02
4.118634900078177452e-02 3.256468579638749361e-02
4.346865369006991386e-02 3.004486265126615763e-02
3.511025616899132729e-02 3.783096477854996920e-02
4.109944496303796768e-02 3.338713583070784807e-02
3.637644555419683456e-02 3.581651730928570032e-02
3.762274049222469330e-02 3.096929250750690699e-02
3.478954825550317764e-02 2.716999652329832315e-02
3.934185765683650970e-02 3.050940984394401312e-02
3.867701080162078142e-02 3.575714339967817068e-02
3.664100624155253172e-02 3.629334794823080301e-02
4.113487189169973135e-02 3.302674286533147097e-02
3.687234537210315466e-02 3.638466575648635626e-02
4.356360330712050200e-02 3.233962028753012419e-02
3.767134237568825483e-02 3.711805201601237059e-02
4.131312167737632990e-02 3.169796278234571218e-02
3.427638032007962465e-02 3.703381342347711325e-02
3.946388105396181345e-02 3.331747336778789759e-02
3.338315768633037806e-02 3.344528836896643043e-02
4.049483092967420816e-02 2.883248304715380073e-02
3.341613209340721369e-02 3.798010287573561072e-02
3.888949903193861246e-02 3.338279755553230643e-02
3.715287602972239256e-02 3.341625244866008870e-02
3.907214791979640722e-02 3.311610135642695241e-02
3.806505480315536261e-02 3.204384068885701708e-02
4.347466246690601110e-02 3.123691423024865799e-02
3.820711176376789808e-02 3.970427369858953170e-02
3.970814263448119164e-02 3.634141666043433361e-02
4.234900511801242828e-02 3.040739848438533954e-02
3.600573819130659103e-02 3.519663774568471126e-02
4.305779235437512398e-02 3.523505532211856917e-02
3.943070559762418270e-02 3.678399400814669207e-02
3.697626618668437004e-02 3.582738299883203581e-02
4.166848910972476006e-02 3.287967417418258265e-02
3.853275673463940620e-02 3.467941488634096459e-02
4.388579120859503746e-02 3.210333915922092274e-02
3.525279974564909935e-02 4.071572045359062031e-02
