2.308517743622041929e-02 4.729889301907920507e-02
0.000000000000000000e+00 0.000000000000000000e+00
8.326492272317409515e-03 9.759797714650630951e-03
1.465028012171387672e-02 1.690295664593577385e-02
1.609728776384145021e-02 2.683107322081923485e-02
2.067849610466510057e-02 3.666615439578890800e-02
2.198280661832541227e-02 4.656454594805836678e-02
2.162380606750957668e-02 5.340146785601973534e-02
2.294042854919098318e-02 5.176754365675151348e-02
2.266832321765832603e-02 4.650052846409380436e-02
2.381694639916531742e-02 5.213861376978456974e-02
2.275784217636100948e-02 4.907465376891195774e-02
2.079652922111563385e-02 5.235000047832727432e-02
2.641039734589867294e-02 4.847162053920328617e-02
2.567223200458101928e-02 5.347288143821060658e-02
2.173296335968188941e-02 4.609793028794229031e-02
2.269477371009998024e-02 4.940811940468847752e-02
2.540090560796670616e-02 5.225785565562546253e-02
2.025624571251682937e-02 4.759755474515259266e-02
2.067369161522947252e-02 5.092187970876693726e-02
2.192635354003868997e-02 4.382192669436335564e-02
2.348778067971579731e-02 5.169756012037396431e-02
2.079456156934611499e-02 5.014396982733160257e-02
2.006885953596793115e-02 4.404633597005158663e-02
1.810959712020121515e-02 5.146587325725704432e-02
2.327674379921518266e-02 4.684367740992456675e-02
2.382840149221010506e-02 4.556284274440258741e-02
2.360783093899954110e-02 5.309992132242769003e-02
2.153632878616917878e-02 4.766611044760793447e-02
2.298215143673587590e-02 4.405792674515396357e-02
2.477416263718623668e-02 4.584703873842954636e-02
2.324177611444611102e-02 4.679315158864483237e-02
2.446595062792766839e-02 4.771037050522863865e-02
2.621957410883624107e-02 4.290091549046337605e-02
2.392226511437911540e-02 4.830076941289007664e-02
2.333471355086658150e-02 5.206035613082349300e-02
2.094701900205109268e-02 4.812398669309914112e-02
2.252060071623418480e-02 4.922233335673809052e-02
2.364865668641868979e-02 4.939773432852234691e-02
2.557898884697351605e-02 4.886014513613190502e-02
2.377553111000452191e-02 4.876971237536054105e-02
2.105928551463875920e-02 5.189874993811827153e-02
2.578771453408990055e-02 4.593308309267740697e-02
2.486658912675920874e-02 4.607227662927471101e-02
2.522026996302884072e-02 4.905325509025715292e-02
2.333496620121877640e-02 5.104158501490019262e-02
2.488810585055034608e-02 4.915424631326459348e-02
2.456542478466872126e-02 4.659439492388628423e-02
2.474028573487885296e-02 4.546225719968788326e-02
2.728046386619098485e-02 4.965829194406978786e-02
2.333422892843373120e-02 4.228962442721240222e-02
