2.450548566306585269e-02 4.695092146244549125e-02
0.000000000000000000e+00 0.000000000000000000e+00
9.718529880046844482e-03 9.855272248387336731e-03
1.821667887270450592e-02 1.982478331774473190e-02
2.390244463458657265e-02 2.975453995168209076e-02
2.874855976551771164e-02 3.953335899859666824e-02
3.247772436589002609e-02 4.929120652377605438e-02
3.012965596280992031e-02 5.094363086391240358e-02
2.553572808392345905e-02 5.397388327401131392e-02
2.305911039002239704e-02 5.051814659964293242e-02
2.456871361937373877e-02 4.822240525390952826e-02
2.168976457323879004e-02 4.736014839727431536e-02
2.620291232597082853e-02 4.079015704337507486e-02
2.750995510723441839e-02 4.825795360375195742e-02
2.434951078612357378e-02 4.977702919859439135e-02
2.646506915334612131e-02 4.506857332307845354e-02
2.438875089865177870e-02 5.072290834505110979e-02
2.185532415751367807e-02 4.738164378795772791e-02
2.564126567449420691e-02 4.622895794454962015e-02
2.304479142185300589e-02 4.770090419333428144e-02
2.373654977418482304e-02 5.430829466786235571e-02
2.166188089177012444e-02 5.125942185986787081e-02
2.578160120174288750e-02 4.503021913114935160e-02
2.516639663372188807e-02 4.876657563727349043e-02
2.008521754760295153e-02 4.554104164708405733e-02
2.145982696674764156e-02 5.114221398252993822e-02
2.609867765568196774e-02 4.858240077737718821e-02
2.516785159241408110e-02 5.112586810719221830e-02
2.458073513116687536e-02 5.437963560689240694e-02
2.085449232254177332e-02 5.249843082856386900e-02
1.967077213339507580e-02 5.525266483891755342e-02
1.897906977683305740e-02 5.136430833954364061e-02
2.207448077388107777e-02 4.844071844127029181e-02
2.111354545922949910e-02 4.799603382707573473e-02
2.071323173004202545e-02 5.234924834803678095e-02
2.236160644679330289e-02 4.939976977766491473e-02
2.442383169545792043e-02 4.399963506148196757e-02
2.281589873018674552e-02 5.161526557640172541e-02
2.656175961601547897e-02 4.856519112945534289e-02
2.604153388529084623e-02 4.343808293924666941e-02
2.705857864930294454e-02 4.432832237216643989e-02
2.618292983970604837e-02 5.065241336706094444e-02
2.077934084809385240e-02 4.738519198144786060e-02
2.446134490310214460e-02 5.287989132921211421e-02
2.693472066312097013e-02 5.420503727509640157e-02
2.392884003347717226e-02 4.758662459789775312e-02
2.741925101145170629e-02 5.161266689538024366e-02
2.929863074677996337e-02 5.418189530610106885e-02
2.662921065348200500e-02 5.162049419595859945e-02
2.571883672499097884e-02 5.072599477716721594e-02
2.366110091679729521e-02 5.000548731186427176e-02
