4.069515006656301143e-02 4.134497666024070095e-02
0.000000000000000000e+00 0.000000000000000000e+00
9.932274930179119110e-03 9.926617145538330078e-03
1.982544455677270889e-02 1.909961178898811340e-02
2.855077851563692093e-02 2.709832321852445602e-02
3.522986406460404396e-02 2.638229739386588335e-02
4.284826247021555901e-02 2.982523676473647356e-02
4.287862507590034511e-02 3.557212941814213991e-02
4.360786881261446979e-02 3.474722616374492645e-02
4.572105603256204631e-02 3.685022331774234772e-02
4.417533122432359960e-02 3.630357544170692563e-02
4.786923711617419031e-02 3.436819656053557992e-02
4.296642120425531175e-02 3.598076681373640895e-02
4.615788974297174718e-02 3.350038634380325675e-02
4.411261479799577501e-02 3.693894360912963748e-02
4.632257737648615148e-02 3.490827529458329082e-02
4.270270091910788324e-02 3.564301098231226206e-02
4.573575474751123693e-02 3.590941036236472428e-02
4.432993635964521673e-02 3.608956896641757339e-02
4.802706462760397699e-02 3.615096651628846303e-02
4.411090349276491906e-02 3.874385564267868176e-02
4.187569788155087736e-02 3.747579313494497910e-02
4.253613760192820337e-02 3.414566393621498719e-02
4.220108202389383223e-02 2.899379187874728814e-02
3.985949981688463595e-02 3.664931466482812539e-02
4.091911661635094788e-02 3.401238375954562798e-02
4.631738030548149254e-02 3.574349449627334252e-02
4.561091689356544521e-02 3.843496132321888581e-02
4.348224503883102443e-02 3.683421129971975461e-02
4.463770249822118785e-02 3.373901124723488465e-02
4.093711483255901840e-02 3.687863212689990178e-02
4.432228659243264701e-02 3.589456188637996092e-02
4.308709662836918142e-02 3.716344221174949780e-02
4.875762967822083738e-02 3.415653386764461175e-02
4.315281540584692266e-02 4.003712299891049042e-02
4.351209191918314900e-02 3.890287350077414885e-02
4.296602396607340779e-02 3.607396674487972632e-02
4.482272052518965211e-02 3.280759169865632430e-02
4.425016069399134722e-02 3.251573578017996624e-02
4.515960120443196502e-02 2.579529718059347942e-02
3.884216218102665152e-02 3.369125858444022015e-02
4.673891707170696463e-02 2.868268400925444439e-02
4.208204668793769088e-02 3.748477105546044186e-02
4.363865528102905955e-02 3.552585555735277012e-02
4.755153303813131060e-02 3.168899490992771462e-02
4.591374524716229644e-02 3.469500732171582058e-02
4.389777855794818606e-02 3.216334054741309956e-02
4.104465811360569205e-02 3.226959774474380538e-02
4.277547443598450627e-02 2.782242022658465430e-02
4.220117000477330294e-02 3.460601180995581672e-02
4.094109568359272089e-02 3.027533250133274123e-02
