2.298718662030220863e-02 4.732209025336128749e-02
0.000000000000000000e+00 0.000000000000000000e+00
9.934401139616966248e-03 9.506500326097011566e-03
1.489531481638550758e-02 1.946920063346624374e-02
2.261796547099947929e-02 2.889365795999765396e-02
2.741762576624751091e-02 3.865194879472255707e-02
2.900674159172922373e-02 4.855818580836057663e-02
2.598853537347167730e-02 5.010142514947801828e-02
2.514803718077018857e-02 4.660799342673271894e-02
2.300010091857984662e-02 5.003314081113785505e-02
2.483520744135603309e-02 4.804661462549120188e-02
2.444958864361979067e-02 5.060021590907126665e-02
2.712824745685793459e-02 4.440672288183122873e-02
2.640218540909700096e-02 4.707821260672062635e-02
2.840814620140008628e-02 5.409044853877276182e-02
2.067996768164448440e-02 4.738032480236142874e-02
2.418521905201487243e-02 4.835037846351042390e-02
2.675853038090281188e-02 5.483373772585764527e-02
2.346230481634847820e-02 4.844201222294941545e-02
2.347155188090255251e-02 5.487934226403012872e-02
2.175110793086787453e-02 4.944647575030103326e-02
2.318889466459950199e-02 5.650452018016949296e-02
2.424485648862173548e-02 5.119580595055595040e-02
2.529119449081917992e-02 4.434228275204077363e-02
2.792329741987487068e-02 5.149926996091380715e-02
2.417578297081490746e-02 4.882760258624330163e-02
2.253830752215435496e-02 5.295842379564419389e-02
2.428911049264570465e-02 4.913664312334731221e-02
2.194856484766205540e-02 5.588026979239657521e-02
2.659214572395285359e-02 4.971145960735157132e-02
2.292539324025710812e-02 4.560969193698838353e-02
2.547354535545309773e-02 5.437810980947688222e-02
2.318063872280617943e-02 4.885940655367448926e-02
2.379604591169481864e-02 5.046322679845616221e-02
2.140053290986543288e-02 4.883593780687078834e-02
1.975567835961555829e-02 4.941680532647296786e-02
2.309934619461273542e-02 4.418487957445904613e-02
2.710664143432950368e-02 5.411041638581082225e-02
2.610504137464886298e-02 4.798324423609301448e-02
2.533549535201018443e-02 5.615184380440041423e-02
2.170752523579722038e-02 5.192959512351080775e-02
2.012959599142050138e-02 4.839004128007218242e-02
2.500375603904103627e-02 4.534867609618231654e-02
2.645117136762564769e-02 5.319975706515833735e-02
2.393513055631046882e-02 5.057476082583889365e-02
2.533946604580705753e-02 5.180762329837307334e-02
2.486800643146125367e-02 4.608332546195015311e-02
2.707079968877224019e-02 5.295225273584946990e-02
2.395694640927104047e-02 5.168088147183880210e-02
2.560311459001241019e-02 5.062028713291510940e-02
2.559878848478547297e-02 5.106634800904430449e-02
