2.201869537282961919e-02 4.754576902192390875e-02
0.000000000000000000e+00 0.000000000000000000e+00
8.554055355489253998e-03 9.732205420732498169e-03
1.528223836794495583e-02 1.970709580928087234e-02
2.203890169039368629e-02 2.882403600960969925e-02
2.704595169052481651e-02 3.852088656276464462e-02
3.191374614834785461e-02 4.834604728966951370e-02
2.652789978310465813e-02 4.653485643211752176e-02
2.760329982265830040e-02 5.003112426493316889e-02
2.668633661232888699e-02 4.795329098124057055e-02
2.388914325274527073e-02 5.529104231391102076e-02
2.212767465971410275e-02 5.183902278076857328e-02
2.022532687988132238e-02 5.081463116221129894e-02
2.171755174640566111e-02 5.642952094785869122e-02
2.246534923324361444e-02 5.213791388086974621e-02
1.933958387235179543e-02 5.231468575948383659e-02
1.896023249719291925e-02 4.958671946951653808e-02
2.243740053381770849e-02 5.782904998341109604e-02
2.180995140224695206e-02 5.510798712202813476e-02
1.848606625571846962e-02 5.710079694108571857e-02
2.150545758195221424e-02 5.096613323257770389e-02
1.894794520922005177e-02 5.746927145810332149e-02
2.123009017668664455e-02 4.873813256563153118e-02
2.134673169348388910e-02 5.554162092448677868e-02
2.072155289351940155e-02 5.225249180512037128e-02
2.021524065639823675e-02 5.008506668673362583e-02
2.197078219614923000e-02 5.667990805523004383e-02
2.051665179897099733e-02 5.288892691896762699e-02
2.015908295288681984e-02 5.196201334183569998e-02
2.086026599863544106e-02 5.674550541152711958e-02
1.985336950747296214e-02 5.776569012959953398e-02
2.158869436243548989e-02 4.995117661019321531e-02
2.340814511990174651e-02 5.376085753960069269e-02
1.740344514837488532e-02 5.169722622667904943e-02
1.816614734707400203e-02 6.072507704084273428e-02
1.414830813882872462e-02 5.504935419594403356e-02
1.934042823268100619e-02 5.072872199525590986e-02
2.221292507601901889e-02 5.920804802735801786e-02
2.060721715679392219e-02 5.516929457371588796e-02
2.191513014258816838e-02 5.092732141201850027e-02
2.461867762031033635e-02 5.767688805644866079e-02
1.928354689152911305e-02 5.136720555310603231e-02
2.206212474266067147e-02 5.146982925361953676e-02
2.263324451632797718e-02 5.739640942192636430e-02
1.980787119828164577e-02 4.869131869054399431e-02
2.009685119264759123e-02 5.483508654288016260e-02
2.124147608992643654e-02 4.825386716402135789e-02
2.449671694193966687e-02 5.702930907136760652e-02
1.965576599468477070e-02 5.044300420559011400e-02
1.866814869572408497e-02 5.893787959939800203e-02
1.786907869973219931e-02 5.478699537343345582e-02
