2.220973062689479346e-02 4.750245056141293165e-02
0.000000000000000000e+00 0.000000000000000000e+00
8.600177243351936340e-03 9.637583047151565552e-03
1.291539613157510757e-02 1.951454207301139832e-02
2.006011176854372025e-02 2.941910549998283386e-02
2.390997926704585552e-02 3.927563317120075226e-02
2.781269093975424767e-02 4.911178257316350937e-02
2.324647456407546997e-02 4.870037047658115625e-02
2.380751044256612659e-02 5.367630079854279757e-02
2.557642961619421840e-02 4.915357672143727541e-02
2.407968492479994893e-02 4.858742677606642246e-02
2.065225463593378663e-02 5.278469971381127834e-02
2.069555621710605919e-02 4.984364332631230354e-02
2.007681530085392296e-02 4.784793499857187271e-02
2.025918404979165643e-02 5.526825785636901855e-02
2.292533310537692159e-02 4.891198361292481422e-02
1.927197560144122690e-02 5.320140207186341286e-02
2.222495664318557829e-02 4.820664273574948311e-02
1.977877317403908819e-02 5.223688576370477676e-02
2.462089479377027601e-02 4.842115915380418301e-02
2.350789551564957947e-02 5.194925097748637199e-02
2.387942197674419731e-02 4.573365021497011185e-02
2.204976858047302812e-02 5.377249978482723236e-02
2.477684801851864904e-02 4.889972228556871414e-02
2.360984157712664455e-02 5.103100673295557499e-02
2.292094005679246038e-02 4.785158904269337654e-02
2.422278058656957000e-02 4.746860536397434771e-02
2.324986054736655205e-02 4.811376842553727329e-02
2.156931422359775752e-02 4.693581917672418058e-02
2.667635474062990397e-02 5.018990006647072732e-02
2.260891375772189349e-02 4.689569454058073461e-02
2.836880115501116961e-02 5.145852276473306119e-02
2.757380633556749672e-02 4.637983170687220991e-02
2.721356718393508345e-02 5.141892525716684759e-02
2.613230435235891491e-02 4.882128103054128587e-02
2.566956369264516979e-02 4.744236994883976877e-02
2.324365348613355309e-02 5.359804429463110864e-02
2.460447874909732491e-02 5.311911265016533434e-02
2.155239078274462372e-02 4.944090652861632407e-02
2.732214880234096199e-02 5.175921009504236281e-02
2.420055716356728226e-02 4.828264159732498229e-02
2.538808553072158247e-02 5.096599381067790091e-02
2.382361739000771195e-02 5.532648615189827979e-02
2.443817823950666934e-02 5.278572268434800208e-02
2.524399368849117309e-02 4.821490604081191123e-02
2.350532387208659202e-02 5.393369044759310782e-02
2.338310037157498300e-02 4.798629987635649741e-02
2.057611438794992864e-02 4.840005145524628460e-02
2.294636456645093858e-02 4.783180044614709914e-02
2.469265306717716157e-02 5.645397459738887846e-02
2.168719618930481374e-02 4.981230679550208151e-02
