5.276545620204518491e-03 4.986069329980589993e-02
0.000000000000000000e+00 0.000000000000000000e+00
5.612075328826904297e-03 9.883638471364974976e-03
9.727070108056068420e-03 1.979639381170272827e-02
1.307534542866051197e-02 2.971626911312341690e-02
1.588102546520531178e-02 3.949453029781579971e-02
1.685893023386597633e-02 4.716414585709571838e-02
1.656884516705758870e-02 4.961717268452048302e-02
1.432819155161269009e-02 5.075821897480636835e-02
1.514210368623025715e-02 5.024371290346607566e-02
1.375097423442639410e-02 4.771543288370594382e-02
1.236437706393189728e-02 5.188227066537365317e-02
1.176810709876008332e-02 5.184613475285004824e-02
1.067660775152035058e-02 5.097633907280396670e-02
9.679360111476853490e-03 5.316382720775436610e-02
1.110001179040409625e-02 5.260208265099208802e-02
1.046651220531202853e-02 5.224094765435438603e-02
9.889778884826228023e-03 5.154874639993067831e-02
1.106800531852059066e-02 5.388961381686385721e-02
1.008849716163240373e-02 5.433101124071981758e-02
8.089887996902689338e-03 5.320896276680286974e-02
8.666069392347708344e-03 5.542504902405198663e-02
7.943980599520727992e-03 5.498545763839501888e-02
7.850887086533475667e-03 5.815179094497580081e-02
9.610248096578288823e-03 5.573776301753241569e-02
9.122434748860541731e-03 5.564211604360025376e-02
8.102581465209368616e-03 5.511308727727737278e-02
6.780234609323088080e-03 5.628613055159803480e-02
7.520227438362780958e-03 5.628015578213307890e-02
8.312137135362718254e-03 5.452719517006698879e-02
9.524795961624477059e-03 5.343510699412945542e-02
8.961685853137169033e-03 5.336383533676780644e-02
1.114092572970548645e-02 5.469525164471633616e-02
1.003315256821224466e-02 5.363430212264574948e-02
8.296767984575126320e-03 5.431764550985462847e-02
1.027550156140932813e-02 5.480894511811129632e-02
9.796319565793965012e-03 5.428997882654584828e-02
9.823291858992888592e-03 5.420603164338899660e-02
9.161409694570465945e-03 5.465207584302333998e-02
1.005870750486792531e-02 5.291520068522004294e-02
9.199759288094355725e-03 5.563163231227008509e-02
1.047916344214172568e-02 5.337268961693553138e-02
1.068270019277406391e-02 5.226097416698394227e-02
9.980146822272217833e-03 5.376780578035322833e-02
9.997698005463462323e-03 5.432538220293281483e-02
9.999490913173758599e-03 5.217157744436917710e-02
9.924477274466880772e-03 5.342721005536077428e-02
1.026831379829218349e-02 5.156768588449267554e-02
9.278080996296012017e-03 5.572730451922325301e-02
1.059898546634485683e-02 5.260506537842957187e-02
9.990789217113160703e-03 5.540981548938361811e-02
