2.488038544587077225e-02 4.685538921539111890e-02
0.000000000000000000e+00 0.000000000000000000e+00
8.745063096284866333e-03 9.764059446752071381e-03
1.534159947186708450e-02 1.955204550176858902e-02
2.317979931831359863e-02 2.868970483541488647e-02
2.970002777874469757e-02 3.809089586138725281e-02
2.698856475763022900e-02 4.647971969097852707e-02
2.462259726598858833e-02 4.548852902371436357e-02
2.739041647873818874e-02 4.311608069110661745e-02
2.948863827623426914e-02 4.787857516203075647e-02
2.401215233840048313e-02 4.042179894167929888e-02
2.258528268430382013e-02 4.390841547865420580e-02
2.006115543190389872e-02 4.903511202428489923e-02
2.087566006230190396e-02 4.292572953272610903e-02
2.889221842633560300e-02 4.332577562308870256e-02
2.365513966651633382e-02 4.058238127618096769e-02
2.043893263908103108e-02 4.696460309787653387e-02
2.854386699618771672e-02 4.099386287271045148e-02
2.815596474101766944e-02 4.267312595038674772e-02
2.358808083226904273e-02 3.939038360840640962e-02
2.561864181188866496e-02 4.657595962635241449e-02
2.262783230980858207e-02 4.170242403051815927e-02
2.184351446339860559e-02 4.720259257010184228e-02
2.674774645129218698e-02 4.284407323575578630e-02
2.414276852505281568e-02 4.473790826159529388e-02
2.134186873445287347e-02 4.182299922103993595e-02
2.254472026834264398e-02 5.008724468643777072e-02
2.820748562226071954e-02 4.442123134504072368e-02
2.364306669915094972e-02 4.407676658593118191e-02
2.326350909424945712e-02 4.646920529194176197e-02
2.513540250947698951e-02 4.607876329100690782e-02
2.180042740656062961e-02 3.893552286899648607e-02
2.301478380104526877e-02 4.835946051753126085e-02
1.995871652616187930e-02 4.278356427676044405e-02
2.403791266260668635e-02 5.013659675023518503e-02
2.313841180875897408e-02 4.398812571889720857e-02
1.895163161680102348e-02 4.670679834089241922e-02
2.398434979841113091e-02 4.198707020259462297e-02
2.395182950567686930e-02 4.919313578284345567e-02
2.175795785296941176e-02 4.479508692747913301e-02
2.122185342159355059e-02 4.763214392005465925e-02
2.495168787572765723e-02 4.180409721448086202e-02
2.241394398879492655e-02 4.798699551611207426e-02
2.641211133595788851e-02 4.526645652367733419e-02
2.429229309927904978e-02 4.515285841625882313e-02
2.127730436768615618e-02 4.602235426864353940e-02
2.610847177129471675e-02 4.468111087771831080e-02
2.438252754654968157e-02 4.567774465976981446e-02
2.308226421155268326e-02 4.477766033232910559e-02
2.397127819858724251e-02 4.761761769623262808e-02
2.865670153551036492e-02 4.690545365883735940e-02
