4.381587713647200344e-02 3.988975976584646643e-02
0.000000000000000000e+00 0.000000000000000000e+00
9.888863191008567810e-03 9.293806739151477814e-03
1.907180529087781906e-02 1.689196331426501274e-02
2.869793493300676346e-02 2.608038624748587608e-02
3.749967366456985474e-02 2.772239758633077145e-02
3.600102872587740421e-02 3.426854196004569530e-02
3.820245480164885521e-02 3.311107284389436245e-02
4.215457150712609291e-02 3.049613838084042072e-02
3.790796734392642975e-02 3.684317343868315220e-02
3.786989130094298162e-02 3.169569536112248898e-02
4.443286793321021833e-02 3.130039616371504962e-02
3.711455144002684392e-02 3.636200210894457996e-02
4.098489918760606088e-02 3.403592246468178928e-02
3.951662397957989015e-02 3.478833808912895620e-02
4.182013954050489701e-02 3.827455159625969827e-02
3.997297856039949693e-02 3.705757026909850538e-02
4.244905911400564946e-02 3.584756920463405550e-02
3.844310497879632749e-02 3.303582975058816373e-02
4.539628714337595738e-02 3.070448720245622098e-02
3.859006255879648961e-02 3.627653195871971548e-02
4.381484832629212178e-02 3.156634056358598173e-02
3.587033800795325078e-02 3.476952514029107988e-02
4.185259869336732663e-02 2.970661906874738634e-02
3.886056729606934823e-02 3.147509365226142108e-02
4.373479533023783006e-02 3.331532745505683124e-02
4.084069063901551999e-02 3.361201315419748425e-02
4.018018357237451710e-02 3.394117741845548153e-02
3.757187477094703354e-02 3.076314600184559822e-02
4.522223337335162796e-02 3.523908881470561028e-02
4.023692603004747070e-02 3.625791927333921194e-02
4.347886317191296257e-02 3.292405686806887388e-02
3.972000125577324070e-02 3.233786608325317502e-02
4.354163175230496563e-02 3.105610335478559136e-02
3.856959435870521702e-02 3.045580768957734108e-02
3.577620358919375576e-02 3.194026963319629431e-02
4.454749645447009243e-02 2.825742855202406645e-02
3.786204345306032337e-02 3.180638316553086042e-02
4.175305724857025780e-02 3.060041309799998999e-02
3.713294896078878082e-02 3.054493488525622524e-02
4.325498020989471115e-02 2.919940054198377766e-02
3.928974396330886520e-02 3.330013304730528034e-02
3.895738072242238559e-02 3.006234681015484966e-02
4.090926950811990537e-02 2.832657736507826485e-02
3.997998600607388653e-02 2.990804947694414295e-02
3.919875630890601315e-02 2.510161427562707104e-02
3.184872735073440708e-02 3.201064383392804302e-02
3.762472243761294521e-02 2.782784877126687206e-02
4.255196181838982739e-02 2.747310279301018454e-02
3.536245329087250866e-02 3.295869101202697493e-02
3.968759169583790936e-02 2.735556057086796500e-02
