2.223909892868184551e-02 4.749575620938739640e-02
0.000000000000000000e+00 0.000000000000000000e+00
9.590093977749347687e-03 9.839058853685855865e-03
1.664811838418245316e-02 1.931397523730993271e-02
2.264980040490627289e-02 2.847271226346492767e-02
2.863033954054117203e-02 3.800540044903755188e-02
3.147432254627346992e-02 4.740072041749954224e-02
2.623164001852273941e-02 4.392174049280583858e-02
2.323698531836271286e-02 4.938657791353762150e-02
2.306890857289545238e-02 4.503371776081621647e-02
2.715972901205532253e-02 4.554279742296785116e-02
2.612063169362954795e-02 4.765360278543084860e-02
2.687035439885221422e-02 4.804471533861942589e-02
2.756797432084567845e-02 4.542510028113611042e-02
2.557424901169724762e-02 4.492297882097773254e-02
2.252381623839028180e-02 4.573792687733657658e-02
2.663567106355912983e-02 4.849783403915353119e-02
2.541257246048189700e-02 4.932332257158122957e-02
2.197135324240662158e-02 4.412711490294896066e-02
2.425646284245885909e-02 4.772871229215525091e-02
2.155795079306699336e-02 4.406635262421332300e-02
2.747151340008713305e-02 4.943207124597392976e-02
2.687767831957899034e-02 4.482985366485081613e-02
2.846575222793035209e-02 4.926357496879063547e-02
2.443322513136081398e-02 4.433783688000403345e-02
2.140447960118763149e-02 4.994472893304191530e-02
2.932111543486826122e-02 4.457457209355197847e-02
2.600170785444788635e-02 4.382148353033699095e-02
2.716390063869766891e-02 5.074949577101506293e-02
2.251918867114000022e-02 4.679118856438435614e-02
2.691286636400036514e-02 4.563709549256600440e-02
2.374892189982347190e-02 4.736177963786758482e-02
2.542709300178103149e-02 4.720549983903765678e-02
2.830073071527294815e-02 4.969529062509536743e-02
2.765662266756407917e-02 4.586122254841029644e-02
2.594064196455292404e-02 4.655818443279713392e-02
2.272409290890209377e-02 4.684656122117303312e-02
2.669199180672876537e-02 4.673080840439070016e-02
2.830152222304604948e-02 4.467112100974190980e-02
2.951237032539211214e-02 4.528168834804091603e-02
2.561013292870484293e-02 5.207930704636964947e-02
2.950784735730849206e-02 4.728694459481630474e-02
2.581238801940344274e-02 4.528973660490009934e-02
2.702190211857669055e-02 5.110140134638641030e-02
2.439891986432485282e-02 4.375812494254205376e-02
2.706666404264979064e-02 5.126040651521179825e-02
2.386727763223461807e-02 4.418322899437043816e-02
2.668231443385593593e-02 4.785256589821074158e-02
2.486335471621714532e-02 4.537466437614057213e-02
2.645703029702417552e-02 4.752867123170290142e-02
2.402373982477001846e-02 4.853041552996728569e-02
