2.414889102264650145e-02 4.704035790523623806e-02
0.000000000000000000e+00 0.000000000000000000e+00
9.029836393892765045e-03 9.459192864596843719e-03
1.622717687860131264e-02 1.845750585198402405e-02
1.986837317235767841e-02 2.773251757025718689e-02
2.338663977570831776e-02 3.696735575795173645e-02
2.778937597759068012e-02 4.604557901620864868e-02
2.593520900700241327e-02 4.087918810546398163e-02
2.736808557529002428e-02 4.831840796396136284e-02
2.260598086286336184e-02 4.336576256901025772e-02
2.399555221199989319e-02 5.068581365048885345e-02
2.889073127880692482e-02 4.576609516516327858e-02
2.266646549105644226e-02 4.050964396446943283e-02
2.832871209830045700e-02 4.358276166021823883e-02
2.447031042538583279e-02 4.490972438361495733e-02
2.670177724212408066e-02 4.558947362238541245e-02
2.839824336115270853e-02 4.509744740789756179e-02
2.592125919181853533e-02 4.661130049498751760e-02
2.295334485825151205e-02 4.980609036283567548e-02
3.076360595878213644e-02 4.463935951935127378e-02
2.875112660694867373e-02 4.563729622168466449e-02
2.346218528691679239e-02 4.129574325634166598e-02
2.508400857914239168e-02 4.858290794072672725e-02
2.495263279706705362e-02 4.973964457167312503e-02
2.445968690153677016e-02 4.909887380199506879e-02
2.176261840213555843e-02 4.519485781202092767e-02
2.408674296748358756e-02 4.582574794767424464e-02
2.598481586028356105e-02 4.619457313674502075e-02
2.610771944455336779e-02 4.622111985372612253e-02
2.550298858841415495e-02 4.815429394511738792e-02
1.776571197842713445e-02 4.319454349024454132e-02
2.040354882774408907e-02 4.802534488408127800e-02
2.750048994494136423e-02 4.227430784521857277e-02
2.374013022927101701e-02 4.575305889738956466e-02
2.873032142815645784e-02 4.398255659179994836e-02
2.064278883335646242e-02 4.745829295279690996e-02
1.997273728193249553e-02 4.618626545561710373e-02
1.608044315071310848e-02 5.096756379498401657e-02
2.562210928590502590e-02 4.484009967563906685e-02
2.252243772090878338e-02 4.335252746386686340e-02
2.525668159069027752e-02 4.953386160923400894e-02
1.975267134548630565e-02 4.426737959875026718e-02
2.799663260520901531e-02 4.443125541001791134e-02
2.102492503763642162e-02 4.208285638742381707e-02
2.726462051214184612e-02 5.030967479251557961e-02
2.253936357737984508e-02 4.445490192301804200e-02
2.310022064193617553e-02 4.789181540400022641e-02
2.855909061327110976e-02 4.485966519132489339e-02
2.281344779476057738e-02 4.441960471012862399e-02
2.253635296074207872e-02 4.819334636704297736e-02
1.914204795320983976e-02 4.630093591549666598e-02
