2.441416428111976497e-02 4.697395826949880837e-02
0.000000000000000000e+00 0.000000000000000000e+00
9.149008430540561676e-03 9.985804557800292969e-03
1.627277676016092300e-02 1.997089385986328125e-02
2.312898216769099236e-02 2.950562350451946259e-02
2.842411072924733162e-02 3.926716744899749756e-02
2.658408263232558966e-02 4.768465459346771240e-02
2.599015273153781891e-02 5.168334301561117172e-02
2.620095408929046243e-02 5.537463002838194370e-02
2.411213445884641260e-02 5.646242434158921242e-02
2.249966013187076896e-02 5.671975068980827928e-02
2.214257586456369609e-02 5.803444917546585202e-02
2.238281714380718768e-02 6.109737680526450276e-02
2.008947604917921126e-02 6.047785986447706819e-02
1.688072146498598158e-02 5.996007553767412901e-02
1.657573285046964884e-02 5.869313713628798723e-02
2.194188872817903757e-02 5.758276046253740788e-02
2.149825912783853710e-02 6.108312425203621387e-02
2.294475896633230150e-02 6.255847623106092215e-02
1.896535963169299066e-02 6.398662261199206114e-02
1.907533496705582365e-02 6.485070398775860667e-02
1.824977251089876518e-02 6.343048386042937636e-02
1.686821670591598377e-02 6.299064270569942892e-02
1.412254434399073943e-02 6.388472070102579892e-02
1.545016621093964204e-02 6.208996046916581690e-02
1.751980874541914091e-02 6.240368235739879310e-02
1.993962018605088815e-02 6.296818601549603045e-02
2.223958694230532274e-02 6.284579026396386325e-02
2.100271547533338889e-02 6.371821867651306093e-02
2.133708082692464814e-02 6.382521854538936168e-02
2.152674995159031823e-02 6.490132313047070056e-02
1.941646775958361104e-02 6.512067894800566137e-02
2.175083244947018102e-02 6.410566074191592634e-02
2.043182578199775890e-02 6.350456221844069660e-02
2.273952810355694965e-02 6.198146272799931467e-02
2.077580418699653819e-02 6.138330450630746782e-02
2.199527470656903461e-02 6.105477741220965981e-02
2.304474556149216369e-02 5.933181516593322158e-02
2.393682441470446065e-02 5.868328508222475648e-02
2.233107353822560981e-02 6.022469449089840055e-02
2.251403594709699973e-02 5.713961418950930238e-02
2.479411267995601520e-02 5.452799081103876233e-02
2.244356253504520282e-02 5.686697718920186162e-02
2.105938296153908595e-02 5.423619627254083753e-02
2.203798750269925222e-02 5.531448958208784461e-02
1.989686107117449865e-02 5.628771899500861764e-02
2.073660943278810009e-02 5.828289390774443746e-02
2.082363459339831024e-02 6.008196115726605058e-02
2.236180032195989043e-02 5.663530115270987153e-02
2.237768138365936466e-02 5.308599123964086175e-02
2.151517539823544212e-02 5.575527070323005319e-02
