2.396757249343076449e-02 4.708529996231222703e-02
0.000000000000000000e+00 0.000000000000000000e+00
9.644528850913047791e-03 9.871812537312507629e-03
1.809422951191663742e-02 1.874653156846761703e-02
2.321803057566285133e-02 2.836204599589109421e-02
2.548529347404837608e-02 3.761989157646894455e-02
2.347953035496175289e-02 4.718547407537698746e-02
2.924234070815145969e-02 4.778761329362168908e-02
2.435994497500360012e-02 4.409790580393746495e-02
2.629171474836766720e-02 5.090625566663220525e-02
2.755799517035484314e-02 4.487609799252822995e-02
2.761413797634304501e-02 4.404585534939542413e-02
2.776851758608245291e-02 4.356235679006204009e-02
2.515793076963745989e-02 4.819632828002795577e-02
2.441337998970993795e-02 4.251093039056286216e-02
2.529871397200622596e-02 5.098124587675556540e-02
2.787551566507318057e-02 4.524776380276307464e-02
2.787938877463602694e-02 4.555082481238059700e-02
2.313745837182068499e-02 4.634759583859704435e-02
2.589693759091460379e-02 4.627488950063707307e-02
2.597573731054581003e-02 4.737908463721396402e-02
2.265955373604811030e-02 4.787787301029311493e-02
2.679153351073182421e-02 4.102525040070759133e-02
2.708861854353017407e-02 4.932632967393146828e-02
2.397213264794118004e-02 4.350569117377744988e-02
2.410891814815840917e-02 4.888774239952908829e-02
2.526739635231933789e-02 4.346933327178703621e-02
2.309530600632569985e-02 4.589695292088435963e-02
2.584560378181777196e-02 4.307355843047844246e-02
2.376490039478085237e-02 4.453056894271867350e-02
2.319171232829830842e-02 4.044642562075750902e-02
2.577530429425678449e-02 4.747419321938650683e-02
2.075435523602209287e-02 4.180914007156388834e-02
2.459629182430944638e-02 4.233819567161845043e-02
2.549751521746657090e-02 4.778140033158706501e-02
2.775600063341698842e-02 4.247164581465767696e-02
2.765139448183617787e-02 4.700895626592682675e-02
2.446836349281511502e-02 3.967303265380905941e-02
2.351466595155216055e-02 4.330371967080282047e-02
2.508921798744268017e-02 4.846449936303542927e-02
2.783758815803594189e-02 4.731920868653105572e-02
2.535513642669684486e-02 4.369704653072403744e-02
2.254964358598954277e-02 4.812807491543935612e-02
2.456847199664480286e-02 4.038381664577173069e-02
2.289403328632033663e-02 4.420035443763481453e-02
3.098307928030408220e-02 4.047058680589543656e-02
2.867823798169411020e-02 4.745039082627044991e-02
2.694177411922282772e-02 4.634151800564723089e-02
2.465443050914473133e-02 4.459575046348618343e-02
2.240190416068799095e-02 4.381841113354312256e-02
2.438243402593798237e-02 4.044990469265030697e-02
