4.113086000436205064e-02 4.114961522300339403e-02
0.000000000000000000e+00 0.000000000000000000e+00
9.756948798894882202e-03 9.121002629399299622e-03
1.954280771315097809e-02 1.859053503721952438e-02
2.847855631262063980e-02 2.743198722600936890e-02
3.774548601359128952e-02 3.124564257450401783e-02
4.479703819379210472e-02 2.790845022536814213e-02
3.900597104802727699e-02 3.702350729145109653e-02
4.536417732015252113e-02 3.772365202894434333e-02
4.436360672116279602e-02 3.778886427608085796e-02
3.965202765539288521e-02 3.630355354835046455e-02
4.074823448900133371e-02 3.725345368002308533e-02
4.394525836687535048e-02 3.373113745328737423e-02
4.247664706781506538e-02 3.298344485665438697e-02
4.329226148547604680e-02 3.480406989547191188e-02
4.196858423529192805e-02 3.356448641716269776e-02
4.502941848477348685e-02 3.398736585950246081e-02
4.039439553162083030e-02 3.262525374157121405e-02
4.100242728600278497e-02 2.875697259878506884e-02
4.282890906324610114e-02 3.055455322464695200e-02
4.481821035733446479e-02 3.414925789547851309e-02
4.078237287467345595e-02 3.145335541194071993e-02
4.463112208759412169e-02 3.536484084179392084e-02
4.330058017512783408e-02 2.941281414678087458e-02
4.013235907768830657e-02 3.300482729537179694e-02
4.322186199715360999e-02 3.662803392944624647e-02
4.050459474092349410e-02 3.651265066582709551e-02
4.193171585211530328e-02 3.398234175983816385e-02
4.015931749017909169e-02 3.212532750330865383e-02
3.916852740803733468e-02 3.057106130290776491e-02
4.693115461850538850e-02 3.150731913046911359e-02
4.185492644319310784e-02 3.588680486427620053e-02
4.022042761789634824e-02 3.358356101671233773e-02
4.105563648045063019e-02 3.426152328029274940e-02
4.666035994887351990e-02 3.579138137865811586e-02
4.261605814099311829e-02 3.909342258702963591e-02
3.832690557464957237e-02 4.016258206684142351e-02
4.098720988258719444e-02 3.578660695347934961e-02
3.723818506114184856e-02 3.452245984226465225e-02
3.892361605539917946e-02 2.789168944582343102e-02
3.839406697079539299e-02 3.461906034499406815e-02
4.048230499029159546e-02 3.061206405982375145e-02
4.217812861315906048e-02 3.237008629366755486e-02
3.841946995817124844e-02 3.340338403359055519e-02
4.264134564436972141e-02 2.906724391505122185e-02
3.645623032934963703e-02 3.572538541629910469e-02
4.365233960561454296e-02 3.012771904468536377e-02
3.867160412482917309e-02 3.270887676626443863e-02
3.663382516242563725e-02 3.022728092037141323e-02
3.856077534146606922e-02 3.094305639388039708e-02
3.984266612678766251e-02 3.010150976479053497e-02
