4.311762685019041030e-02 4.022677127553517251e-02
0.000000000000000000e+00 0.000000000000000000e+00
9.844521991908550262e-03 9.190020151436328888e-03
1.975070312619209290e-02 1.848050486296415329e-02
2.815105020999908447e-02 2.381261251866817474e-02
3.515536570921540260e-02 3.166779782623052597e-02
4.082617629319429398e-02 2.911084634251892567e-02
3.958104364573955536e-02 3.494414896704256535e-02
4.614834859967231750e-02 3.464008838636800647e-02
4.134682612493634224e-02 4.123888741014525294e-02
4.497790173627436161e-02 3.658620378701016307e-02
3.943315311335027218e-02 3.773833409650251269e-02
3.848710883175954223e-02 3.500227950280532241e-02
4.400837974390015006e-02 3.271080827107653022e-02
3.934881550958380103e-02 3.253556585696060210e-02
4.221532907104119658e-02 3.369069432665128261e-02
3.810724051436409354e-02 3.797393625427503139e-02
4.461281554540619254e-02 3.547996243287343532e-02
4.022774886107072234e-02 4.077262345526833087e-02
4.428687639301642776e-02 3.750664841209072620e-02
3.886943770339712501e-02 3.918290261935908347e-02
4.130934196291491389e-02 3.476815095928031951e-02
4.285016254289075732e-02 3.245819972653407604e-02
3.739508724538609385e-02 3.969211743969935924e-02
4.509920923737809062e-02 3.563891032536048442e-02
4.208730900427326560e-02 3.643861391174141318e-02
4.323652706807479262e-02 3.697213863779325038e-02
4.006444424157962203e-02 3.209634598169941455e-02
3.797880391357466578e-02 3.931632179592270404e-02
4.328930814517661929e-02 3.868332285492215306e-02
4.156557348323985934e-02 3.419236758782062680e-02
4.588351742131635547e-02 3.409018675301922485e-02
3.936470550252124667e-02 3.662785916094435379e-02
4.835064866347238421e-02 3.211873472173465416e-02
4.146201367257162929e-02 4.001277387578738853e-02
4.280961147742345929e-02 3.637560368952108547e-02
4.470953805139288306e-02 3.892959705990506336e-02
4.242662776960060000e-02 3.930507771292468533e-02
4.050444060703739524e-02 3.596075003588339314e-02
4.173990892013534904e-02 3.662304343743016943e-02
4.408997221617028117e-02 3.463084107352187857e-02
4.464235587511211634e-02 3.462819403125649842e-02
4.085374285932630301e-02 2.772435939027673157e-02
4.691594175528734922e-02 3.049700518226927670e-02
4.074361582752317190e-02 3.547114363959735783e-02
4.073167820934031624e-02 3.270208832896059903e-02
3.796558636713598389e-02 3.114919664426452073e-02
4.701252556878898758e-02 3.506576895802027138e-02
3.994046752814028878e-02 3.582728267269885691e-02
4.291702337104652543e-02 3.427032122476703080e-02
3.905957048300479073e-02 3.859060417948967370e-02
