4.764559472898589887e-03 4.988643037484728759e-02
0.000000000000000000e+00 0.000000000000000000e+00
5.424464587122201920e-03 9.998080320656299591e-03
1.010393444448709488e-02 1.998737547546625137e-02
1.388971507549285889e-02 2.997134160250425339e-02
1.557735493406653404e-02 3.982482571154832840e-02
1.809436595067381859e-02 4.964661225676536560e-02
1.710225979331880808e-02 5.821624863892793655e-02
1.430330320727080107e-02 5.329427262768149376e-02
1.625401538331061602e-02 6.073020817711949348e-02
1.522436900995671749e-02 5.983923439634963870e-02
1.428388105705380440e-02 5.803151015425100923e-02
1.302920386660844088e-02 5.624682194320484996e-02
1.159210491459816694e-02 5.522533360635861754e-02
1.274920988362282515e-02 5.588304460979998112e-02
1.385317731183022261e-02 5.606902063300367445e-02
1.295618107542395592e-02 5.220536071283277124e-02
1.279885401891078800e-02 5.639405058172997087e-02
1.089310283714439720e-02 5.635332392193959095e-02
1.127397771051619202e-02 5.281172210015938617e-02
1.127375300100652566e-02 5.524455110207782127e-02
1.080173846392540327e-02 5.533445278342696838e-02
1.026529014168886533e-02 5.451934261873248033e-02
1.004149556800371101e-02 5.696463504500570707e-02
1.031653284852040997e-02 5.358336017161491327e-02
9.096492592362892537e-03 5.848742778107407503e-02
9.173195424665436803e-03 5.909692939530941658e-02
9.759570436727926790e-03 5.623372505579027347e-02
1.076271777245096928e-02 5.545470608558389358e-02
9.377391391609535276e-03 5.383547559540602379e-02
9.908581990458742439e-03 5.811120640646549873e-02
1.074876784085176951e-02 5.477064383376273327e-02
1.117650983476892179e-02 5.837953929949435405e-02
1.002386333973959154e-02 5.774903007477405481e-02
9.864368469862938582e-03 5.637208059124532156e-02
1.008880498673647708e-02 5.264144915781798773e-02
1.185768003895759648e-02 5.931638240508618765e-02
1.127400929661348528e-02 5.691246817514183931e-02
1.171899728913672334e-02 5.455091375552001409e-02
1.123456353641927308e-02 5.627561466462793760e-02
1.101770574430815941e-02 5.862490426443400793e-02
9.731234830979929029e-03 5.802197708908352070e-02
1.314374370238624579e-02 5.760208084757323377e-02
1.462989250401847130e-02 5.253253584305639379e-02
1.445417980110619283e-02 5.394658444492961280e-02
1.358177525369796967e-02 5.876181365965749137e-02
1.313970072922643340e-02 5.631506091958726756e-02
1.204697238543417370e-02 5.669655925521510653e-02
1.256790859886791623e-02 5.599404342865454964e-02
1.260702116749712332e-02 5.725317723045009188e-02
1.320972662986719115e-02 5.597465049868333153e-02
