-1
-1
-1
-1
-1
-1
-1
-1
-1
-1
-1
-0.7142857142857143
-1
-1
-1
-1
-0.8571428571428571
-0.7142857142857143
-0.7142857142857143
-1
-0.8571428571428571
-0.8571428571428571
-0.8571428571428571
-1
-1
-1
-1
-1
-1
-1
-1
-1
-1
-1
-0.8571428571428571
-1
-0.7142857142857143
-1
-1
-0.14285714285714285
-1
-1
-0.8571428571428571
-0.8571428571428571
-1
-1
-1
-1
-1
-1
-1
-1
-1
-1
-1
-1
-1
-1
-1
-1
-1
-1
-1
-0.14285714285714285
-1
-1
-1
-1
-0.7142857142857143
-1
-1
-1
-1
-0.8571428571428571
-1
-1
-0.5714285714285714
0
-1
-0.7142857142857143
-1
-1
-1
-1
-1
-1
-1
-1
-1
-1
-1
-1
-1
-1
-1
-1
-1
0
-1
-1
