0
19
39
56
76
94
117
136
159
184
207
230
252
276
295
313
330
349
366
382
396
413
428
443
459
471
484
496
509
523
535
547
561
573
585
598
610
624
637
651
664
676
689
702
715
728
742
753
766
779
792
804
816
828
840
853
865
878
890
904
916
929
942
953
965
978
990
1003
1019
1034
1049
1067
1088
1107
1126
1144
1159
1174
1188
1202
1221
1234
1249
1264
1279
1294
1306
1320
1338
1354
1371
1388
1405
1419
1431
1442
1454
1465
1478
1489
1501
1512
1523
1535
1546
1558
1570
1581
1593
1605
1616
1628
1639
1650
1662
1673
1685
1697
1709
1720
1732
1743
1754
1766
1777
1789
1800
1811
1823
1834
1845
1857
1868
1880
1891
1902
1914
1925
1937
1948
1960
1972
1984
1996
2008
2019
2031
2043
2055
2067
2079
2091
2102
2114
2126
2137
2148
2159
2171
2182
2193
2204
2215
2226
2237
2248
2259
2270
2282
2293
2305
2315
2326
2338
2349
2360
2371
2382
2393
2405
2416
2428
2439
2450
2461
2473
2484
2495
2506
2518
2529
2540
2551
2563
2574
2586
2598
2610
2622
2635
2647
2659
2671
2684
2696
2708
2720
2731
2743
2754
2765
2776
2788
2799
2809
2820
2830
2841
2852
2862
2873
2883
2893
2904
2914
2925
2935
2945
2956
2967
2977
2988
2999
3011
3022
3033
3044
3054
3066
3077
3089
3100
3111
3122
3133
3144
3155
3166
3177
3188
3198
3209
3219
3230
3241
3253
3264
3275
3286
3297
3308
3320
3331
3343
3354
3365
3377
3388
3399
3411
3422
3433
3445
3456
3467
3478
3490
3501
3512
3524
3535
3546
3557
3568
3580
3591
3602
3613
3624
3635
3646
3657
3668
3679
3690
3701
3712
3723
3734
3746
3757
3768
3779
3790
3801
3812
3823
3834
3845
3856
3867
3878
3889
3900
3911
3922
3933
3944
3955
3966
3977
3988
3999
4010
4021
4032
4044
4055
4066
4077
4087
4098
4109
4120
4131
4142
4153
4164
4175
4186
4197
4208
4219
4230
4242
4253
4264
4275
4286
4297
4308
4319
4330
4341
4352
4363
4374
4386
4396
4407
4418
4430
4441
4452
4463
4474
4484
4496
4507
4518
4529
4540
4551
4562
4573
4584
4595
4606
4617
4628
4639
4651
4662
4673
4684
4695
4706
4717
4728
4739
4750
4761
4772
4783
4794
4806
4817
4828
4839
4850
4861
4872
4884
4895
4906
4917
4928
4939
4950
4961
4972
4984
4994
5006
5017
5028
5040
5051
5062
5073
5084
5095
5106
5118
5129
5140
5151
5162
5173
5185
5196
5206
5218
5229
5240
5252
5263
5274
5285
5297
5308
5320
5331
5342
5353
5365
5376
5387
5398
5410
5421
5432
5443
5455
5466
5477
5489
5500
5511
5523
5534
5545
5557
5568
5580
5592
5603
5614
5625
5636
5648
5659
5671
5682
5693
5704
5715
5727
5738
5749
5760
5771
5783
5794
5806
5816
5827
5838
5850
5861
5872
5883
5894
5906
5917
5928
5939
5950
5961
5972
5982
5994
6005
6016
6027
6039
6051
6062
6073
6085
6097
6108
6119
6131
6142
6153
6164
6176
6187
6198
6210
6221
6233
6244
6255
6266
6277
6288
6299
6310
6321
6333
6344
6355
6366
6377
6388
6399
6411
6422
6433
6445
6457
6468
6480
6492
6503
6515
6526
6537
6548
6559
6571
6582
6593
6604
6616
6628
6640
6651
6663
6674
6685
6696
6707
6719
6731
6743
6755
6767
6778
6790
6802
6813
6824
6835
6846
6857
6869
6880
6892
6904
6915
6926
6937
6949
6961
6972
6983
6994
7005
7016
7028
7039
7050
7061
7072
7083
7095
7106
7117
7128
7139
7150
7161
7173
7184
7195
7206
7218
7230
7242
7253
7264
7275
7287
7298
7309
7321
7333
7345
7357
7369
7381
7392
7403
7415
7426
7437
7449
7460
7471
7483
7495
7507
7518
7529
7542
7553
7564
7576
7587
7599
7610
7622
7633
7645
7656
7667
7679
7690
7701
7712
7723
7735
7746
7757
7768
7779
7790
7801
7812
7823
7835
7846
7857
7868
7879
7890
7901
7912
7923
7935
7945
7957
7968
7979
7990
8001
8012
8023
8034
8045
8056
8067
8078
8089
8101
8112
8123
8134
8145
8156
8167
8178
8189
8201
8212
8223
8234
8245
8256
8267
8278
8289
8300
8311
8323
8334
8345
8356
8367
8378
8389
8400
8411
8422
8434
8445
8456
8467
8478
8489
8500
8511
8523
8534
8545
8556
8567
8578
8589
8600
8611
8623
8634
8645
8656
8667
8678
8689
8700
8711
8722
8734
8745
8756
8767
8778
8789
8800
8811
8822
8834
8845
8856
8867
8878
8889
8900
8911
8922
8934
8945
8956
8967
8978
8989
9000
9011
9022
9034
9045
9056
9067
9078
9089
9100
9111
9123
9134
9145
9156
9167
9178
9189
9200
9212
9223
9234
9245
9256
9267
9278
9289
9300
9312
9323
9334
9345
9356
9367
9378
9389
9401
9412
9423
9434
9445
9456
9467
9478
9490
9501
9512
9523
9534
9545
9556
9567
9578
9590
9601
9612
9623
9634
9645
9657
9668
9679
9690
9701
9712
9723
9734
9746
9757
9768
9779
9790
9801
9812
9823
9834
9846
9857
9868
9879
9890
9901
9912
9923
9935
9946
9957
9968
9979
9990
10001
10013
10024
10035
10046
10057
10068
10079
10090
10102
10113
10124
10135
10146
10157
10169
10180
10191
10202
10213
10224
10235
10246
10258
10269
10280
10291
10302
10313
10324
10335
10346
10358
10369
10380
10391
10402
10413
10424
10435
10447
10458
10469
10480
10491
10502
10514
10525
10536
10547
10558
10569
10581
10592
10603
10614
10625
10636
10647
10658
10670
10681
10692
10703
10714
10725
10736
10747
10758
10770
10781
10792
10803
10814
10825
10836
10847
10858
10870
10881
10892
10903
10914
10925
10936
10948
10959
10970
10981
10992
11003
11014
11025
11037
11048
11059
11070
11081
11092
11103
11115
11126
11137
11148
11159
11170
11181
11192
11204
11215
11226
11237
11248
11259
11270
11282
11293
11304
11315
11326
11337
11348
11360
11371
11382
11393
11404
11415
11426
11438
11449
11460
11471
11482
11493
11504
11515
11526
11538
11549
11560
11571
11582
11593
11604
11616
11627
11638
11649
11660
11671
11682
11694
11705
11716
11727
11738
11749
11760
11772
11783
11794
11805
11816
11827
11838
11849
11861
11872
11883
11894
11905
11916
11927
11938
11950
11961
11972
11983
11994
12005
12016
12028
12039
12050
12061
12072
12083
12094
12105
12117
12128
12139
12150
12161
12172
12183
12194
12206
12217
12228
12239
12250
12261
12273
12284
12295
12306
12317
12328
12339
12351
12362
12373
12384
12395
12406
12418
12429
12440
12451
12462
12473
12485
12496
12507
12518
12529
12540
12552
12563
12574
12585
12596
12607
12618
12629
12640
12652
12663
12674
12685
12696
12707
12719
12730
12741
12752
12763
12774
12785
12797
12808
12819
12830
12841
12852
12863
12875
12886
12897
12908
12919
12930
12941
12952
12964
12975
12986
12997
13008
13019
13030
13042
13053
13064
13075
13086
13097
13108
13119
13130
13142
13153
13164
13175
13186
13197
13208
13219
13231
13242
13253
13264
13275
13286
13298
13309
13320
13331
13342
13353
13364
13376
13387
13398
13409
13420
13431
13442
13453
13465
13476
13487
13498
13509
13520
13531
13542
13554
13565
13576
13587
13598
13609
13620
13631
13642
13654
13665
13676
13687
13698
13709
13721
13732
13743
13754
13765
13776
13787
13798
13810
13821
13832
13843
13854
13865
13876
13887
13898
13910
13921
13932
13943
13954
13965
13976
13988
13999
14010
14021
14032
14043
14054
14066
14077
14088
14099
14110
14121
14132
14143
14154
14165
14176
14188
14199
14210
14221
14232
14243
14254
14266
14277
14288
14299
14310
14321
14332
14343
14355
14366
14377
14388
14399
14410
14421
14432
14444
14455
14466
14477
14488
14499
14510
14521
14533
14544
14555
14566
14577
14588
14599
14610
14622
14633
14644
14655
14666
14677
14688
14699
14710
14722
14733
14744
14755
14766
14777
14788
14800
14811
14822
14833
14844
14855
14866
14877
14888
14900
14911
14922
14933
14944
14955
14966
14977
14989
15000
15011
15022
15033
15044
15055
15066
15078
15089
15100
15111
15122
15133
15145
15156
15167
15178
15189
15200
15211
15222
15233
15244
15256
15267
15278
15289
15300
15311
15322
15333
15344
15356
15367
15378
15389
15400
15411
15422
15433
15444
15456
15467
15478
15489
15500
15511
15522
15533
15545
15556
15567
15578
15589
15600
15611
15622
15634
15645
15656
15667
15678
15689
15700
15711
15723
15734
15745
15756
15767
15779
15790
15801
15812
15823
15834
15845
15856
15868
15879
15890
15901
15912
15923
15934
15946
15957
15968
15979
15990
16001
16012
16023
16035
16046
16057
16068
16079
16090
16101
16112
16124
16135
16146
16157
16168
16179
16190
16201
16213
16224
16235
16246
16257
16268
16280
