-7.439747664277777950e-02 -1.168207712405905652e-01
-9.500750340521335602e-03 -9.660459123551845551e-03
-1.730849966406822205e-02 -1.946304272860288620e-02
-2.054789522662758827e-02 -2.921363431960344315e-02
-2.043740490626078099e-02 -3.914503287523984909e-02
-2.734080229129176587e-02 -4.912142362445592880e-02
-3.024180319334845990e-02 -5.883201863616704941e-02
-3.276194834324996918e-02 -6.867649964988231659e-02
-3.281957530634826981e-02 -7.763410080224275589e-02
-2.501994897829717956e-02 -8.595373388379812241e-02
-2.316968611194170080e-02 -8.903191727586090565e-02
-3.118654436184442602e-02 -9.766705171205103397e-02
-2.813036160296178423e-02 -1.024355615954846144e-01
-2.787308889310224913e-02 -1.040181894786655903e-01
-2.321864832993014716e-02 -1.118291420862078667e-01
-2.737694169263704680e-02 -1.172684179618954659e-01
-2.369038370306952856e-02 -1.100694597698748112e-01
-2.578888210337026976e-02 -1.049643233418464661e-01
-2.502420695600449108e-02 -1.066564467037096620e-01
-2.016444841501652263e-02 -1.106441548326984048e-01
-1.755243457955657504e-02 -1.034666138002648950e-01
-2.188345940885483287e-02 -1.086810036795213819e-01
-2.881098177385865711e-02 -1.078436680836603045e-01
-2.614153886315762065e-02 -1.091928603127598763e-01
-2.146643458036123775e-02 -1.012656157836318016e-01
-1.853624533032416366e-02 -1.068031834438443184e-01
-2.290806814198731445e-02 -1.082619343651458621e-01
-2.851891645332216285e-02 -1.040535805514082313e-01
-2.064593729664920829e-02 -1.054541775956749916e-01
-2.545795717378496192e-02 -1.075611528940498829e-01
-1.781748362918733619e-02 -1.044825790449976921e-01
-1.717785186701803468e-02 -1.022310028783977032e-01
-2.580276876324205659e-02 -1.053748109843581915e-01
-2.866768743479042314e-02 -1.069787880405783653e-01
-2.638511336044757627e-02 -1.105221577454358339e-01
-2.812890265704481862e-02 -1.027861617039889097e-01
-2.950221509308903478e-02 -1.044726655818521976e-01
-2.780249574789195322e-02 -1.053271064884029329e-01
-3.368984488406567834e-02 -1.071158889099024236e-01
-3.027522726551978849e-02 -1.009258417761884630e-01
-3.668495383681147359e-02 -9.327307989588007331e-02
-4.006774257504730485e-02 -9.967270347988232970e-02
-3.408401086562662385e-02 -9.540371404727920890e-02
-2.985499100395827554e-02 -8.865825639804825187e-02
-2.374498452627449296e-02 -9.397568734129890800e-02
-3.035207325228839181e-02 -1.021136398776434362e-01
-3.074943297178833745e-02 -1.061133285402320325e-01
-3.533782832892029546e-02 -1.033337185508571565e-01
-2.670523547203629278e-02 -9.843678720062598586e-02
-2.325287600615411066e-02 -9.775414236355572939e-02
-2.098511717849760316e-02 -1.026959047885611653e-01
