-5.921618075328995146e-02 -1.305819082486490701e-01
-5.693284794688224792e-03 -9.942433796823024750e-03
-1.213844912126660347e-02 -1.991777308285236359e-02
-1.369876810349524021e-02 -2.987857349216938019e-02
-2.129719429649412632e-02 -3.974248003214597702e-02
-1.971886574756354094e-02 -4.972394183278083801e-02
-1.588544563855975866e-02 -5.962686054408550262e-02
-1.098210772033780813e-02 -6.962349358946084976e-02
-9.381469106301665306e-03 -7.959749363362789154e-02
-1.800655736587941647e-02 -8.956356439739465714e-02
-1.683094631880521774e-02 -9.929575957357883453e-02
-1.833358651492744684e-02 -1.075147306546568871e-01
-1.739035971695557237e-02 -1.170213231816887856e-01
-1.196151418844237924e-02 -1.194319620262831450e-01
-1.610648405039682984e-02 -1.267143117729574442e-01
-2.242834406206384301e-02 -1.302086745854467154e-01
-1.480374304810538888e-02 -1.311073582037352026e-01
-1.385656208731234074e-02 -1.237145084305666387e-01
-2.098949742503464222e-02 -1.288305259658955038e-01
-2.056951596750877798e-02 -1.351287136203609407e-01
-1.827556695207022130e-02 -1.298743876977823675e-01
-1.596660827635787427e-02 -1.336162408697418869e-01
-1.288575268699787557e-02 -1.349582125549204648e-01
-1.022264463244937360e-02 -1.311514678527601063e-01
-1.481027677073143423e-02 -1.250682941754348576e-01
-2.066629481851123273e-02 -1.315570145961828530e-01
-2.178267607814632356e-02 -1.255187003989703953e-01
-2.151732574566267431e-02 -1.281491141417063773e-01
-1.646697203977964818e-02 -1.308036849950440228e-01
-1.250229272409342229e-02 -1.274673687876202166e-01
-1.056343477102927864e-02 -1.234565973863936961e-01
-1.062385421028011478e-02 -1.294529671431519091e-01
-8.865363404765957966e-03 -1.288075799820944667e-01
-1.688312038095318712e-02 -1.342955710133537650e-01
-1.674391253982321359e-02 -1.412312824977561831e-01
-1.789895928595797159e-02 -1.403374751098453999e-01
-1.446497132201329805e-02 -1.363110644742846489e-01
-9.919995620293775573e-03 -1.329878647811710835e-01
-8.264333653642097488e-03 -1.398801342584192753e-01
-6.420008667191723362e-03 -1.344078020192682743e-01
-4.402298542117932811e-03 -1.286813942715525627e-01
-1.156371232718811370e-02 -1.316060093231499195e-01
-1.406931743622408248e-02 -1.348182894289493561e-01
-2.199968934655771591e-02 -1.284233513288199902e-01
-2.335106366444961168e-02 -1.200499548576772213e-01
-1.885784761179820634e-02 -1.236883320380002260e-01
-2.217222930994466878e-02 -1.205865386873483658e-01
-2.887330198791460134e-02 -1.296528391540050507e-01
-2.916806305074715056e-02 -1.303633223287761211e-01
-3.428951578462147154e-02 -1.359197436831891537e-01
-3.768307759673916735e-02 -1.282694330438971519e-01
