-2.409397594648819349e-02 -1.470540072490056915e-01
4.820985719561576843e-03 -9.436053223907947540e-03
6.679005455225706100e-03 -1.926870085299015045e-02
5.400997237302362919e-03 -2.925306465476751328e-02
8.927538176067173481e-03 -3.895198926329612732e-02
9.275616175727918744e-03 -4.883615951985120773e-02
1.748116716044023633e-03 -5.775088816881179810e-02
6.028702977346256375e-03 -6.760131381452083588e-02
1.407405856298282743e-03 -7.752506900578737259e-02
6.407035078154876828e-03 -8.740893751382827759e-02
8.277869812445715070e-03 -9.737802762538194656e-02
2.227506163762882352e-03 -1.073583299294114113e-01
-5.871212546480819583e-03 -1.144208149053156376e-01
-5.222108418820425868e-03 -1.241973233409225941e-01
-2.705605584196746349e-05 -1.321401228196918964e-01
-7.856643962441012263e-03 -1.382200350053608418e-01
-3.590343723772093654e-03 -1.384913017100188881e-01
-9.281928359996527433e-04 -1.429280996380839497e-01
-8.080109459115192294e-03 -1.372147597430739552e-01
-9.684242046205326915e-03 -1.354878748825285584e-01
-5.014728492824360728e-03 -1.362834520114120096e-01
-1.294415790471248329e-02 -1.404281317663844675e-01
-1.289610225649084896e-02 -1.361046567035373300e-01
-1.477377010451164097e-02 -1.380427905532997102e-01
-1.162718851992394775e-02 -1.439473975624423474e-01
-9.220078922226093709e-03 -1.477546989626716822e-01
-1.392945913539733738e-02 -1.428853692195843905e-01
-1.242921267112251371e-02 -1.410308113263454288e-01
-1.437251117022242397e-02 -1.430211414990480989e-01
-2.071138225437607616e-02 -1.434102120110765100e-01
-2.394999573880340904e-02 -1.484350656392052770e-01
-2.670339761243667454e-02 -1.406969475792720914e-01
-2.116076914535369724e-02 -1.413393962429836392e-01
-2.321186858171131462e-02 -1.392238509142771363e-01
-2.845036621147301048e-02 -1.365808463888242841e-01
-2.159497617685701698e-02 -1.374060434754937887e-01
-2.011649972700979561e-02 -1.441900555510073900e-01
-1.887750519381370395e-02 -1.412971131503582001e-01
-2.062787183967884630e-02 -1.385492247063666582e-01
-1.560068012622650713e-02 -1.455157285090535879e-01
-9.996623019105754793e-03 -1.424353497568517923e-01
-1.326653499563690275e-02 -1.349313228856772184e-01
-5.057590533397160470e-03 -1.427162203472107649e-01
-1.265576573496218771e-02 -1.479394591879099607e-01
-1.846335594018455595e-02 -1.434202555101364851e-01
-2.352635095303412527e-02 -1.389121308457106352e-01
-2.346334049798315391e-02 -1.441265626344829798e-01
-2.210516286868369207e-02 -1.444849582039751112e-01
-2.000927892368054017e-02 -1.402263087802566588e-01
-1.292367200221633539e-02 -1.437517959275282919e-01
-9.070196094398852438e-03 -1.400132901617325842e-01
