1.556364175607125901e-02 -1.487814408443644543e-01
7.518005091696977615e-03 -9.735343046486377716e-03
1.623517787083983421e-02 -1.964944601058959961e-02
1.645949637168087065e-02 -2.931124344468116760e-02
2.004111316637136042e-02 -3.929468244314193726e-02
2.445507413358427584e-02 -4.916035104542970657e-02
2.417779632378369570e-02 -5.867389682680368423e-02
2.122143574524670839e-02 -6.857896596193313599e-02
2.502330241259187460e-02 -7.749486807733774185e-02
2.173109480645507574e-02 -8.741912804543972015e-02
1.229903323110193014e-02 -9.730226919054985046e-02
1.618421880993992090e-02 -1.059062145650386810e-01
1.472043723333626986e-02 -1.152375452220439911e-01
1.504160731565207243e-02 -1.218192134983837605e-01
8.950355346314609051e-03 -1.298606223426759243e-01
1.654297614004462957e-02 -1.366750583983957767e-01
1.362765335943549871e-02 -1.352444611256942153e-01
5.156084313057363033e-03 -1.406204154482111335e-01
-1.802540966309607029e-03 -1.425002898322418332e-01
3.718924592249095440e-03 -1.452627336839213967e-01
3.996088576968759298e-03 -1.404466858366504312e-01
7.576035277452319860e-03 -1.406161746272118762e-01
5.021042365115135908e-03 -1.467973462567897514e-01
-1.031345513183623552e-03 -1.464542666944907978e-01
-7.626165461260825396e-03 -1.435133616469101980e-01
-1.531690650153905153e-03 -1.450369987433077767e-01
-2.983539307024329901e-03 -1.434072480333270505e-01
-4.168231680523604155e-03 -1.422318801778601483e-01
-7.848397071938961744e-03 -1.449564615759300068e-01
-1.399515493540093303e-02 -1.464147780352504924e-01
-9.795488032978028059e-03 -1.457465646817581728e-01
-6.021652312483638525e-03 -1.378531886293785647e-01
1.936818531248718500e-03 -1.383970243768999353e-01
-2.731368353124707937e-03 -1.457520601252326742e-01
-6.332226737868040800e-03 -1.419327460607746616e-01
-5.185242684092372656e-03 -1.409980999451363459e-01
-3.776540572289377451e-03 -1.327100806083763018e-01
-4.157312912866473198e-03 -1.405910421308362857e-01
-4.484509117901325226e-04 -1.404674888617591932e-01
-6.225268734851852059e-04 -1.453157325304346159e-01
7.970256119733676314e-04 -1.406661138898925856e-01
-4.582839465001598001e-04 -1.419627277209656313e-01
3.232321105315349996e-03 -1.344196039281086996e-01
-1.461757943616248667e-03 -1.419914231664733961e-01
-4.428278552950359881e-03 -1.432099387311609462e-01
-1.690391363808885217e-04 -1.480225248524220660e-01
7.006629457464441657e-04 -1.499999999999999944e-01
5.789440227090381086e-03 -1.499999999999999944e-01
-2.192456173361279070e-03 -1.420225189998745863e-01
1.687945667072199285e-03 -1.449609439354389850e-01
7.166821378632448614e-03 -1.439692550105974023e-01
