6.734867852715455128e-02 -1.239199262759777959e-01
9.422016330063343048e-03 -9.990615770220756531e-03
1.848707720637321472e-02 -1.989413984119892120e-02
2.698714565485715866e-02 -2.983483951538801193e-02
3.042177506722509861e-02 -3.979531768709421158e-02
3.453923040069639683e-02 -4.973562620580196381e-02
3.411836200393736362e-02 -5.971397645771503448e-02
3.252396406605839729e-02 -6.968295201659202576e-02
2.602258836850523949e-02 -7.967225369065999985e-02
2.654921804787591100e-02 -8.959538117051124573e-02
2.623089289409108460e-02 -9.938894771039485931e-02
2.396019388106651604e-02 -1.090003177523612976e-01
3.189075391856022179e-02 -1.177287744358181953e-01
3.103022856521420181e-02 -1.239063814282417297e-01
3.377604993875138462e-02 -1.179436426609754562e-01
3.010588625329546630e-02 -1.171123116509988904e-01
3.538028916227631271e-02 -1.174839346786029637e-01
3.930671160924248397e-02 -1.112761565600521863e-01
3.258783576893620193e-02 -1.198062536423094571e-01
3.771052110823802650e-02 -1.179909298080019653e-01
3.369352940353564918e-02 -1.232933757710270584e-01
3.756218307535164058e-02 -1.204994867439381778e-01
3.712414496112614870e-02 -1.142393254558555782e-01
3.528855321928858757e-02 -1.124052774976007640e-01
3.257698728702962399e-02 -1.178925779531709850e-01
2.689137193374335766e-02 -1.210501053719781339e-01
3.285593003965914249e-02 -1.206248429371044040e-01
3.044132143259048462e-02 -1.191914048977196217e-01
3.748112358152866364e-02 -1.207312700571492314e-01
3.012784756720066071e-02 -1.175069067394360900e-01
2.889446064364165068e-02 -1.213132593547925353e-01
2.947500988375395536e-02 -1.140777374384924769e-01
3.683705476578325033e-02 -1.109962990740314126e-01
3.712889697635546327e-02 -1.201849939534440637e-01
3.447425697231665254e-02 -1.148738173069432378e-01
3.334238153183832765e-02 -1.098876694450154901e-01
3.601829387480393052e-02 -1.170525100314989686e-01
3.703831526217982173e-02 -1.142974178073927760e-01
3.060462529538199306e-02 -1.212997039547190070e-01
2.533268200932070613e-02 -1.267077758675441146e-01
2.343641867628321052e-02 -1.233471777522936463e-01
2.390161741641350091e-02 -1.225449922494590282e-01
2.414279925869777799e-02 -1.197069135960191488e-01
3.011726710246875882e-02 -1.180727545870468020e-01
3.198294603498652577e-02 -1.110218473477289081e-01
2.754584868671372533e-02 -1.164203950902447104e-01
2.601155726006254554e-02 -1.173633071593940258e-01
3.481342730810865760e-02 -1.229191482998430729e-01
4.042102483799681067e-02 -1.208427741657942533e-01
3.499815467512235045e-02 -1.271242492366582155e-01
3.416553739225491881e-02 -1.211023039650171995e-01
