9.122057300716307493e-02 -9.097324810464546552e-02
9.852187708020210266e-03 -9.967492893338203430e-03
1.849285326898097992e-02 -1.985447108745574951e-02
2.847460471093654633e-02 -2.976137585937976837e-02
3.835842572152614594e-02 -3.877554368227720261e-02
4.796775896102190018e-02 -4.856636840850114822e-02
4.911861615255475044e-02 -5.737058073282241821e-02
5.874838633462786674e-02 -6.332953926175832748e-02
5.997704190667718649e-02 -7.145939301699399948e-02
6.689842033665627241e-02 -6.802299688570201397e-02
6.524487968999892473e-02 -7.606301154009997845e-02
6.976850482169538736e-02 -8.359770081005990505e-02
7.492956577334553003e-02 -8.251344587188214064e-02
7.780281722079962492e-02 -8.542227291036397219e-02
7.389445591252297163e-02 -7.742151443380862474e-02
7.092325261328369379e-02 -7.150322629604488611e-02
6.743491592351347208e-02 -7.222662284038960934e-02
6.414963921997696161e-02 -6.817028508521616459e-02
6.849836895707994699e-02 -7.459982647560536861e-02
7.045645907055586576e-02 -7.576577435247600079e-02
7.207616523373872042e-02 -6.893947883509099483e-02
6.811270548496395350e-02 -7.563865906558930874e-02
7.408976380247622728e-02 -8.336934982798993587e-02
6.617687374819070101e-02 -8.995520439930260181e-02
6.027352681849151850e-02 -8.395234192721545696e-02
5.955936602549627423e-02 -7.598331361077725887e-02
6.077242660103365779e-02 -8.181392191909253597e-02
6.650776200694963336e-02 -8.917136839590966702e-02
6.774498993763700128e-02 -8.838952117366716266e-02
6.485181866446509957e-02 -8.992199652129784226e-02
6.287476309807971120e-02 -8.467890281463041902e-02
6.235996074974536896e-02 -8.699511486338451505e-02
6.497174571268260479e-02 -9.386259998427703977e-02
5.940658156760036945e-02 -9.155290463240817189e-02
5.729780020192265511e-02 -9.011320216814056039e-02
5.732661308684328105e-02 -9.284232236677780747e-02
6.165533848070481326e-02 -9.066152322338894010e-02
6.198415346989349928e-02 -9.191811730852350593e-02
5.472381925756053533e-02 -9.828993811970576644e-02
5.980446795547322836e-02 -9.141423966502770782e-02
5.822984444057510700e-02 -9.274233429459854960e-02
5.445478612637089100e-02 -9.495913580758497119e-02
5.676483328534231987e-02 -9.790515917120501399e-02
5.788300443055049982e-02 -9.352239657891914248e-02
6.261686492325679865e-02 -9.551738126901909709e-02
6.353974744524748530e-02 -1.034018743666820228e-01
5.886376445960195269e-02 -1.068674111156724393e-01
6.112777541238756385e-02 -1.068968963409133721e-01
5.363426177609653678e-02 -9.869164643532712944e-02
6.057431415501923766e-02 -9.267642205304582603e-02
5.723069637861044612e-02 -8.772734129524906166e-02
