9.257707918156861393e-02 -1.219147701629200164e-02
9.872844442725181580e-03 -9.066130034625530243e-03
1.984212640672922134e-02 -1.858784630894660950e-02
2.971500623971223831e-02 -2.805803250521421432e-02
3.933266643434762955e-02 -2.631954266689717770e-02
4.783482756465673447e-02 -3.543134196661412716e-02
5.711719021201133728e-02 -4.001923673786222935e-02
6.598031520843505859e-02 -4.130554129369556904e-02
6.745737546589225531e-02 -4.683221434243023396e-02
7.312767708208411932e-02 -5.108285997994244099e-02
7.392943941522389650e-02 -4.745115386322140694e-02
6.850908754859119654e-02 -4.355026362463831902e-02
7.541284069884568453e-02 -4.476953973062336445e-02
7.069726625923067331e-02 -5.221920344047248363e-02
7.722023979295045137e-02 -4.869838221929967403e-02
7.664010900771245360e-02 -5.285165761597454548e-02
7.362117961747571826e-02 -5.147755960933864117e-02
7.261991099221631885e-02 -5.305548105388879776e-02
8.109770499868318439e-02 -4.823705367743968964e-02
7.383061730070039630e-02 -4.795984798693098128e-02
7.607843488221988082e-02 -4.983287319191731513e-02
7.659396261442452669e-02 -4.746120204799808562e-02
7.431900000665336847e-02 -4.495856529683806002e-02
7.577767816837877035e-02 -4.872008450911380351e-02
8.199010079260915518e-02 -4.452382717863656580e-02
8.279216231312602758e-02 -4.051871682167984545e-02
8.079954993445426226e-02 -4.532232732162810862e-02
8.598700875882059336e-02 -4.678196043823845685e-02
8.136303687933832407e-02 -4.614237518399022520e-02
8.063121169107034802e-02 -4.622196168929804116e-02
8.237111178459599614e-02 -4.649659067217726260e-02
7.745582127245143056e-02 -4.747467902780044824e-02
7.530121604213491082e-02 -4.082767428189981729e-02
7.848332199500873685e-02 -4.463403038971591741e-02
7.804479275364428759e-02 -4.013531860255170614e-02
7.395167381037026644e-02 -4.051493103906977922e-02
7.827608019579201937e-02 -4.032875831762794405e-02
7.601877429988235235e-02 -3.857618862821254879e-02
7.715809089131653309e-02 -4.423209246306214482e-02
8.171759569086134434e-02 -4.190595926775131375e-02
7.876859628595411777e-02 -3.904510814754758030e-02
8.272441686131060123e-02 -3.886806328955572098e-02
8.410421782173216343e-02 -4.356480918067973107e-02
8.247906866017729044e-02 -4.292038401763420552e-02
7.697446143720299006e-02 -4.362576505809556693e-02
8.321527496445924044e-02 -5.189605946361552924e-02
8.513255126308649778e-02 -5.223586792999412864e-02
7.886306464206427336e-02 -4.751899708935525268e-02
7.237657008226960897e-02 -4.236945613229181617e-02
6.656299147289246321e-02 -4.877346624562051147e-02
6.890316505450755358e-02 -5.121590603084769100e-02
