7.251132742309203405e-02 1.886296098296340318e-02
9.482332505285739899e-03 -9.727711789309978485e-03
1.941346470266580582e-02 -1.939743012189865112e-02
2.929349709302186966e-02 -2.932642400264739990e-02
3.920717723667621613e-02 -2.852051676018163562e-02
4.917305894196033478e-02 -3.694193315459415317e-02
5.880863592028617859e-02 -3.984366724034771323e-02
6.775662116706371307e-02 -4.219131538411602378e-02
7.295948686078190804e-02 -3.547669242834672332e-02
7.626374904066324234e-02 -4.025712789734825492e-02
7.839572010561823845e-02 -4.168643528828397393e-02
7.641263189725577831e-02 -3.971532644936814904e-02
8.073602733202278614e-02 -4.134168737800791860e-02
7.469551800750195980e-02 -4.623847949551418424e-02
7.568974373862147331e-02 -4.049097915412858129e-02
7.187237031757831573e-02 -3.904618759406730533e-02
7.147560306475497782e-02 -4.245837213238701224e-02
7.386909067281521857e-02 -3.547340532531961799e-02
7.758076247409917414e-02 -4.217061068629845977e-02
7.969551128917373717e-02 -3.775388741632923484e-02
7.869362577912397683e-02 -4.080487153260037303e-02
8.342616286245174706e-02 -4.075529477267991751e-02
8.519194091786630452e-02 -3.272990747063886374e-02
7.817623115261085331e-02 -3.335092110501136631e-02
8.362330406089313328e-02 -2.907066499756183475e-02
7.889902315218932927e-02 -2.522061752097215503e-02
7.361048928578384221e-02 -3.342799549864139408e-02
8.218117713113315403e-02 -3.295370705018285662e-02
8.271090741618536413e-02 -2.761531948635820299e-02
8.050457233912311494e-02 -3.441837524587754160e-02
7.863629455096088350e-02 -4.097169220040086657e-02
7.816099998308345675e-02 -4.397797516139689833e-02
7.435322221135720611e-02 -4.273870763427112252e-02
7.466709430445916951e-02 -4.557436275354120880e-02
7.376043379190377891e-02 -4.075798708072397858e-02
7.344780088169500232e-02 -3.795832012838218361e-02
7.418878911994397640e-02 -4.158702226413879544e-02
7.661252259276807308e-02 -4.851696187688503414e-02
7.922099111601710320e-02 -4.595460592827294022e-02
7.761363510508090258e-02 -4.412532389687839895e-02
8.153586753178387880e-02 -4.419635952217504382e-02
7.711391348857432604e-02 -4.566882067592814565e-02
8.289129252079874277e-02 -4.945806559408083558e-02
8.145489334128797054e-02 -4.393442353466525674e-02
7.572061498649418354e-02 -4.520876245805993676e-02
7.033635186962783337e-02 -3.949008096242323518e-02
7.441278011538088322e-02 -4.369466757634654641e-02
6.954575353302061558e-02 -3.778024163329973817e-02
6.997777990181930363e-02 -4.075452830875292420e-02
7.247071436722762883e-02 -3.562294045696035028e-02
7.317816905560903251e-02 -4.012926720315590501e-02
