5.695459831438452053e-02 3.219594716801497947e-02
9.862391278147697449e-03 -8.004298433661460876e-03
1.953489705920219421e-02 -1.781808305531740189e-02
2.863968722522258759e-02 -2.617790643125772476e-02
3.852577693760395050e-02 -3.522580210119485855e-02
4.739925637841224670e-02 -4.392343107610940933e-02
5.230137845501303673e-02 -4.606011975556612015e-02
5.860373517498373985e-02 -5.231515597552061081e-02
6.575869070366024971e-02 -5.068622191902250051e-02
6.981542566791176796e-02 -4.268543829675763845e-02
7.346890191547572613e-02 -4.353307414567098022e-02
7.896553236059844494e-02 -4.609458002960309386e-02
7.658503740094602108e-02 -4.756436677416786551e-02
7.794946280773729086e-02 -4.222600808134302497e-02
8.227238745894283056e-02 -4.788778530200943351e-02
7.911449170205742121e-02 -4.150939121609553695e-02
7.340140885207802057e-02 -3.861150395823642612e-02
7.003037410322576761e-02 -4.631952772615477443e-02
7.785499526653438807e-02 -5.099531606538221240e-02
8.244712895248085260e-02 -4.587510897545143962e-02
8.742320595774799585e-02 -4.892407607985660434e-02
8.131564513314515352e-02 -4.653198429150506854e-02
7.939343468751758337e-02 -4.795563936932012439e-02
7.810935156885534525e-02 -4.290578392101451755e-02
7.940069446340203285e-02 -5.259035498602315784e-02
7.400544313713908195e-02 -5.782870919210836291e-02
7.156851026229560375e-02 -5.910171353025361896e-02
7.612150046043097973e-02 -5.903865181608125567e-02
7.738530600909143686e-02 -5.405931797577068210e-02
7.659093226538971066e-02 -5.752482259413227439e-02
8.171269978629425168e-02 -5.286163924029096961e-02
7.978846464538946748e-02 -5.265166162280365825e-02
8.228578121634200215e-02 -5.288737414230126888e-02
7.863887102575972676e-02 -5.174518581770826131e-02
7.124047289835289121e-02 -4.683478474908042699e-02
7.333867443958297372e-02 -4.942084425420034677e-02
6.970510986866429448e-02 -5.532569154456723481e-02
6.469327706145122647e-02 -6.260626060247886926e-02
5.802525376202538610e-02 -6.258888108095561620e-02
6.136345007689669728e-02 -6.411329548245703336e-02
6.503616907866671681e-02 -6.241514006069337483e-02
6.883948185713961720e-02 -6.658179297483002301e-02
7.180895778583362699e-02 -6.102576976081763860e-02
6.973548146197572351e-02 -6.535768307185207959e-02
7.178216060856357217e-02 -6.407506504001503345e-02
7.202201684413012117e-02 -6.377837695436028298e-02
7.139465589716564864e-02 -5.440462176011351403e-02
7.039325432560872287e-02 -6.080237338574079331e-02
7.375118909112643450e-02 -6.692749476314929780e-02
7.619757000065874308e-02 -6.986173363657144364e-02
7.032047286338638514e-02 -6.808070156512258109e-02
