-7.160330312727052060e-02 1.980663995111218989e-02
-7.357660215348005295e-03 -9.884408675134181976e-03
-1.619940297678112984e-02 -1.881417632102966309e-02
-1.167407305911183357e-02 -2.871604729443788528e-02
-1.876529306173324585e-02 -3.870577737689018250e-02
-2.429268555715680122e-02 -4.861788079142570496e-02
-2.639260119758546352e-02 -5.762117262929677963e-02
-2.387046534568071365e-02 -6.273207999765872955e-02
-1.807319233193993568e-02 -6.898715579882264137e-02
-2.519699605181813240e-02 -6.906545961101073772e-02
-2.016041101887822151e-02 -7.164568438020069152e-02
-1.285805786028504372e-02 -7.753679326560813934e-02
-1.414091372862458229e-02 -8.077676578250247985e-02
-2.176645770668983459e-02 -7.864200750191230327e-02
-1.606873422861099243e-02 -7.869049051441834308e-02
-1.793538534548133612e-02 -8.289592649452970363e-02
-1.464457728434354067e-02 -7.578098104931996204e-02
-1.721279055345803499e-02 -7.319963263944373466e-02
-1.216630602721124887e-02 -7.286824036054895259e-02
-1.119789748918265104e-02 -7.920945698060677387e-02
-8.170119835995137691e-03 -7.559175190181122161e-02
-6.049487856216728687e-03 -8.248185186312184669e-02
-1.972103607840836048e-03 -8.667968173176632263e-02
4.372492316178977489e-03 -8.993441105485544540e-02
1.071701559703797102e-02 -9.403178660795674659e-02
9.552418370731174946e-03 -8.702961920425877906e-02
4.509317339397966862e-03 -8.809469401967362501e-02
1.000793848652392626e-02 -9.359396197032765485e-02
7.568697095848619938e-03 -9.750511678066686727e-02
1.248025672975927591e-02 -9.430818114560679533e-02
1.939070934895426035e-02 -9.953342745211557485e-02
1.782947301398962736e-02 -9.813616582323447801e-02
1.712679088814184070e-02 -9.379444661681191064e-02
1.629004720598459244e-02 -8.996535133701399900e-02
2.084350120276212692e-02 -9.784317430239752866e-02
2.375056990422308445e-02 -9.612127003856585361e-02
2.384390600491315126e-02 -9.863134666011319496e-02
1.716081064660102129e-02 -9.597349801697419025e-02
1.823539531324058771e-02 -9.859148954637930728e-02
2.086457528639584780e-02 -9.163010336123988964e-02
1.894645846914499998e-02 -9.920139640234992839e-02
2.052131085656583309e-02 -9.918286770334816538e-02
1.464657508768141270e-02 -9.800485221421695314e-02
7.596106501296162605e-03 -1.021258051296172198e-01
6.581473397091031075e-03 -1.090189388742146548e-01
1.325971004553139210e-02 -1.012151486029324587e-01
1.570342294871807098e-02 -9.923538149087107740e-02
1.171712437644600868e-02 -9.290883599533117376e-02
4.081489518284797668e-03 -9.682367139248526655e-02
-1.566242892295122147e-03 -1.024484508925525006e-01
2.963969949632883072e-03 -9.439161468981183134e-02
