-9.846753169745481316e-02 -3.256024078690501755e-02
-9.956857189536094666e-03 -9.728820994496345520e-03
-1.966588757932186127e-02 -1.940795965492725372e-02
-2.902132831513881683e-02 -2.938793599605560303e-02
-3.743925504386425018e-02 -3.888147789984941483e-02
-4.393657017499208450e-02 -4.877714440226554871e-02
-4.698038380593061447e-02 -5.526393698528409004e-02
-5.091478023678064346e-02 -5.531052814694703557e-02
-4.676339682191610336e-02 -6.301240425455034710e-02
-4.904278437606990337e-02 -7.120391901480616070e-02
-4.547468479722738266e-02 -7.502015808495343663e-02
-5.242546601220965385e-02 -7.596019603442982771e-02
-5.351583403535187244e-02 -7.753935672008083202e-02
-5.254809185862541199e-02 -8.273929107599542476e-02
-5.605160514824092388e-02 -7.750770339407608844e-02
-5.303003476001322269e-02 -7.257510564886615612e-02
-4.842618177644908428e-02 -7.423201931305811740e-02
-5.314512434415519238e-02 -7.179690624252543785e-02
-5.335698666749522090e-02 -8.043853106573806144e-02
-5.100976180983707309e-02 -8.141741570216254331e-02
-4.854566761059686542e-02 -7.995226438288227655e-02
-5.132432276150211692e-02 -8.083465329036698677e-02
-5.472277797525748610e-02 -7.705376396552310325e-02
-5.249038495821878314e-02 -7.279047515839920379e-02
-4.568337014643475413e-02 -7.521644194275722839e-02
-5.167461204109713435e-02 -7.486687621349119581e-02
-5.226073134690523148e-02 -7.384384595570736565e-02
-5.195856321370229125e-02 -7.532241786611848511e-02
-5.314902827376499772e-02 -8.029427737710648216e-02
-5.250740813789889216e-02 -8.278871685979538597e-02
-4.540588910458609462e-02 -7.453940049526863731e-02
-4.450940189417451620e-02 -7.096436279607587494e-02
-5.038132274057716131e-02 -7.743945889887982048e-02
-5.372112279292196035e-02 -8.029931839337223209e-02
-4.880446789320558310e-02 -7.973597463933401741e-02
-4.344757308717817068e-02 -8.061528855250799097e-02
-4.806868720334023237e-02 -8.210290896022343077e-02
-5.083641933742910624e-02 -8.001446348862373270e-02
-4.624954157043248415e-02 -8.457972153337323107e-02
-4.643774918804410845e-02 -7.794209008352481760e-02
-5.204539794067386538e-02 -7.564713849933468737e-02
-4.911324522981885821e-02 -7.869259894141578116e-02
-5.626128242874983698e-02 -8.147636938156210817e-02
-6.087149913946632296e-02 -7.625741043375455774e-02
-5.418449455464724451e-02 -6.790896036909543909e-02
-5.531614950450602919e-02 -7.292124253945075907e-02
-6.120732544513884932e-02 -7.233810765683301724e-02
-5.633336889150086790e-02 -7.004172183587797917e-02
-5.398378848622087389e-02 -7.053570184871205129e-02
-5.340865494508761913e-02 -7.061973366580787115e-02
-5.569421460677403957e-02 -7.924924105100217275e-02
