-9.759356277177552719e-02 -7.180588236030616134e-02
-8.717298507690429688e-03 -9.943455457687377930e-03
-1.667410787194967270e-02 -1.955520641058683395e-02
-2.255640085786581039e-02 -2.942376863211393356e-02
-2.715625707060098648e-02 -3.941891156136989594e-02
-2.473402698524296284e-02 -4.928215965628623962e-02
-2.719155675731599331e-02 -5.925197340548038483e-02
-2.263177768327295780e-02 -6.921764090657234192e-02
-2.446810202673077583e-02 -7.872490491718053818e-02
-2.095859614200890064e-02 -8.863202482461929321e-02
-1.574943889863789082e-02 -9.826639201492071152e-02
-1.475084654521197081e-02 -1.062225019559264183e-01
-1.773987698834389448e-02 -1.121923043392598629e-01
-1.414337090682238340e-02 -1.109152140561491251e-01
-2.055993757676333189e-02 -1.170062201563268900e-01
-2.695813064929097891e-02 -1.234156482387334108e-01
-1.820567750837653875e-02 -1.202122454997152090e-01
-1.854961359640583396e-02 -1.277117689605802298e-01
-1.443936344003304839e-02 -1.304868599399924278e-01
-2.334602124756202102e-02 -1.253814697265625000e-01
-2.470767317572608590e-02 -1.226307749748229980e-01
-1.878009649226441979e-02 -1.219432544894516468e-01
-1.747227046871557832e-02 -1.175070810131728649e-01
-2.010644396068528295e-02 -1.226326022297143936e-01
-1.241206267150118947e-02 -1.258217545691877604e-01
-9.742284950334578753e-03 -1.193338858429342508e-01
-5.734802514780312777e-03 -1.248540577944368124e-01
-7.841031590942293406e-03 -1.296949444804340601e-01
-1.160744723165407777e-02 -1.289214860298670828e-01
-1.426231680670753121e-02 -1.330116168246604502e-01
-1.632513391086831689e-02 -1.365344722871668637e-01
-1.008116506272926927e-02 -1.373007394722662866e-01
-1.206869032466784120e-02 -1.371901847815024666e-01
-7.003638020250946283e-03 -1.358271946592140011e-01
-1.008320302935317159e-02 -1.363353659908170812e-01
-1.600793638499453664e-02 -1.287703542548115365e-01
-1.477860735030844808e-02 -1.275989061032305472e-01
-2.385264617623761296e-02 -1.284723132193903439e-01
-2.062631846638396382e-02 -1.239570681282202713e-01
-1.922295097028836608e-02 -1.223172751997481100e-01
-1.900349263451062143e-02 -1.142247954194317572e-01
-2.273140437318943441e-02 -1.154330310455407016e-01
-2.272632605763647007e-02 -1.219917561902548186e-01
-2.923859636666747974e-02 -1.262566044970299117e-01
-2.942315140990103828e-02 -1.207463422833825462e-01
-2.685510927130962955e-02 -1.156502345620538108e-01
-1.961413678964163410e-02 -1.162295082394848578e-01
-1.267589536746527301e-02 -1.246937617470393889e-01
-1.127285930579091655e-02 -1.264756139644305222e-01
-1.867238014256145107e-02 -1.232996901308069937e-01
-1.216988918622519122e-02 -1.212936350420932285e-01
