-7.981011779684599183e-02 -1.102523451597825221e-01
-9.890513494610786438e-03 -9.151190519332885742e-03
-1.985859218984842300e-02 -1.909867767244577408e-02
-2.872760780155658722e-02 -2.888362482190132141e-02
-3.711484745144844055e-02 -3.875888977199792862e-02
-4.515355639159679413e-02 -4.705263115465641022e-02
-4.407011682633310556e-02 -5.688402522355318069e-02
-5.180202203337103128e-02 -6.682910304516553879e-02
-4.328808991704136133e-02 -7.634762022644281387e-02
-4.774048423860222101e-02 -8.534584194421768188e-02
-4.634698852896690369e-02 -9.330549277365207672e-02
-4.536671750247478485e-02 -1.008931291289627552e-01
-4.866972425952553749e-02 -9.264232264831662178e-02
-4.768071277067065239e-02 -9.889512788504362106e-02
-4.107835050672292709e-02 -9.643156430684030056e-02
-4.360589245334267616e-02 -1.025881406385451555e-01
-4.440257704118266702e-02 -9.811753476969897747e-02
-3.585890313843265176e-02 -9.670689189806580544e-02
-3.493316198000684381e-02 -1.021199752576649189e-01
-4.276355920592322946e-02 -1.076949378475546837e-01
-4.740120569476857781e-02 -1.008061431348323822e-01
-4.089201387250795960e-02 -1.049252953380346298e-01
-3.852479049237444997e-02 -1.016923203133046627e-01
-4.022464336594566703e-02 -1.020848413172643632e-01
-4.130797268589958549e-02 -1.037416942126583308e-01
-3.906349785393103957e-02 -1.091350163042079657e-01
-4.518023313721641898e-02 -1.010493174835573882e-01
-4.171470244182273746e-02 -1.001951293146703392e-01
-3.649833536474034190e-02 -9.604264088557101786e-02
-3.208254667697474360e-02 -1.031934729835484177e-01
-3.894856310216709971e-02 -1.000312987307552248e-01
-3.452441812260076404e-02 -1.072728886792901903e-01
-2.857027313439175487e-02 -1.062512495846021920e-01
-3.215216234093531966e-02 -1.049327352375257760e-01
-4.066677059745416045e-02 -1.050451108530978672e-01
-4.326554009458050132e-02 -9.827919484087033197e-02
-4.083269665716215968e-02 -1.010201668177614920e-01
-4.139959882013499737e-02 -1.053226982985506766e-01
-4.422966134734451771e-02 -1.002280965258250944e-01
-3.937349212355911732e-02 -1.079789858122239821e-01
-3.729755780659615993e-02 -1.122185203057597391e-01
-4.047212842851877213e-02 -1.051471137252519839e-01
-4.479218693450093269e-02 -1.088913843777845614e-01
-4.190670698881149292e-02 -1.041666615565191023e-01
-4.198037892638240010e-02 -1.083485686031053774e-01
-4.014783773163799196e-02 -1.044564842522959225e-01
-3.936301149951759726e-02 -9.983670844667358324e-02
-3.440633813443128020e-02 -1.036489016187260859e-01
-3.771132371912244707e-02 -1.084183363054762594e-01
-3.627043032611254603e-02 -1.012303323295782320e-01
-3.996899981575552374e-02 -1.061515469846199267e-01
