-3.325323219120531609e-02 -1.443091859197065951e-01
-5.006528925150632858e-03 -9.757066145539283752e-03
-1.871411688625812531e-03 -1.962402276694774628e-02
-4.918205086141824722e-04 -2.960944548249244690e-02
-6.865522125735878944e-03 -3.953859303146600723e-02
-6.148256536107510328e-03 -4.944099299609661102e-02
2.008824434597045183e-03 -5.910813342779874802e-02
3.396618471015244722e-03 -6.894033122807741165e-02
6.028666452039033175e-03 -7.893127575516700745e-02
1.324080221820622683e-03 -8.879994601011276245e-02
2.294605947099626064e-03 -9.874526690691709518e-02
-1.426169765181839466e-03 -1.084832306951284409e-01
-6.792704691179096699e-03 -1.183193409815430641e-01
-1.341999287251383066e-02 -1.277431817725300789e-01
-2.002417494077235460e-02 -1.282407499966211617e-01
-1.189454656559973955e-02 -1.369677864131517708e-01
-1.961874507833272219e-02 -1.413055530865676701e-01
-1.546943711582571268e-02 -1.482655073632486165e-01
-8.211302221752703190e-03 -1.499999999999999944e-01
-1.195075397845357656e-02 -1.418836355209350530e-01
-1.782354328315705061e-02 -1.499999999999999944e-01
-1.548285933677107096e-02 -1.453212882392108385e-01
-2.066694025415927172e-02 -1.499999999999999944e-01
-1.517923839855939150e-02 -1.499999999999999944e-01
-9.986242395825684071e-03 -1.459701192565262262e-01
-2.772800275124609470e-03 -1.499999999999999944e-01
-7.359015871770679951e-03 -1.485931110568344538e-01
-6.631522148381918669e-03 -1.499999999999999944e-01
-1.562014751834794879e-02 -1.428157762624323313e-01
-1.927550596883520484e-02 -1.490328331477940027e-01
-1.733458443777635694e-02 -1.428463692776858751e-01
-2.026258507976308465e-02 -1.362214610911905710e-01
-1.713601156370714307e-02 -1.312530493363738004e-01
-1.575389906065538526e-02 -1.366203097626566831e-01
-1.175855455221608281e-02 -1.431250689551234190e-01
-8.892799087334424257e-03 -1.440180389094166402e-01
-8.681040475494228303e-03 -1.412151686730794553e-01
-9.691861909232102334e-03 -1.398666684166528229e-01
-1.796880036999937147e-02 -1.442907742806710247e-01
-1.776848942972719669e-02 -1.438517336267977897e-01
-1.558265951462090015e-02 -1.426565091591328327e-01
-1.417899038642644882e-02 -1.370067590381950084e-01
-1.723619247786700726e-02 -1.438377279322594349e-01
-1.134343887679278851e-02 -1.349327111151069347e-01
-1.426591305062174797e-02 -1.394926350098103229e-01
-2.130499854683876038e-02 -1.444799772929400150e-01
-1.870107441209256649e-02 -1.399364702869206611e-01
-1.833149581216275692e-02 -1.441962782759219353e-01
-1.823229699948569760e-02 -1.429663329385220949e-01
-2.084366938652237877e-02 -1.375645930878817980e-01
-2.305984155827900395e-02 -1.402960306499153320e-01
