7.605030800618615278e-03 -1.497103981865564593e-01
9.557579644024372101e-03 -9.970013052225112915e-03
1.596529223024845123e-02 -1.969696488231420517e-02
2.076681796461343765e-02 -2.961914334446191788e-02
2.114537419402040541e-02 -3.935353644192218781e-02
1.719044023775495589e-02 -4.912752192467451096e-02
2.321462673717178404e-02 -5.888651777058839798e-02
2.126521340687759221e-02 -6.884165946394205093e-02
2.358345736865885556e-02 -7.836858276277780533e-02
2.986178736318834126e-02 -8.811761811375617981e-02
2.122213880647905171e-02 -9.805773757398128510e-02
2.371318967198021710e-02 -1.077794963493943214e-01
2.231335200485773385e-02 -1.175756826996803284e-01
1.878230905276723206e-02 -1.247795652598142624e-01
1.959741805330850184e-02 -1.307531609199941158e-01
1.762792855151928961e-02 -1.352378767915070057e-01
8.882451948011294007e-03 -1.396991671063005924e-01
1.153180203982628882e-02 -1.435180127155035734e-01
8.207145525375381112e-03 -1.437201952358009294e-01
1.576359561295248568e-02 -1.471935020090313628e-01
1.394664277904666960e-02 -1.499999999999999944e-01
1.253066529170610011e-02 -1.499999999999999944e-01
1.037083673872984946e-02 -1.435657214373350088e-01
1.207453061942942441e-02 -1.495954916812479440e-01
4.810145153896883130e-03 -1.425149343907833044e-01
-8.244111086241900921e-05 -1.430253790225833599e-01
4.258436179952695966e-03 -1.490241725463420097e-01
8.236004796344786882e-04 -1.470265002921223585e-01
4.330350348027423024e-03 -1.461164816049858872e-01
3.711672645295038819e-03 -1.470848782686516587e-01
4.073154530487954617e-03 -1.479167397250421290e-01
8.556600543670356274e-03 -1.482613296597264652e-01
7.849870016798377037e-04 -1.482858635266893488e-01
-4.834795021452009678e-03 -1.499999999999999944e-01
3.581032506190240383e-03 -1.463385844603180830e-01
8.445274434052407742e-03 -1.443432116415351574e-01
8.269158206530846655e-03 -1.499999999999999944e-01
3.319700263091363013e-03 -1.451310860924422685e-01
4.486271660425700247e-03 -1.447931468486785833e-01
-1.996119026443921030e-03 -1.404490974731743280e-01
5.189583185710944235e-03 -1.423051133519038502e-01
-7.363329496001824737e-04 -1.485677486984059159e-01
3.209780450561083853e-03 -1.499999999999999944e-01
6.173120593302883208e-03 -1.464291418436914627e-01
1.330722194688860327e-02 -1.499999999999999944e-01
4.657522556954063475e-03 -1.499999999999999944e-01
1.136912243964616209e-02 -1.454504990018904154e-01
4.942442537867464125e-03 -1.498124288395047132e-01
1.361335409455932677e-03 -1.499999999999999944e-01
-3.692234022310003638e-04 -1.484136737184598986e-01
-3.426679279073141515e-03 -1.476891888072714154e-01
