6.286172118467638070e-02 -1.277714858396058473e-01
8.498284965753555298e-03 -9.919431991875171661e-03
1.809505186975002289e-02 -1.988173089921474457e-02
2.743482496589422226e-02 -2.977916505187749863e-02
3.358161961659789085e-02 -3.956697322428226471e-02
3.432101523503661156e-02 -4.942374583333730698e-02
3.911101259291172028e-02 -5.931459553539752960e-02
3.424523677676916122e-02 -6.926071830093860626e-02
3.756949491798877716e-02 -7.921863626688718796e-02
3.010851191356778145e-02 -8.917991071939468384e-02
2.313762484118342400e-02 -9.891848172992467880e-02
3.091610129922628403e-02 -1.086065489798784256e-01
3.902156837284564972e-02 -1.134107522666454315e-01
4.724638257175683975e-02 -1.181347849778831005e-01
4.136461485177278519e-02 -1.233165655285120010e-01
3.952579014003276825e-02 -1.201005505863577127e-01
4.045529954601079226e-02 -1.127842997666448355e-01
4.346350289415568113e-02 -1.184515582863241434e-01
4.796914185862988234e-02 -1.167193066794425249e-01
5.118524993304163218e-02 -1.117084359284490347e-01
4.577691724989563227e-02 -1.121594076394103467e-01
3.903174505103379488e-02 -1.095766764483414590e-01
3.704171290155500174e-02 -1.173007110483013093e-01
4.576025658752769232e-02 -1.109376791282556951e-01
4.592662864888552576e-02 -1.119910099660046399e-01
4.846252129937056452e-02 -1.150395763688720763e-01
4.069036246801260859e-02 -1.089592315838672221e-01
3.830393312091473490e-02 -1.175800320343114436e-01
4.127969245018903166e-02 -1.257216213853098452e-01
3.965116247127298266e-02 -1.204190888092853129e-01
3.218368954549077898e-02 -1.164854826056398451e-01
3.138105339894536883e-02 -1.142590202507562935e-01
3.013479955552611500e-02 -1.137955404992680997e-01
3.361080646573100239e-02 -1.200365496042650193e-01
3.981758806912694126e-02 -1.163398159842472523e-01
3.805240489600691944e-02 -1.211183063860516995e-01
4.227617349533829838e-02 -1.148296540777664632e-01
3.978079477383289486e-02 -1.111592489469330758e-01
3.836626211705151945e-02 -1.133746963168960065e-01
3.752180853916797787e-02 -1.191884053114335984e-01
4.051889701804611832e-02 -1.278803979221265763e-01
4.168515479250345379e-02 -1.200894654903095216e-01
4.934143194986972958e-02 -1.207425315224099904e-01
4.641607184021268040e-02 -1.243810237210709602e-01
4.513829377538058907e-02 -1.307764069933909923e-01
4.460247904353309423e-02 -1.228604538191575557e-01
4.330523645330686122e-02 -1.144605239678639919e-01
3.726535251189488918e-02 -1.170828617468941957e-01
3.563272774044889957e-02 -1.152380729618016630e-01
4.020031036634463817e-02 -1.215747586975339800e-01
4.894204770971555263e-02 -1.263424019853118807e-01
