8.824839461572275834e-02 -9.703425185699965372e-02
9.884526953101158142e-03 -8.911073207855224609e-03
1.975048054009675980e-02 -1.890055648982524872e-02
2.922495361417531967e-02 -2.880611643195152283e-02
3.892028052359819412e-02 -3.876570891588926315e-02
4.841684084385633469e-02 -4.714596737176179886e-02
5.098965507932007313e-02 -5.643360316753387451e-02
5.456925719045102596e-02 -6.475178338587284088e-02
5.957904155366122723e-02 -7.455458492040634155e-02
6.706637400202453136e-02 -8.392605651170015335e-02
6.253682100214064121e-02 -7.930450187996029854e-02
5.787358782254159451e-02 -8.744474453851580620e-02
5.252109956927597523e-02 -8.657815738115459681e-02
5.858146375976502895e-02 -9.617694059852510691e-02
5.420423462055623531e-02 -9.194169344846159220e-02
5.181187228299677372e-02 -9.512774751055985689e-02
5.427360604517161846e-02 -9.919009369332343340e-02
4.780926532112061977e-02 -9.123894118238240480e-02
5.168145825155079365e-02 -9.968733799178153276e-02
5.627251067198812962e-02 -1.000526965653989464e-01
5.070774792693555355e-02 -1.013812680321279913e-01
4.720780905336141586e-02 -1.032884324959013611e-01
4.997711349278688431e-02 -9.927435676218010485e-02
5.007429171382682398e-02 -9.820301577565260231e-02
5.577750254451530054e-02 -9.636231468175537884e-02
5.438784830766962841e-02 -9.262624432449229062e-02
5.403912536712596193e-02 -9.891922402312047780e-02
5.600259759376058355e-02 -9.255522073362953961e-02
4.808178105304250494e-02 -1.009472939476836473e-01
5.288716339418897405e-02 -9.932680815109051764e-02
5.567534108558902517e-02 -1.068489534372929484e-01
4.812749548727879301e-02 -1.038782116083893925e-01
5.206530242139706388e-02 -9.609599076793529093e-02
5.091178385919192806e-02 -9.857528950669802725e-02
4.723406877747038379e-02 -1.035319316724780947e-01
4.863244496664265171e-02 -9.837732944288291037e-02
5.268368652468780056e-02 -1.040675338881555945e-01
5.114446630614111200e-02 -1.003935941553208977e-01
5.415267105126986280e-02 -1.006746950151864439e-01
4.895645453507313505e-02 -1.027892633865121752e-01
5.221897902811178938e-02 -1.018305584730114788e-01
4.981581334868678823e-02 -9.774457439198158681e-02
4.813385432498762384e-02 -9.420883897109888494e-02
5.166960418137023225e-02 -9.254676112323068082e-02
5.729942586185643449e-02 -9.684762460528872907e-02
5.133964357810327783e-02 -9.934918381622992456e-02
5.267251787154236808e-02 -9.684260826907120645e-02
5.736349282233277336e-02 -9.801632384187541902e-02
5.837060025805840269e-02 -9.994636985356919467e-02
5.543941146606812254e-02 -9.205617054249159992e-02
5.196969214739510790e-02 -9.047321425168775022e-02
