9.947939372930914015e-02 -6.019069297197655183e-02
9.879546239972114563e-03 -9.802448563277721405e-03
1.976152975112199783e-02 -1.976970955729484558e-02
2.943609189242124557e-02 -2.961991541087627411e-02
3.924566879868507385e-02 -3.955495636910200119e-02
4.752468504011631012e-02 -4.922225140035152435e-02
5.680759530514478683e-02 -5.687570571899414062e-02
6.226759636774659157e-02 -6.535946857184171677e-02
6.251565538696013391e-02 -7.007340062409639359e-02
6.832856251276098192e-02 -6.728013860993087292e-02
7.355293197906576097e-02 -7.194340066052973270e-02
6.506794257438741624e-02 -7.723464840091764927e-02
6.895762830390594900e-02 -7.254528743214905262e-02
7.037418751860968769e-02 -7.286482019117102027e-02
6.238620771910063922e-02 -7.984853669768199325e-02
6.704756242106668651e-02 -8.221995219355449080e-02
5.973640081356279552e-02 -7.785547146340832114e-02
5.912948251352645457e-02 -8.342661563074216247e-02
6.037233831011690199e-02 -8.489770774031057954e-02
5.516870380961336195e-02 -8.823483117157593369e-02
5.331375371315516531e-02 -9.145185939269140363e-02
5.947245252900756896e-02 -9.445638052420690656e-02
6.449050191440619528e-02 -9.080059413099661469e-02
7.127533914172090590e-02 -9.131863596849143505e-02
6.723641153075732291e-02 -8.624474308453500271e-02
6.590181650244630873e-02 -9.236850612796843052e-02
6.271065180771984160e-02 -9.161619300721213222e-02
6.109690261655487120e-02 -8.598425629315897822e-02
6.393387392745353281e-02 -9.139206510735675693e-02
6.855297964648343623e-02 -9.498142328811809421e-02
6.279102936969138682e-02 -9.371006459696218371e-02
5.929188398295082152e-02 -9.590040467446669936e-02
5.702770492644049227e-02 -8.955617010360583663e-02
5.791905304067768157e-02 -8.854280534433200955e-02
5.503322617732919753e-02 -9.001668629935011268e-02
6.265197988250292838e-02 -8.974665819550864398e-02
5.621766499825753272e-02 -9.810066825593821704e-02
5.853912528255023062e-02 -9.410367623786441982e-02
5.758605178561992943e-02 -9.518332252628169954e-02
6.009164152783341706e-02 -9.496620904246810824e-02
6.487104462576098740e-02 -9.428941262012813240e-02
5.993949927506037056e-02 -8.644567140436265618e-02
6.004321492946473882e-02 -9.189418134337756783e-02
5.749059363006381318e-02 -9.693410004547331482e-02
5.549330345093039796e-02 -9.055396904295776039e-02
5.606214870203984901e-02 -9.493053647747728974e-02
6.163063161511672661e-02 -9.224524711316917092e-02
6.388379568670643494e-02 -9.383549717313144356e-02
6.038050777715397999e-02 -8.799309552705381066e-02
6.508535617467714474e-02 -8.684018313942942768e-02
6.952965264645172283e-02 -9.336383281333837658e-02
