9.940122161551888380e-02 -3.907310010375759923e-02
9.409360587596893311e-03 -9.952063672244548798e-03
1.913064904510974884e-02 -1.981256529688835144e-02
2.904113382101058960e-02 -2.968313638120889664e-02
3.874237835407257080e-02 -3.948905784636735916e-02
4.233591724187135696e-02 -4.907563701272010803e-02
5.171933304518461227e-02 -5.854222364723682404e-02
4.473509639501571655e-02 -6.822860427200794220e-02
5.030858376994729042e-02 -7.579047558829188347e-02
4.729562508873641491e-02 -8.310106256976723671e-02
5.237158038653433323e-02 -8.718027267605066299e-02
5.167225102195516229e-02 -9.166570985689759254e-02
4.707261134171858430e-02 -9.610593924298882484e-02
5.159245763206854463e-02 -1.046049795113503933e-01
4.881841695168986917e-02 -1.097907400690019131e-01
4.984215291915461421e-02 -1.095775891008088365e-01
5.339431547326967120e-02 -1.032949447544524446e-01
4.645739280385896564e-02 -1.086567145684966817e-01
5.124379805056378245e-02 -1.063533550041029230e-01
4.943226039176806808e-02 -1.063982486266468186e-01
4.500156402355059981e-02 -1.116159060511563439e-01
4.131072101881727576e-02 -1.089635494172398467e-01
3.892451355932280421e-02 -1.034802559770469088e-01
4.493182821897789836e-02 -1.003889302264724392e-01
4.944644140778109431e-02 -1.061303914066229481e-01
4.310990887461230159e-02 -9.750782051196438260e-02
4.795562679646536708e-02 -9.289507060384494253e-02
5.357564118457958102e-02 -1.006639325532887597e-01
5.528879066696390510e-02 -9.449200290328008123e-02
5.282073881244286895e-02 -9.051369088774663396e-02
4.749172175070270896e-02 -9.247953426165622659e-02
4.779754125047475100e-02 -9.780506352035445161e-02
5.261300981510430574e-02 -9.549312926901620813e-02
5.615902354475110769e-02 -9.848427614269894548e-02
5.853624257724732161e-02 -1.028825652792875189e-01
5.942153010983020067e-02 -9.757336396796745248e-02
5.371507874224334955e-02 -9.877839642649632879e-02
4.663878132123500109e-02 -9.188383682703715749e-02
4.390164196956902742e-02 -9.726188848799210973e-02
4.886122152674943209e-02 -1.010819976690982003e-01
5.502497369889169931e-02 -9.378626900797826238e-02
4.558560962323099375e-02 -9.364132958944537677e-02
4.936931713018566370e-02 -1.027399227350542787e-01
5.228451231960207224e-02 -1.071438342660258058e-01
5.421649909112602472e-02 -1.035886605131963734e-01
5.026799126062542200e-02 -1.040108193446940277e-01
4.772642173338681459e-02 -1.115660200630372856e-01
5.391849076841026545e-02 -1.056654931780940387e-01
6.010641355533152819e-02 -1.108720124502724502e-01
5.942836485337466002e-02 -1.021938537051028106e-01
5.049812316428869963e-02 -1.072825904739147518e-01
