6.281284700683487099e-02 2.781096485005153662e-02
8.840889669954776764e-03 -9.873976930975914001e-03
1.819929294288158417e-02 -1.978143118321895599e-02
2.660080324858427048e-02 -2.971723116934299469e-02
3.492257930338382721e-02 -3.946483787149190903e-02
4.116904456168413162e-02 -4.938790388405323029e-02
3.781286813318729401e-02 -5.872293841093778610e-02
3.961929178331047297e-02 -6.868535187095403671e-02
3.933228470850735903e-02 -7.390644680708646774e-02
3.148255415726453066e-02 -8.379358612000942230e-02
3.722495271358639002e-02 -9.338673949241638184e-02
3.482747508678585291e-02 -9.950212715193629265e-02
3.212537954095751047e-02 -1.082816324196755886e-01
3.182141017168760300e-02 -1.035169777460396290e-01
3.423652588389813900e-02 -1.129708760417997837e-01
3.600092942360788584e-02 -1.206666133366525173e-01
3.412697487510740757e-02 -1.206962064461549744e-01
3.449497633846476674e-02 -1.229711590422084555e-01
3.422485821647569537e-02 -1.180538782937219366e-01
2.859870268730446696e-02 -1.120715985161950812e-01
2.678401482990011573e-02 -1.145289154810598120e-01
2.086244471138343215e-02 -1.149170740245608613e-01
2.868713758653029799e-02 -1.198937209992436692e-01
2.700430125696584582e-02 -1.143524797371355817e-01
3.412066417513415217e-02 -1.085187705903081223e-01
3.809617011575028300e-02 -1.158090659155277535e-01
3.498267935356125236e-02 -1.202136680221883580e-01
3.445131587795913219e-02 -1.154629179945914075e-01
4.081129352562129498e-02 -1.114609764626948163e-01
3.789002099074423313e-02 -1.210456082335440442e-01
3.292596410028636456e-02 -1.118480993172852322e-01
3.033033804967999458e-02 -1.092358160967705771e-01
3.858682466670870781e-02 -1.121470242942450568e-01
4.083842714317142963e-02 -1.163636231067357585e-01
4.730421234853565693e-02 -1.218364922533510253e-01
4.882973595522344112e-02 -1.169350272248266265e-01
4.399098153226077557e-02 -1.120793110894737765e-01
5.080747581087052822e-02 -1.098937279748497531e-01
4.675184958614408970e-02 -1.082248873281059787e-01
4.625680617755278945e-02 -1.020545884239254519e-01
4.391189868329092860e-02 -1.043899645301280543e-01
3.749146749032661319e-02 -1.078057481645373628e-01
4.061282443581148982e-02 -1.120081484987167642e-01
3.906169225228950381e-02 -1.059118450357345864e-01
3.563532297266647220e-02 -9.647943607706110924e-02
4.336705355672165751e-02 -1.023923639877466485e-01
3.958089923253282905e-02 -1.057692805043188855e-01
4.378532239934429526e-02 -9.929641631606500596e-02
3.773418435594066978e-02 -1.078411807975498959e-01
4.070475691696628928e-02 -1.098078039212850854e-01
3.982789692236110568e-02 -1.077408161218045279e-01
