4.463701698911776150e-02 3.948484069557933740e-02
8.585376664996147156e-03 -9.926721453666687012e-03
1.388579607009887695e-02 -1.985299959778785706e-02
1.667066803202033043e-02 -2.962347958236932755e-02
1.898655155673623085e-02 -3.955600038170814514e-02
2.455005142837762833e-02 -4.953895043581724167e-02
2.741877175867557526e-02 -5.925706122070550919e-02
3.486461704596877098e-02 -6.924946047365665436e-02
3.613323275931179523e-02 -7.825931347906589508e-02
2.903160010464489460e-02 -8.818492386490106583e-02
2.692355914041399956e-02 -9.696645475924015045e-02
2.453852235339581966e-02 -9.583691100124269724e-02
3.017030539922416210e-02 -1.023095055716112256e-01
2.895267785061150789e-02 -1.040559048997238278e-01
3.142798843327909708e-02 -1.112832498038187623e-01
2.545567287597805262e-02 -1.087011467898264527e-01
3.037933970335870981e-02 -1.078698944766074419e-01
2.327962743584066629e-02 -1.132556244265288115e-01
2.810202830005437136e-02 -1.161846281029284000e-01
3.646247566211968660e-02 -1.126501311082392931e-01
3.168347070459276438e-02 -1.071776987519115210e-01
2.758978551719337702e-02 -1.128167270217090845e-01
2.110142738092690706e-02 -1.116768680512905121e-01
1.724119333084672689e-02 -1.158846695907413960e-01
2.093015203718096018e-02 -1.189790314529091120e-01
1.554946007672697306e-02 -1.181923741241917014e-01
9.812612668611109257e-03 -1.100810192292556167e-01
1.584490074310451746e-02 -1.112021014560014009e-01
1.800014975015074015e-02 -1.096925947349518538e-01
1.538962603081017733e-02 -1.169672312680631876e-01
1.094783667940646410e-02 -1.121375004295259714e-01
1.323781360406428576e-02 -1.187918682117015123e-01
9.941266733221709728e-03 -1.172524781432002783e-01
1.743276685010641813e-02 -1.154787023551762104e-01
2.155795914586633444e-02 -1.189084488432854414e-01
1.942518574651330709e-02 -1.135848707053810358e-01
2.587168884929269552e-02 -1.077149615157395601e-01
2.193663071375340223e-02 -1.137323311995714903e-01
2.207750987145118415e-02 -1.157695606816560030e-01
2.144011328346095979e-02 -1.092830139677971601e-01
1.615429841331206262e-02 -1.083557743113487959e-01
2.450770311406813562e-02 -1.094255757052451372e-01
3.306693476042710245e-02 -1.085934782167896628e-01
3.470183649915270507e-02 -1.138621474383398890e-01
2.705104622873477638e-02 -1.148765940451994538e-01
2.575052829342894256e-02 -1.173071552766487002e-01
2.364985432359389961e-02 -1.108295799931511283e-01
2.275548546458594501e-02 -1.200802730163559318e-01
1.572559445048682392e-02 -1.127780795795843005e-01
8.370800380362197757e-03 -1.181122864363715053e-01
9.294655668782070279e-03 -1.153591336915269494e-01
