-1.213269476896717755e-02 4.926125990356498840e-02
-2.877202583476901054e-03 -9.714528918266296387e-03
-5.551569396629929543e-03 -1.876692473888397217e-02
-2.635173732414841652e-03 -2.869088388979434967e-02
-7.134319515898823738e-03 -3.808446601033210754e-02
-7.741605571936815977e-03 -4.794873110949993134e-02
-1.324890059186145663e-02 -5.661610886454582214e-02
-2.027156221447512507e-02 -5.748223705450072885e-02
-2.331009245244786143e-02 -6.507489416981115937e-02
-2.233663777587935328e-02 -7.411570806289091706e-02
-2.728119463426992297e-02 -7.565660256659612060e-02
-2.234060521004721522e-02 -7.169574307044968009e-02
-1.345907727954909205e-02 -6.454480480169877410e-02
-9.211880329530686140e-03 -6.428585361572913826e-02
-1.174201507819816470e-02 -7.383147507789544761e-02
-9.679863636847585440e-03 -7.402328877651598305e-02
-4.861398076172918081e-03 -8.142688927182462066e-02
8.322806679643690586e-04 -7.992404639662709087e-02
-1.315699599217623472e-03 -7.682197271788027138e-02
2.007223491091281176e-03 -8.076810288184788078e-02
2.708007232286036015e-03 -8.181574147602077574e-02
8.417656295932829380e-03 -8.161330026632640511e-02
1.244083384517580271e-02 -7.864381828403566033e-02
1.936853129882365465e-02 -7.814509906165767461e-02
1.626940991263836622e-02 -7.638273279007989913e-02
1.668250109651125968e-02 -8.273134923365432769e-02
1.456799419247545302e-02 -8.822183527809102088e-02
1.089289053925313056e-02 -9.219621105876285583e-02
1.557698208489455283e-02 -8.432446404185611755e-02
1.924280836828984320e-02 -8.522638004797045141e-02
1.950313523411750793e-02 -9.183323594334069639e-02
1.892483129631727934e-02 -1.005159227788681164e-01
2.055952197406440973e-02 -9.899562412465456873e-02
2.015792077872902155e-02 -8.962604498083237559e-02
1.913617562968283892e-02 -9.317557422036770731e-02
1.952533435542136431e-02 -1.009741281304741278e-01
2.055648271925747395e-02 -9.121634952316526324e-02
1.437098649330437183e-02 -8.613389592210296541e-02
1.069046300835907459e-02 -8.078929783368948847e-02
4.310613730922341347e-03 -8.666994610393885523e-02
-3.135461127385497093e-03 -8.335745615477208048e-02
-6.149234715849161148e-03 -8.461993852688465267e-02
-3.541877260431647301e-03 -8.484167793358210474e-02
-6.252354942262172699e-03 -7.723639254982117563e-02
-9.524577064439654350e-03 -7.221193100849632174e-02
-1.036905741784721613e-02 -7.804154047335032374e-02
-6.043335073627531528e-03 -7.214171533996704966e-02
-5.604855890851467848e-03 -6.790733944217208773e-02
-5.180072679650038481e-03 -7.165974077361170202e-02
-1.149112003622576594e-02 -7.361074375512544066e-02
-5.800190090667456388e-03 -7.238787821552250534e-02
