-6.601948664769520525e-02 2.510943604351449643e-02
-9.918957948684692383e-03 -9.955682791769504547e-03
-1.620904682204127312e-02 -1.941909454762935638e-02
-2.563154930248856544e-02 -2.940032351762056351e-02
-3.352226736024022102e-02 -3.910340834408998489e-02
-3.956496343016624451e-02 -4.820928163826465607e-02
-4.276313283480703831e-02 -5.201079184189438820e-02
-3.780952445231378078e-02 -5.236525589134544134e-02
-3.738264553248882294e-02 -4.673224396537989378e-02
-3.942587412893772125e-02 -4.788129695225507021e-02
-3.806916519533842802e-02 -4.222432861570268869e-02
-3.987926640547811985e-02 -5.044742173049598932e-02
-4.049177921842783689e-02 -5.384223104920238256e-02
-4.427442408632487059e-02 -5.739297496620565653e-02
-3.946167684625834227e-02 -5.665783153381198645e-02
-4.108091094531118870e-02 -5.360771657433360815e-02
-3.542103501968085766e-02 -5.549519893247634172e-02
-3.508467052597552538e-02 -5.815127666573971510e-02
-3.127903316635638475e-02 -5.104310100432485342e-02
-3.477417083922773600e-02 -5.871865607332438231e-02
-3.937820496503263712e-02 -5.207556940149515867e-02
-3.208355989772826433e-02 -4.754453187342733145e-02
-3.079718560911715031e-02 -5.373882304411381483e-02
-3.804497863166034222e-02 -5.201076169032603502e-02
-3.619989065919071436e-02 -5.300609185360372066e-02
-3.501712589059025049e-02 -4.763137898407876492e-02
-3.491576461965451017e-02 -5.274259322322905064e-02
-3.104134000750491396e-02 -5.358739785151556134e-02
-3.754247588949510828e-02 -5.789482622640207410e-02
-3.883045833936193958e-02 -5.137649580137804151e-02
-3.652159139892319217e-02 -5.820346606196835637e-02
-3.598893687740201131e-02 -5.910197028424590826e-02
-3.750515086721861735e-02 -5.061832198407500982e-02
-3.631197321374202147e-02 -5.723191087599843740e-02
-3.440834032517159358e-02 -5.381990980822592974e-02
-3.264736882556462660e-02 -5.005428160075098276e-02
-3.463804358761990443e-02 -4.739524226170033216e-02
-3.504531793441856280e-02 -5.293266882654279470e-02
-3.969597127434099093e-02 -5.010358931031078100e-02
-3.585054199356818572e-02 -5.453103163745254278e-02
-3.117258832935476676e-02 -4.969017987605184317e-02
-2.964429904386634007e-02 -5.101843900047242641e-02
-3.161605887726182118e-02 -5.811067973263561726e-02
-3.308226759691024199e-02 -5.002245982177555561e-02
-2.753286189545178786e-02 -5.671241343952715397e-02
-2.662911124207312241e-02 -6.020460068248212337e-02
-3.349172182061010972e-02 -6.257627531886100769e-02
-3.606211717851692811e-02 -5.706544686108827591e-02
-3.634954983863281086e-02 -4.955977015197277069e-02
-3.615571196860400960e-02 -5.456721410155296326e-02
-4.020986716932384297e-02 -5.900502065196633339e-02
