-9.361685523214258176e-02 -8.515514779437084736e-02
-9.915105998516082764e-03 -9.228978306055068970e-03
-1.853900030255317688e-02 -1.916439738124608994e-02
-2.512245718389749527e-02 -2.905549854040145874e-02
-2.820210345089435577e-02 -3.895865753293037415e-02
-3.233444318175315857e-02 -4.891795013099908829e-02
-3.252419516502413899e-02 -5.874920077621936798e-02
-2.688042460067663342e-02 -6.867664586752653122e-02
-3.479038657678756863e-02 -7.737841736525297165e-02
-3.880186857713852078e-02 -7.566636940464377403e-02
-4.004418548720423132e-02 -7.959526544436812401e-02
-3.519188218342605978e-02 -8.120166184380650520e-02
-4.043275934236589819e-02 -8.929819473996758461e-02
-4.446629552694503218e-02 -8.536904957145452499e-02
-3.940715339558664709e-02 -9.082744270563125610e-02
-4.013820791442412883e-02 -9.461166174151003361e-02
-4.092894397035706788e-02 -9.037927049212157726e-02
-3.934167588886339217e-02 -8.700864459387958050e-02
-3.377570382144767791e-02 -8.709016288776183501e-02
-4.085000728082377464e-02 -9.009215734113240615e-02
-3.733077140350360423e-02 -8.185875355411553755e-02
-3.955078923900146037e-02 -8.611169164214516059e-02
-4.157133430999238044e-02 -7.731840652559185401e-02
-3.882594693277496845e-02 -8.334515742171788588e-02
-3.405747057695407420e-02 -8.653702363517368212e-02
-3.388080956938210875e-02 -8.667867526673944667e-02
-3.515535350015852600e-02 -9.313830442988546565e-02
-3.630568018706981093e-02 -9.682599118241341785e-02
-3.384869337605778128e-02 -8.916229091846616939e-02
-3.916941561328712851e-02 -9.477621305995853618e-02
-3.597747978346887976e-02 -9.083622589969309047e-02
-3.220439866709057242e-02 -8.736888308339985088e-02
-3.663812043669167906e-02 -8.620814106689067557e-02
-2.793069301696959883e-02 -8.260736976080806926e-02
-3.383258009853307158e-02 -8.629323810600908473e-02
-3.679548577929381281e-02 -9.295012139045866206e-02
-3.491055687482003123e-02 -8.642216109001310542e-02
-2.743151412869337946e-02 -8.605738066398771480e-02
-2.664590704080183059e-02 -8.654454968200298026e-02
-3.189742316317278892e-02 -9.043622797616990283e-02
-3.158783425169531256e-02 -9.137223900324897841e-02
-3.042887199262622744e-02 -9.193880140810506418e-02
-3.386296612734440714e-02 -9.302727581962244585e-02
-3.592344980279449373e-02 -8.919573069579200819e-02
-3.959967593254987150e-02 -8.552847879036562517e-02
-3.116755677910987288e-02 -8.772053250140743330e-02
-3.388359841483179480e-02 -8.874788642424391583e-02
-3.385582622649963014e-02 -8.964326798013644293e-02
-2.823013030501897447e-02 -9.401288961089449003e-02
-3.451044029134209268e-02 -9.160741308733122423e-02
-2.898955075579578988e-02 -9.351074550795601681e-02
