-8.606251285882321467e-02 -1.009239028396772403e-01
-8.348266594111919403e-03 -9.771332144737243652e-03
-1.630256325006484985e-02 -1.973256468772888184e-02
-1.210410520434379578e-02 -2.961010858416557312e-02
-1.190419122576713562e-02 -3.942176420241594315e-02
-2.101793512701988220e-02 -4.931837413460016251e-02
-2.698966115713119507e-02 -5.911915935575962067e-02
-3.417110024020075798e-02 -6.817459687590599060e-02
-3.881351044401526451e-02 -7.749559357762336731e-02
-4.147537401877343655e-02 -8.259416930377483368e-02
-3.470654669217765331e-02 -9.087528288364410400e-02
-2.884091087616980076e-02 -9.379950212314724922e-02
-2.459707553498446941e-02 -9.362572358804754913e-02
-2.294017851818352938e-02 -9.979649420711211860e-02
-2.781160885933786631e-02 -1.008090036630164832e-01
-2.344961708877235651e-02 -9.403237045626156032e-02
-3.288849501404911280e-02 -1.022049011371564120e-01
-3.532518062274903059e-02 -9.510404380853287876e-02
-3.689253062475472689e-02 -1.047423747077118605e-01
-3.853813197929412127e-02 -1.049780884204665199e-01
-4.489442158956080675e-02 -9.767791176273021847e-02
-4.559914633864536881e-02 -9.623582033964339644e-02
-4.155188478762283921e-02 -9.580888062191661447e-02
-3.513740940252318978e-02 -9.472527411708142608e-02
-3.286935255164280534e-02 -8.673183862993028015e-02
-3.915396385127678514e-02 -9.175771252193953842e-02
-4.261128586949780583e-02 -8.494592002534773201e-02
-4.699515394167974591e-02 -9.195790915691759437e-02
-4.167480516480281949e-02 -9.560502423846628517e-02
-4.461674374761059880e-02 -9.180776505672838539e-02
-3.997228696243837476e-02 -9.237832813232671469e-02
-4.052701604086905718e-02 -9.875469379767309874e-02
-3.912959236185997725e-02 -9.016323839023243636e-02
-4.191224824171513319e-02 -9.160740829247515649e-02
-3.993114957120269537e-02 -9.726372190925758332e-02
-3.603203559760004282e-02 -8.975217786792200059e-02
-3.936108492780476809e-02 -9.782750920567195863e-02
-3.423939517233520746e-02 -1.032327042630640790e-01
-3.477256704354658723e-02 -9.558788283902686089e-02
-3.494269598741084337e-02 -1.015421144402353093e-01
-3.988883469719439745e-02 -1.025540385599015281e-01
-3.777440998237580061e-02 -9.554781058977823704e-02
-3.609299636445939541e-02 -9.259643770928960294e-02
-3.707297414075583220e-02 -9.625232305552344769e-02
-3.340125887189060450e-02 -9.254395093012135476e-02
-3.758384950924664736e-02 -1.014683206303743646e-01
-3.842382319271564484e-02 -1.016204716142965481e-01
-3.899828263092786074e-02 -9.222129503905307502e-02
-3.588370152283459902e-02 -8.824476790323387831e-02
-3.885724127758294344e-02 -8.753768038877751678e-02
-3.745546878781169653e-02 -8.764290642284322530e-02
