-1.849182698198317300e-03 -1.499829011548909075e-01
9.642797522246837616e-03 -9.966259822249412537e-03
1.916570495814085007e-02 -1.980613078922033310e-02
2.760490030050277710e-02 -2.978204656392335892e-02
3.574992716312408447e-02 -3.967838641256093979e-02
4.128306452184915543e-02 -4.965712781995534897e-02
4.464324773289263248e-02 -5.957971885800361633e-02
4.601135186385363340e-02 -6.944697443395853043e-02
5.365629575680941343e-02 -7.699453318491578102e-02
5.300873302621766925e-02 -8.601830573752522469e-02
5.723856360418722034e-02 -8.828011946752667427e-02
5.366326839430257678e-02 -9.718568110838532448e-02
5.061060696607455611e-02 -9.355316660366952419e-02
5.096687583136372268e-02 -1.019499923568218946e-01
4.978853787179104984e-02 -1.058648552279919386e-01
5.152706822264008224e-02 -1.047461976995691657e-01
4.851473422604613006e-02 -1.083160074194893241e-01
4.580971991526894271e-02 -1.049557098885998130e-01
3.925244856509380043e-02 -9.875862940680235624e-02
4.860770489904098213e-02 -9.574642532970756292e-02
5.630803966778330505e-02 -8.909065125044435263e-02
4.855757832410745323e-02 -9.441377490293234587e-02
4.824299216852523386e-02 -9.661126986611634493e-02
5.117300865822471678e-02 -1.029304160038009286e-01
5.821467484929598868e-02 -1.081264271633699536e-01
5.259050350286997855e-02 -1.020133226411417127e-01
5.530267083668150008e-02 -9.463341312948614359e-02
5.949808438890613616e-02 -8.897747390437871218e-02
5.965945322532206774e-02 -9.508790180552750826e-02
5.980588395323138684e-02 -8.967273647431284189e-02
5.260741749953012913e-02 -9.827804344240576029e-02
5.326915065234061331e-02 -1.037868569837883115e-01
4.712613949959632009e-02 -1.007074330700561404e-01
4.684424291190225631e-02 -9.772017470095306635e-02
4.739323626563418657e-02 -9.759225479501765221e-02
4.618487851985264570e-02 -1.010035459621576592e-01
3.916602228127885610e-02 -1.023755887727020308e-01
4.636928877152968198e-02 -9.923723868269007653e-02
5.429649418510962278e-02 -1.014472697133896872e-01
5.773469033010769635e-02 -1.036651084868935868e-01
5.050818501331377774e-02 -9.860677474352996796e-02
4.890608853020239621e-02 -9.820730799401644617e-02
5.478826556645799428e-02 -9.882766236842144281e-02
5.420048868109006435e-02 -1.080634449172066525e-01
5.186589046206790954e-02 -1.040899012732552364e-01
5.501798431214410812e-02 -1.002385436586337164e-01
5.571134960337076336e-02 -9.492074856825638562e-02
5.622304238204378635e-02 -1.023382155253784731e-01
5.580560841190163046e-02 -1.010678176098736003e-01
5.259777956234756857e-02 -9.783635179337579757e-02
5.500312733056489378e-02 -9.576815048058051616e-02
