3.577580181622324468e-02 -1.433814328676012440e-01
9.749889373779296875e-03 -9.977065958082675934e-03
1.965985074639320374e-02 -1.994186826050281525e-02
2.878184523433446884e-02 -2.986643277108669281e-02
3.820363897830247879e-02 -3.985676076263189316e-02
4.738371353596448898e-02 -4.964280221611261368e-02
5.712394881993532181e-02 -5.871082004159688950e-02
5.921708629466593266e-02 -6.812229007482528687e-02
6.525411619804799557e-02 -7.322384696453809738e-02
6.223926204256713390e-02 -8.036379888653755188e-02
5.602315650321543217e-02 -8.652574522420763969e-02
5.807329760864377022e-02 -8.364425413310527802e-02
6.480695819482207298e-02 -8.590075769461691380e-02
6.405559758422896266e-02 -9.457816113717854023e-02
5.926966777769848704e-02 -8.751823310740292072e-02
5.583781370660290122e-02 -8.876232034526765347e-02
5.827285879058763385e-02 -9.371507796458899975e-02
5.615662940545007586e-02 -9.462745400378480554e-02
5.476374336285516620e-02 -9.850352077046409249e-02
5.728184402687475085e-02 -1.041100859292782843e-01
5.968905746703967452e-02 -9.813133027637377381e-02
5.916924239136278629e-02 -1.033168202848173678e-01
5.400472669862210751e-02 -1.011518568848259747e-01
5.153542244806885719e-02 -1.076182092656381428e-01
4.840442282147705555e-02 -1.036424341727979481e-01
5.198150011710822582e-02 -1.070725753088481724e-01
5.039181921165436506e-02 -1.075619860785081983e-01
5.125053733354434371e-02 -1.034323057392612100e-01
5.118611782381776720e-02 -1.122947098920121789e-01
5.889101933280471712e-02 -1.031773915747180581e-01
5.499764044361654669e-02 -1.025417628698050976e-01
5.534520225774031132e-02 -1.023810234473785385e-01
5.333359928044956177e-02 -1.010533515218412504e-01
5.529025888245087117e-02 -1.076753893721615896e-01
5.429966135125141591e-02 -1.108159413415705785e-01
4.844165539543610066e-02 -1.043425956595456228e-01
5.417098004545550793e-02 -1.021084599051391706e-01
5.337318503006827086e-02 -1.030449066747678444e-01
5.823096357926260680e-02 -1.006413721916032955e-01
5.524087515368591994e-02 -1.012523906974820420e-01
4.872600319504272193e-02 -9.634053397167008370e-02
5.185656300454866141e-02 -9.910185674380045384e-02
5.542948823131155223e-02 -1.060567520762560889e-01
5.987846925563644618e-02 -9.976514095615129918e-02
5.444588632963132113e-02 -1.064520170184550807e-01
5.455198736308375373e-02 -1.038718059862731025e-01
6.045976831956068054e-02 -1.075694313476560637e-01
5.456627711100736633e-02 -1.006649317423580214e-01
5.830808255268493667e-02 -1.065504764410434291e-01
5.141857304988661781e-02 -1.119812633114634082e-01
5.670743986411252990e-02 -1.084363809059141204e-01
