5.355839933407446213e-02 -1.344481963144969483e-01
9.442699141800403595e-03 -9.836382232606410980e-03
1.940817944705486298e-02 -1.972466148436069489e-02
2.913642395287752151e-02 -2.952226810157299042e-02
3.873721789568662643e-02 -3.849515877664089203e-02
4.259765916503965855e-02 -4.841270949691534042e-02
5.209502228535711765e-02 -5.829095002263784409e-02
5.637142877094447613e-02 -6.797739583998918533e-02
6.476259208284318447e-02 -7.737176492810249329e-02
5.636887508444488049e-02 -8.685702830553054810e-02
5.582261341623961926e-02 -9.536092635244131088e-02
5.366484308615326881e-02 -1.044666739180684090e-01
5.639975098893046379e-02 -1.133631914854049683e-01
5.717293405905365944e-02 -1.141064458643086255e-01
5.616005859337747097e-02 -1.124854033696465194e-01
4.762430652044713497e-02 -1.190215551177971065e-01
5.252162436954677105e-02 -1.121035899850539863e-01
5.684351199306547642e-02 -1.184870406868867576e-01
5.228443560190498829e-02 -1.116783401812426746e-01
4.811843740753829479e-02 -1.038200973416678607e-01
4.136647866107523441e-02 -1.060916280257515609e-01
4.957202379591763020e-02 -1.102175211417488754e-01
4.799040092620998621e-02 -1.101339411252411082e-01
5.226167442742735147e-02 -1.045769968332024291e-01
5.400924675632268190e-02 -1.092967314907582477e-01
5.472946038935333490e-02 -1.154727924877079204e-01
5.601064313668757677e-02 -1.123220397421391681e-01
5.919625272508710623e-02 -1.146280391403706744e-01
5.299122713040560484e-02 -1.110968120192410424e-01
5.457095755264163017e-02 -1.110258359985891730e-01
4.890804132446646690e-02 -1.090403934067580849e-01
5.266087595373392105e-02 -1.006609936302993447e-01
5.407027783803641796e-02 -1.016642697213683277e-01
4.793807701207697392e-02 -1.045555229356978089e-01
4.962221335154026747e-02 -1.051930959511082619e-01
4.940578948298934847e-02 -1.044285793614108115e-01
4.847794068336952478e-02 -1.105206341308075935e-01
4.699031014752108604e-02 -1.065140494902152568e-01
4.699147124597402581e-02 -1.018000205804128200e-01
5.433364729219647415e-02 -1.051177175540942699e-01
6.106059863054724701e-02 -1.082119222555775195e-01
5.672327014440270432e-02 -1.076700516568962485e-01
5.883341030971678265e-02 -1.006437383184675127e-01
5.961371852140473493e-02 -1.062263270432595164e-01
5.515973908882187970e-02 -1.081775959173683077e-01
4.840574028025912412e-02 -1.116260594280902296e-01
5.208358760978626378e-02 -1.051560921187046915e-01
5.535672894734489091e-02 -1.138768048549536616e-01
4.872512874248968728e-02 -1.138114722052705474e-01
5.152145783472406038e-02 -1.052750002199900337e-01
5.365249082501577504e-02 -1.058339189112302847e-01
