8.236488445318355944e-02 -1.067100150680082571e-01
9.432332590222358704e-03 -9.667003527283668518e-03
1.894142106175422668e-02 -1.959799882024526596e-02
2.748124301433563232e-02 -2.947064209729433060e-02
3.500779811292886734e-02 -3.934418503195047379e-02
4.435158427804708481e-02 -4.917769785970449448e-02
5.123399291187524796e-02 -5.903652962297201157e-02
5.252309469506144524e-02 -6.862130854278802872e-02
5.905182007700204849e-02 -7.859653420746326447e-02
6.050635094288736582e-02 -8.847030531615018845e-02
5.665944458451122046e-02 -9.732050634920597076e-02
4.884805053006857634e-02 -1.051379749551415443e-01
4.178891459014266729e-02 -1.036093209404498339e-01
4.712019104044884443e-02 -1.018776319688186049e-01
5.007053038571029902e-02 -1.054900024319067597e-01
4.872835543937981129e-02 -1.142755948239937425e-01
4.530898714438080788e-02 -1.070707716280594468e-01
5.076463101431727409e-02 -1.074376245087478310e-01
5.189096322283148766e-02 -1.097017868014518172e-01
4.941535764373838902e-02 -1.144677271659020334e-01
5.468965438194572926e-02 -1.144842912963213166e-01
4.578992095775902271e-02 -1.166279532535554608e-01
5.316809122450649738e-02 -1.176805355407850584e-01
4.669839167036116123e-02 -1.110280932680325350e-01
4.716569682932458818e-02 -1.180512298651592573e-01
4.380106119788251817e-02 -1.099923885249154409e-01
3.903358834213577211e-02 -1.144460056730167707e-01
4.167379866703413427e-02 -1.109962760292546591e-01
3.896209326921962202e-02 -1.126207165707455715e-01
4.391639083041809499e-02 -1.155182378188328585e-01
4.262410252704285085e-02 -1.186652485102968058e-01
4.396204321528784931e-02 -1.160711959291802486e-01
4.502743572811596096e-02 -1.192893864408688387e-01
5.103327331016771495e-02 -1.129148284726397833e-01
4.293480605701915920e-02 -1.211577159174339613e-01
4.612884364905767143e-02 -1.155061883673624834e-01
4.382767292554490268e-02 -1.165175974656449398e-01
4.973379938746802509e-02 -1.158461284994700691e-01
5.042689290712587535e-02 -1.168704629581043264e-01
5.104560460313223302e-02 -1.115021110217639944e-01
5.338657213724218309e-02 -1.122313052819663426e-01
4.898376049823127687e-02 -1.158283512977504870e-01
4.996640860917977989e-02 -1.077931171221280238e-01
5.531759533914737403e-02 -1.022694513139867922e-01
5.637968934024684131e-02 -1.063924238023901125e-01
5.243488118867389858e-02 -1.120135231813037535e-01
5.385114121600054204e-02 -1.137461645466828486e-01
5.674982824712060392e-02 -1.111017639686906477e-01
6.135085140704177320e-02 -1.094395716845610877e-01
6.533707267954014242e-02 -1.097963293195789447e-01
7.149431350990198553e-02 -1.060671267678117147e-01
