6.902562900777846344e-02 2.235649618438231845e-02
9.915828704833984375e-03 -9.156255982816219330e-03
1.986647583544254303e-02 -1.911331620067358017e-02
2.454204624518752098e-02 -2.841185126453638077e-02
3.368361433967947960e-02 -3.837673645466566086e-02
4.341789195314049721e-02 -4.803618788719177246e-02
5.198873905465006828e-02 -5.716864112764596939e-02
5.217498449201229960e-02 -6.512996461242437363e-02
5.533931405807379633e-02 -7.462439406663179398e-02
6.038607844675425440e-02 -8.324234373867511749e-02
6.656771760026458651e-02 -7.835141802206635475e-02
6.792638522165361792e-02 -8.667620318010449409e-02
6.580434298666659743e-02 -8.281981130130589008e-02
6.746455050597433001e-02 -8.778127213008701801e-02
6.939595915901008993e-02 -9.431792399846017361e-02
6.268960960733238608e-02 -8.691305783577263355e-02
6.144798769673798233e-02 -7.993086031638085842e-02
6.181267752253916115e-02 -8.641152433119714260e-02
5.766665293776895851e-02 -8.847366971895098686e-02
5.682405787229072303e-02 -8.501664223149418831e-02
6.083222203596960753e-02 -9.030107595026493073e-02
5.367583878978621215e-02 -8.691834076307713985e-02
5.137537610426079482e-02 -9.588398016057908535e-02
5.308550484187435359e-02 -9.410160814877599478e-02
5.837665293074678630e-02 -8.959180524107068777e-02
6.135697085119318217e-02 -9.518578031565994024e-02
6.332869599282275885e-02 -9.877878043334931135e-02
5.894157015427481383e-02 -1.035443207947537303e-01
5.428671561821829528e-02 -1.054723528213799000e-01
5.485067328845616430e-02 -9.729450521990656853e-02
5.040777659451123327e-02 -9.401525324210524559e-02
5.429480758903082460e-02 -8.790686680004000664e-02
5.943997319263871759e-02 -9.113043011166155338e-02
5.971711927850265056e-02 -8.596381847746670246e-02
5.554463442240376025e-02 -8.758173650130629539e-02
6.175192173395771533e-02 -8.964005182497203350e-02
5.323929346923250705e-02 -9.237084398046135902e-02
5.466058403544593602e-02 -9.945052862167358398e-02
5.250317016907501966e-02 -9.248346323147416115e-02
5.867146626405883580e-02 -9.215268486877903342e-02
6.117134234227705747e-02 -9.143137570936232805e-02
5.458842655934859067e-02 -9.259095008019357920e-02
6.116813067637849599e-02 -1.019251073012128472e-01
6.347990380891133100e-02 -1.037616479443386197e-01
6.467939722642768174e-02 -1.007206774083897471e-01
6.227688417129684240e-02 -9.349438070785254240e-02
6.312511309806723148e-02 -9.102066291961818933e-02
6.290926382644101977e-02 -8.679884916637092829e-02
6.650104437721893191e-02 -9.324894065503031015e-02
6.585777614964172244e-02 -8.723542571533471346e-02
5.846254032803699374e-02 -9.339643467683345079e-02
