5.402032737758926534e-02 3.415345643536027431e-02
9.882842190563678741e-03 -9.964613243937492371e-03
1.873319689184427261e-02 -1.981762330979108810e-02
2.863513305783271790e-02 -2.980386465787887573e-02
3.828344680368900299e-02 -3.912804089486598969e-02
4.669923894107341766e-02 -4.856774024665355682e-02
5.336382240056991577e-02 -5.754552315920591354e-02
6.163733825087547302e-02 -6.696888990700244904e-02
6.756909471005201340e-02 -6.746490841032937169e-02
5.867400113493204117e-02 -6.972401315579190850e-02
6.374986842274665833e-02 -7.692823285469785333e-02
6.803026609122753143e-02 -7.576199289178475738e-02
7.478154823184013367e-02 -6.705841555958613753e-02
7.775107654742896557e-02 -7.515956409042701125e-02
7.561640185303986073e-02 -6.907572777708992362e-02
7.228192384354770184e-02 -6.804197939345613122e-02
7.591664604842662811e-02 -6.996819999767467380e-02
7.136577181518077850e-02 -6.777628691634163260e-02
6.699836393818259239e-02 -7.448061316972598433e-02
6.849598896224051714e-02 -7.077052089152857661e-02
6.578477530274540186e-02 -7.501141884131357074e-02
6.674893287708982825e-02 -8.232925477204844356e-02
7.323035591980442405e-02 -7.780330738751217723e-02
7.788916578283533454e-02 -7.394466380355879664e-02
7.310848258202895522e-02 -7.807457790477201343e-02
7.731418492039665580e-02 -7.887527451384812593e-02
7.283041853224858642e-02 -7.394602906424552202e-02
6.904335058061406016e-02 -7.858675729949027300e-02
6.749661482172086835e-02 -7.804647338343784213e-02
7.115614676149562001e-02 -8.570886327652260661e-02
7.413065928267315030e-02 -7.689189928350970149e-02
7.447377938660793006e-02 -7.404806528938934207e-02
7.313973919372074306e-02 -6.635701580671593547e-02
7.772408469463698566e-02 -6.443111231783404946e-02
7.826168640167452395e-02 -6.586358713684603572e-02
7.708037368138320744e-02 -7.328375679207965732e-02
7.034067020867951214e-02 -7.924665900645777583e-02
7.517474287305958569e-02 -7.119441049871966243e-02
7.723847732995636761e-02 -7.026399869937449694e-02
8.070905067143030465e-02 -7.453284144867211580e-02
7.343071818468160927e-02 -7.697526796255260706e-02
6.920862456900067627e-02 -7.790777186164632440e-02
6.860813582898117602e-02 -7.256964087719097733e-02
7.170765605405904353e-02 -7.444280147319659591e-02
7.911676578805781901e-02 -7.422107458114624023e-02
8.253312754095532000e-02 -7.943571498617529869e-02
7.926158598274923861e-02 -7.170781539753079414e-02
8.330726428539492190e-02 -7.939155679196119308e-02
8.681490100570954382e-02 -7.123924884945154190e-02
8.847750342101790011e-02 -6.508097937330603600e-02
8.297636816860176623e-02 -6.953942868858575821e-02
