-8.688935254153012933e-02 -5.000968191483101677e-04
-7.692699786275625229e-03 -9.903706610202789307e-03
-1.745283743366599083e-02 -1.943686883896589279e-02
-2.589699206873774529e-02 -2.906546741724014282e-02
-3.288597706705331802e-02 -3.903511632233858109e-02
-3.766152868047356606e-02 -4.901075642555952072e-02
-4.163724323734641075e-02 -5.874443799257278442e-02
-3.897314448840916157e-02 -6.864722631871700287e-02
-3.322484181262552738e-02 -7.838869467377662659e-02
-3.302797483047470450e-02 -8.806878700852394104e-02
-2.551129501080140471e-02 -9.743492677807807922e-02
-3.412511892383918166e-02 -1.015053433366119862e-01
-3.434921927691902965e-02 -1.022855049232020974e-01
-4.296631306351628155e-02 -1.038594096899032593e-01
-3.623168203921522945e-02 -1.006365949288010597e-01
-3.696884486998897046e-02 -9.991748514585196972e-02
-3.362574211496394128e-02 -1.075300427619367838e-01
-4.034804801631253213e-02 -1.074332245552795939e-01
-4.106742182921152562e-02 -1.081610139153781347e-01
-4.172808448493015021e-02 -9.998276305122999474e-02
-3.636479894339572638e-02 -9.998484861762335640e-02
-3.141055633022915572e-02 -1.059451198457281862e-01
-3.145815123571082950e-02 -1.081520854281734501e-01
-3.528347582323476672e-02 -1.161000509532641445e-01
-3.627427370520308614e-02 -1.175783754811163817e-01
-4.208398965420201421e-02 -1.127521780804272566e-01
-3.777581622125580907e-02 -1.137656012801926408e-01
-3.084186726482585073e-02 -1.104851572094958101e-01
-3.422750585014000535e-02 -1.049417538820307527e-01
-4.116103338310495019e-02 -1.076092375228654419e-01
-4.070571111515164375e-02 -1.048101808196406637e-01
-4.458387056365609169e-02 -1.006858746773104940e-01
-3.736334387212991714e-02 -1.075036863117020403e-01
-3.267442760989069939e-02 -1.111054112921010528e-01
-3.084045590367168188e-02 -1.059744530143689190e-01
-3.843686811160296202e-02 -1.090069834394853387e-01
-3.825251452508382499e-02 -1.150168443350594316e-01
-4.253460440668277442e-02 -1.089011837980251585e-01
-3.739323440822772682e-02 -1.130970886229079042e-01
-3.731903258449165151e-02 -1.120708981547977601e-01
-3.672201936569763348e-02 -1.064458122496034775e-01
-3.979689307016087696e-02 -1.111465157960083161e-01
-4.084415378019912168e-02 -1.026380030457403336e-01
-3.162259066448314115e-02 -1.073232294079389249e-01
-2.788156124734086916e-02 -1.121115685459699307e-01
-3.136284200445516035e-02 -1.074611107837881718e-01
-3.723529789567692205e-02 -1.105647281297024165e-01
-3.687566375447204337e-02 -1.028840964213486586e-01
-4.183597765950253233e-02 -1.031961958583451633e-01
-4.493762083438923582e-02 -1.035605197034783487e-01
-3.920926196587970480e-02 -1.033148472565699194e-01
