-9.632586912984980598e-02 -7.685753034772652148e-02
-9.275577031075954437e-03 -9.590920992195606232e-03
-1.906752400100231171e-02 -1.957189105451107025e-02
-2.680631540715694427e-02 -2.776936814188957214e-02
-3.465549089014530182e-02 -3.688078653067350388e-02
-4.350082948803901672e-02 -4.613988194614648819e-02
-4.880273062735795975e-02 -5.020275013521313667e-02
-4.934243159368634224e-02 -5.524852080270648003e-02
-4.777819116134196520e-02 -5.321180867031216621e-02
-5.391190305817872286e-02 -6.026141298934817314e-02
-5.588371527846902609e-02 -6.473547918722033501e-02
-5.389133479911834002e-02 -6.841775681823492050e-02
-5.779988144058734179e-02 -7.179545541293919086e-02
-5.367765075061470270e-02 -6.812079809606075287e-02
-6.138176016975194216e-02 -6.386474752798676491e-02
-5.568758316803723574e-02 -6.000497005879878998e-02
-5.473216244718059897e-02 -6.167240045033395290e-02
-5.674801900750026107e-02 -5.991341848857700825e-02
-6.112739857053384185e-02 -5.416662828065454960e-02
-6.221665552584454417e-02 -6.085003796033561230e-02
-6.260671545169316232e-02 -5.470833485014736652e-02
-6.583671024418435991e-02 -5.410452786600217223e-02
-6.826312220073305070e-02 -5.176565720466896892e-02
-6.354773449129424989e-02 -4.552828863961622119e-02
-6.597170638269744813e-02 -4.623753024498000741e-02
-5.932512818253599107e-02 -4.682675073854625225e-02
-6.048337867832742631e-02 -5.122272181324660778e-02
-5.556898549548350275e-02 -4.447016422636806965e-02
-5.935441385372541845e-02 -5.144147458486258984e-02
-5.347641147091053426e-02 -4.785285657271742821e-02
-5.384500062791630626e-02 -4.948096163570880890e-02
-5.493271205341443419e-02 -4.497519647702574730e-02
-5.146651010727509856e-02 -4.547428403748199344e-02
-5.336368182906880975e-02 -4.757972218794748187e-02
-5.718459520721808076e-02 -5.534641462145373225e-02
-5.493229423882439733e-02 -5.729514610720798373e-02
-5.520067605539225042e-02 -5.461075803032144904e-02
-5.976595412357710302e-02 -4.607262084027752280e-02
-5.427206782042048872e-02 -4.579025218845345080e-02
-5.616026601637713611e-02 -4.931562594720162451e-02
-5.775911346427164972e-02 -4.620084576890803874e-02
-5.918375027249567211e-02 -4.823950995341874659e-02
-6.256179462070576847e-02 -5.598796615959145129e-02
-5.723427931661717594e-02 -5.056717191473580897e-02
-5.204422629321925342e-02 -5.163673791685141623e-02
-5.872012718464247882e-02 -4.736992265679873526e-02
-5.599748829263262451e-02 -5.475627738633193076e-02
-5.041258569690398872e-02 -5.122192474664188921e-02
-5.196239528595469892e-02 -4.968210079823620617e-02
-5.298756595584563911e-02 -5.107340789982117712e-02
-5.953451312961988151e-02 -4.916162232984788716e-02
