-7.820944670810345278e-02 -1.123159886835820576e-01
-9.876992553472518921e-03 -9.795219637453556061e-03
-1.745975622907280922e-02 -1.977453473955392838e-02
-2.563044847920536995e-02 -2.957416418939828873e-02
-2.477830235147848725e-02 -3.955860435962677002e-02
-3.334046021336689591e-02 -4.954527970403432846e-02
-2.836891781771555543e-02 -5.951394978910684586e-02
-2.604060183512046933e-02 -6.880300305783748627e-02
-3.294060035841539502e-02 -7.863617688417434692e-02
-3.328638119273819029e-02 -8.852723892778158188e-02
-2.797427834593690932e-02 -9.680286142975091934e-02
-2.796393455628276570e-02 -1.060352521017193794e-01
-3.331922515917540295e-02 -1.126551027409732342e-01
-3.393911585135356290e-02 -1.192937842570245266e-01
-3.809021428151027067e-02 -1.159384385682642460e-01
-3.226222252396837575e-02 -1.171737799886614084e-01
-3.583993754273251398e-02 -1.208902236539870501e-01
-3.558558784698107047e-02 -1.199200424598529935e-01
-3.785240673732914729e-02 -1.221208866918459535e-01
-3.162747551959910197e-02 -1.134502064669504762e-01
-3.740429296431102557e-02 -1.112716089701279998e-01
-3.699156298807793064e-02 -1.182808907469734550e-01
-3.465358756056957645e-02 -1.130033404333516955e-01
-3.791739052667253418e-02 -1.135374021832831204e-01
-3.484964330255024834e-02 -1.087308561545796692e-01
-3.271530225447349949e-02 -1.182192199048586190e-01
-3.345605801132478518e-02 -1.218809304409660399e-01
-2.896734816295065684e-02 -1.211363194161094725e-01
-3.462856519308843417e-02 -1.161335586220957339e-01
-2.851234213721909327e-02 -1.207200498902238905e-01
-2.959703875512786908e-02 -1.178929824964143336e-01
-2.337972389341302915e-02 -1.193693269160576165e-01
-2.224247204412677092e-02 -1.247471820679493248e-01
-2.711814269696333213e-02 -1.209432972245849669e-01
-2.975740051169850631e-02 -1.259195376769639552e-01
-3.564605117117025657e-02 -1.280982036259956658e-01
-2.900979761307098670e-02 -1.224490961176343262e-01
-2.226722985778906150e-02 -1.308887310442514718e-01
-2.408937597920157714e-02 -1.292348309070803225e-01
-2.504587197017826838e-02 -1.271256215986795723e-01
-2.850678214144863887e-02 -1.234753355965949595e-01
-3.313754336249985499e-02 -1.195091782719828188e-01
-2.940064925041951938e-02 -1.173548196093179286e-01
-3.425427968886651797e-02 -1.171068142284639180e-01
-2.618008642730274005e-02 -1.190355120343156159e-01
-2.922632592071749968e-02 -1.224056289647705853e-01
-2.957920806056790752e-02 -1.238581744837574661e-01
-3.041493130422168178e-02 -1.174561732332222164e-01
-2.899898012674384518e-02 -1.147124117123894393e-01
-2.462621202266745968e-02 -1.122093742596916854e-01
-2.874389739281468792e-02 -1.047439581598155200e-01
