-6.519119831467018455e-02 -1.258294643413583880e-01
-3.034850349649786949e-03 -9.955343790352344513e-03
-1.269712462089955807e-03 -1.969926711171865463e-02
-5.915878689847886562e-03 -2.898248564451932907e-02
-1.055162108968943357e-02 -3.877240512520074844e-02
-1.436392881441861391e-02 -4.863951355218887329e-02
-7.987427641637623310e-03 -5.860925279557704926e-02
-4.219107679091393948e-03 -6.849444285035133362e-02
-8.229279308579862118e-03 -7.841715309768915176e-02
-9.574264637194573879e-03 -8.801791723817586899e-02
-3.889576881192624569e-03 -9.699471108615398407e-02
-1.183764671441167593e-02 -1.067653167992830276e-01
-1.265498372958973050e-02 -1.158241014927625656e-01
-1.116296503460034728e-02 -1.170037530828267336e-01
-1.712142484029754996e-02 -1.160472666379064322e-01
-8.097610378172248602e-03 -1.179429339244961739e-01
-1.533181959530338645e-02 -1.212460021488368511e-01
-1.773255568696185946e-02 -1.171580273658037186e-01
-2.379280020250007510e-02 -1.194341927766799927e-01
-1.650227018399164081e-02 -1.153258234262466431e-01
-1.527131506009027362e-02 -1.222821781411767006e-01
-1.759496441809460521e-02 -1.297778072766959667e-01
-1.307753211585804820e-02 -1.251885048113763332e-01
-1.081809302559122443e-02 -1.175593296065926552e-01
-1.744799030711874366e-02 -1.238151299767196178e-01
-1.284072682028636336e-02 -1.234135854174382985e-01
-1.561495935311540961e-02 -1.288986451108939946e-01
-1.713923242641612887e-02 -1.334493810427375138e-01
-1.320669677807018161e-02 -1.316943461424671113e-01
-1.856336946366354823e-02 -1.263123186654411256e-01
-2.725981379626318812e-02 -1.301589139620773494e-01
-2.945129474392160773e-02 -1.235258851083926857e-01
-2.165936439996585250e-02 -1.233215281972661614e-01
-1.736016146605834365e-02 -1.303297659615054727e-01
-2.551423705881461501e-02 -1.273040698142722249e-01
-2.957571105798706412e-02 -1.339488966623321176e-01
-3.047148481709882617e-02 -1.292478499235585332e-01
-2.375110163120552897e-02 -1.349825990619137883e-01
-2.647380012786015868e-02 -1.286707819672301412e-01
-3.218145383289083838e-02 -1.281187034910544753e-01
-2.929906983627006412e-02 -1.213133375858888030e-01
-3.138552623568102717e-02 -1.225729004945605993e-01
-2.462995861424133182e-02 -1.167568059172481298e-01
-3.220473247347399592e-02 -1.166883893238264136e-01
-3.418903303099796176e-02 -1.171498770927428268e-01
-2.501134172780439258e-02 -1.212451641549705528e-01
-2.561895980034023523e-02 -1.144030636278330348e-01
-1.784342678729444742e-02 -1.130262798033072613e-01
-1.847400813130661845e-02 -1.194787103086127900e-01
-9.289330977480858564e-03 -1.201587426694459282e-01
-1.697313057957217097e-02 -1.185362184405676089e-01
