2.979374237444461573e-02 -1.454585402953827988e-01
9.139168076217174530e-03 -9.937259368598461151e-03
9.920538461301475763e-03 -1.986702252179384232e-02
1.867029076674953103e-02 -2.979063149541616440e-02
2.283631922909989953e-02 -3.952398523688316345e-02
2.253493966418318450e-02 -4.945442266762256622e-02
2.041069461847655475e-02 -5.931132659316062927e-02
2.370042979600839317e-02 -6.925096735358238220e-02
2.324241699534468353e-02 -7.915101572871208191e-02
2.794922629254870117e-02 -8.878838457167148590e-02
2.603299901238642633e-02 -9.854777622967958450e-02
1.753467213711701334e-02 -1.082695452496409416e-01
1.044758720672689378e-02 -1.115107431542128325e-01
6.074797216570004821e-03 -1.213693281169980764e-01
7.465102913556620479e-03 -1.256545453798025846e-01
7.373736145382281393e-03 -1.348071878310292959e-01
5.160442924534436315e-03 -1.422470549587160349e-01
5.395630920247640461e-03 -1.450013474095612764e-01
7.502659769670572132e-03 -1.492436726111918688e-01
6.509770370030310005e-03 -1.499999999999999944e-01
9.239496161171700805e-03 -1.437452962622046415e-01
1.966110859939362854e-03 -1.400505712721496765e-01
5.639397269987966865e-03 -1.427425482310354654e-01
2.115822360792662948e-03 -1.488788249902427141e-01
2.203172967710997909e-03 -1.487980988444178310e-01
-3.718464206031057984e-03 -1.474711063186987248e-01
-9.158802255115006119e-03 -1.482310118721215930e-01
-1.631486731639597565e-03 -1.499999999999999944e-01
1.867448874691035599e-03 -1.472668052650988046e-01
2.507949619030114263e-03 -1.448517205193638746e-01
5.710800316592212766e-03 -1.481622423510998432e-01
-9.158098619082011282e-04 -1.499999999999999944e-01
6.466823768278118223e-03 -1.499999999999999944e-01
6.363086060446221381e-03 -1.415895033627748434e-01
8.871588048350531608e-03 -1.439298785757273380e-01
2.464584198605734855e-03 -1.487280939240008537e-01
-1.697816296655219048e-03 -1.489284984476398621e-01
-4.548428689304273576e-03 -1.499999999999999944e-01
-2.434622838336508721e-03 -1.488992500584572498e-01
-2.826190167979802936e-03 -1.499999999999999944e-01
5.528387999220285565e-03 -1.499999999999999944e-01
1.099384521512547508e-02 -1.499999999999999944e-01
6.729966415150556713e-03 -1.499999999999999944e-01
2.759379720373544842e-03 -1.486341631738468949e-01
6.497122500149998814e-03 -1.499999999999999944e-01
-2.033563177974428982e-03 -1.499999999999999944e-01
-9.214794576109852642e-03 -1.499999999999999944e-01
-1.088685806462308392e-02 -1.499999999999999944e-01
-1.377006092661758885e-02 -1.473450589459389393e-01
-5.279552504362072796e-03 -1.438541676383465473e-01
1.598739683686289936e-03 -1.400985839776694719e-01
