9.647322719288192738e-02 -7.632330592821856552e-02
9.991016238927841187e-03 -9.856502525508403778e-03
1.952563412487506866e-02 -1.982302591204643250e-02
2.940636780112981796e-02 -2.978923730552196503e-02
3.926182910799980164e-02 -3.961787838488817215e-02
4.882958531379699707e-02 -4.951726365834474564e-02
5.664091091603040695e-02 -5.941519886255264282e-02
5.770549748558551073e-02 -6.882551684975624084e-02
6.585352413821965456e-02 -7.765045855194330215e-02
6.704727525357156992e-02 -8.658776804804801941e-02
7.424385531339794397e-02 -9.565133601427078247e-02
6.761978066060692072e-02 -9.806733089499175549e-02
6.775911009754054248e-02 -1.062820318620651960e-01
7.371653473819606006e-02 -1.029382972046732903e-01
6.944548661704175174e-02 -1.064823118504136801e-01
6.198165190289728343e-02 -1.087754496838897467e-01
6.562200791086070240e-02 -1.075381275732070208e-01
6.415854938677512109e-02 -1.124879850540310144e-01
6.533549432060681283e-02 -1.142564178444445133e-01
6.409069008077494800e-02 -1.146172053413465619e-01
6.583200636669062078e-02 -1.139008564641699195e-01
6.315113729215227067e-02 -1.113898033509030938e-01
6.353883570409379900e-02 -1.109919662121683359e-01
6.337382800120394677e-02 -1.097286994336172938e-01
6.125363886530976743e-02 -1.063147363020107150e-01
5.635928588162641972e-02 -1.085494478465989232e-01
5.552180668746586889e-02 -1.061093303142115474e-01
5.927334072475787252e-02 -1.085681976983323693e-01
6.536051024158950895e-02 -1.085056128213182092e-01
6.514558543858584017e-02 -1.079289820045232773e-01
6.000182100979145616e-02 -1.000999361276626587e-01
6.123890225717332214e-02 -9.841750806663185358e-02
6.179180087929125875e-02 -1.052450869465246797e-01
5.847316699509974569e-02 -1.014208375709131360e-01
6.172452167083974928e-02 -1.000859939958900213e-01
5.642085381259676069e-02 -1.058124082628637552e-01
5.894928750058170408e-02 -1.035763162653893232e-01
6.624641919916030020e-02 -9.999247151426970959e-02
6.589961792633403093e-02 -1.014907779172062874e-01
6.208289829373825341e-02 -9.601246146485209465e-02
5.636268663511145860e-02 -9.857611451297998428e-02
5.351623585738707334e-02 -1.030702288262546062e-01
6.163493423082400113e-02 -1.063527835067361593e-01
6.086965768190566450e-02 -1.035553039982914925e-01
6.533101039531175047e-02 -1.000163725111633539e-01
5.925619813206139952e-02 -9.913880500243976712e-02
5.910282286640722305e-02 -9.821131266653537750e-02
6.127883827139157802e-02 -1.011925574857741594e-01
5.638423010532278568e-02 -9.200407774187624454e-02
6.056944427837152034e-02 -1.004852375481277704e-01
5.565476611081976444e-02 -1.048189268913120031e-01
