8.571836940736311805e-02 1.501079077460457101e-03
9.377958253026008606e-03 -9.485529735684394836e-03
1.901660859584808350e-02 -1.946856826543807983e-02
2.852618228644132614e-02 -2.876997925341129303e-02
3.843766171485185623e-02 -3.787013329565525055e-02
4.770487453788518906e-02 -4.766921326518058777e-02
5.202279565855860710e-02 -5.227092048153281212e-02
6.114689772948622704e-02 -5.800612876191735268e-02
6.888828938826918602e-02 -5.907983903307467699e-02
7.053263124544173479e-02 -5.726248514838516712e-02
7.238679344300180674e-02 -5.316346767358481884e-02
8.184674533549696207e-02 -5.422076222021132708e-02
8.724635152611881495e-02 -4.746793268714100122e-02
8.612815465312451124e-02 -5.517524958122521639e-02
8.097928750794380903e-02 -4.828696011099964380e-02
8.034491050057113171e-02 -4.129092826042324305e-02
8.083261954016052186e-02 -4.300511605106294155e-02
8.267796141444705427e-02 -3.784788842312991619e-02
7.993766301660798490e-02 -3.998805582523345947e-02
7.652590153156779706e-02 -4.358202498406171799e-02
7.387220635428093374e-02 -4.412801424041390419e-02
7.913627856760285795e-02 -4.929959541186690331e-02
7.920118444599211216e-02 -4.642398003488779068e-02
8.209774363785982132e-02 -4.516554239671677351e-02
8.518701884895563126e-02 -4.581585049163550138e-02
8.368746377527713776e-02 -5.068256508093327284e-02
7.637615129351615906e-02 -4.647755518089979887e-02
7.871237560175359249e-02 -4.748463165014982224e-02
8.274605195038020611e-02 -5.216791760176420212e-02
8.317363896640017629e-02 -4.731275327503681183e-02
8.764225133927538991e-02 -5.024768225848674774e-02
8.727619002456776798e-02 -4.824517364613711834e-02
8.636796663631685078e-02 -4.528680932708084583e-02
8.369558284175582230e-02 -4.614460957236588001e-02
8.593246879172511399e-02 -4.855883657000958920e-02
8.698521080077625811e-02 -5.604774993844330311e-02
8.480406287708319724e-02 -5.448076536413282156e-02
8.114610813208855689e-02 -5.034247587900608778e-02
8.259094136883504689e-02 -4.888697573915123940e-02
8.117715796106494963e-02 -5.069545272272080183e-02
7.479787166812457144e-02 -5.867509811650961637e-02
7.425759729812853038e-02 -5.685592978261411190e-02
6.964632958988659084e-02 -4.944876558147370815e-02
7.594297823379747570e-02 -5.610275198705494404e-02
7.510833741980604827e-02 -5.727370362728834152e-02
7.733268613810651004e-02 -5.953431641682982445e-02
7.486554558272473514e-02 -5.275177629664540291e-02
7.193472815561108291e-02 -6.110451975837349892e-02
6.720101993414573371e-02 -6.069126169313676655e-02
7.433193709584884346e-02 -6.716105298255570233e-02
6.614144399645738304e-02 -6.244890068774111569e-02
