7.571507976640087789e-02 1.532401316489635790e-02
8.676772937178611755e-03 -9.974332526326179504e-03
1.866647973656654358e-02 -1.995695009827613831e-02
2.845778688788414001e-02 -2.982771303504705429e-02
3.778224159032106400e-02 -3.972692787647247314e-02
4.755633231252431870e-02 -4.961910378187894821e-02
5.706015229225158691e-02 -5.877777654677629471e-02
5.552846915088593960e-02 -6.156144104897975922e-02
6.365675455890595913e-02 -7.080333679914474487e-02
6.760257366113364697e-02 -7.989706750959157944e-02
6.409650924615561962e-02 -8.140076277777552605e-02
6.329928582999855280e-02 -8.928159857168793678e-02
6.506344617810100317e-02 -9.416081663221120834e-02
6.038702314253896475e-02 -8.683870546519756317e-02
5.597267474513500929e-02 -8.306551934219896793e-02
5.475203180685639381e-02 -7.857396616600453854e-02
5.715560563839972019e-02 -8.653291757218539715e-02
6.050717830657958984e-02 -8.313501067459583282e-02
6.091208456200547516e-02 -8.534343075007200241e-02
6.213545790524221957e-02 -8.407553273718804121e-02
6.106476779677905142e-02 -9.088269888889044523e-02
6.232398856081999838e-02 -8.796549506951123476e-02
6.307225927594117820e-02 -8.416838233824819326e-02
6.031689743394963443e-02 -8.006446424406021833e-02
6.025245349155738950e-02 -8.824498846661299467e-02
6.312980089569464326e-02 -8.251339511480182409e-02
6.720510410377755761e-02 -8.474778837990015745e-02
6.359413667814806104e-02 -8.585362916346639395e-02
6.253124465001747012e-02 -8.916290930937975645e-02
6.320527062052860856e-02 -8.396439009811729193e-02
6.573356367880478501e-02 -8.798846637364476919e-02
6.531619466841220856e-02 -8.708532730815932155e-02
7.013057870790362358e-02 -8.132291230140253901e-02
6.254644133150577545e-02 -8.567993965698406100e-02
6.786390766501426697e-02 -8.311651571420952678e-02
6.040384480729699135e-02 -8.088502165628597140e-02
5.844910815358161926e-02 -8.190939534688368440e-02
5.617527873255312443e-02 -7.748957030707970262e-02
5.735976248979568481e-02 -7.749888353282585740e-02
5.734456986192526529e-02 -7.969832821981981397e-02
6.312172630805434892e-02 -8.369308133842423558e-02
6.117780428849073360e-02 -8.486705023096874356e-02
6.093605620208109031e-02 -8.996184758143499494e-02
6.499963499027217040e-02 -8.885746059240773320e-02
5.762568547743285308e-02 -8.638141100527718663e-02
5.567923561557108769e-02 -8.949297369690611959e-02
5.135478033571416745e-02 -9.232828073436394334e-02
5.876452430038625607e-02 -9.488079004222527146e-02
5.217949674351984868e-02 -8.785623038420453668e-02
5.949584395511919865e-02 -9.003085881704464555e-02
5.811637617534870515e-02 -9.760286990785971284e-02
