5.917267424341710047e-02 3.061386123293216577e-02
9.255987592041492462e-03 -9.458336047828197479e-03
1.920153480023145676e-02 -1.904496364295482635e-02
2.745802514255046844e-02 -2.865228801965713501e-02
3.726121317595243454e-02 -3.852422162890434265e-02
4.638882726430892944e-02 -3.472922137007117271e-02
5.601806193590164185e-02 -4.210899583995342255e-02
6.334733730182051659e-02 -4.293557512573897839e-02
6.218021875247359276e-02 -4.265446175122633576e-02
6.932099349796772003e-02 -4.861137882107868791e-02
6.745839607901871204e-02 -4.876949802564922720e-02
6.655805779155343771e-02 -5.567631802114192396e-02
6.595131353242322803e-02 -4.899777263926807791e-02
6.888116308255121112e-02 -5.574025983514729887e-02
7.069042866351082921e-02 -5.233257405052427202e-02
7.563751406269147992e-02 -5.441686023550573736e-02
7.522485920344479382e-02 -5.061202870274428278e-02
6.933666209806688130e-02 -4.992888793640304357e-02
7.766134387929923832e-02 -5.445043715008068830e-02
7.522855538991279900e-02 -6.076646754809189588e-02
7.387889586971141398e-02 -5.889323430892545730e-02
7.105554189183749259e-02 -5.775400363199878484e-02
6.643188712769187987e-02 -5.981767662160564214e-02
6.179131628596223891e-02 -5.606377376534510404e-02
6.839550347649492323e-02 -5.122117065184284002e-02
6.781523677636869252e-02 -5.871968083374667913e-02
7.070336912875063717e-02 -6.038209302641917020e-02
6.931228438043035567e-02 -6.483914116688538343e-02
7.283246066072024405e-02 -6.035924442403484136e-02
6.809390723356045783e-02 -5.663527031720150262e-02
6.820191084989346564e-02 -5.848528161004651338e-02
6.730041027185507119e-02 -6.715524471655953676e-02
6.311948903021402657e-02 -6.137600210786331445e-02
6.259355196380056441e-02 -5.353318476409185678e-02
5.982079278328455985e-02 -5.250787404656875879e-02
5.959873925894498825e-02 -5.731483125418890268e-02
6.186004052869975567e-02 -5.601657771330792457e-02
7.051900285296142101e-02 -5.643256985058542341e-02
7.454661629162728786e-02 -5.209574334730859846e-02
7.606801169458776712e-02 -5.717236034979578108e-02
7.195801532361656427e-02 -5.031456703727599233e-02
7.730141060892492533e-02 -4.772680763562675565e-02
7.208571361843496561e-02 -5.460601857339497656e-02
6.565675663296133280e-02 -5.307573730533476919e-02
5.983042914886027575e-02 -4.649840666388627142e-02
6.620299175847321749e-02 -5.161965124716516584e-02
7.147872040513902903e-02 -4.831048239429946989e-02
7.049193757120519876e-02 -5.129455657151993364e-02
6.448190344963222742e-02 -4.400191664171870798e-02
7.172053924296051264e-02 -4.503578307048883289e-02
7.174854746517667081e-02 -5.082024574221577495e-02
