4.617198683028740647e-03 4.989335051103971352e-02
7.018152158707380295e-03 -6.779057905077934265e-03
1.060182182118296623e-02 -1.667864713817834854e-02
4.456929396837949753e-03 -2.661937568336725235e-02
6.879507564008235931e-03 -3.661079611629247665e-02
1.576417591422796249e-02 -4.638069495558738708e-02
1.741361757740378380e-02 -5.637653544545173645e-02
1.679463288746774197e-02 -6.634755339473485947e-02
1.484885660465806723e-02 -7.632198184728622437e-02
6.919268867932260036e-03 -8.630103990435600281e-02
7.034317750367335975e-03 -9.546411968767642975e-02
9.891139736282639205e-03 -1.049795737490057945e-01
7.293811926501803100e-03 -1.067742314189672470e-01
9.208444200339727104e-03 -1.057768812170252204e-01
6.226290410268120468e-03 -1.114857586799189448e-01
-1.358639521640725434e-03 -1.076737901894375682e-01
-8.114212105283513665e-04 -1.116504449164494872e-01
-9.554084681440144777e-05 -1.069804009748622775e-01
5.156720333616249263e-03 -1.035448202164843678e-01
1.062899389944504946e-02 -1.078757006907835603e-01
1.681092176295351237e-02 -1.135342192137613893e-01
1.459898384928237647e-02 -1.141730939853005111e-01
6.261777642066590488e-03 -1.153863006620667875e-01
1.237877323001157492e-02 -1.132192320073954761e-01
1.598467658914159983e-02 -1.122565431287512183e-01
1.477725098084192723e-02 -1.080382115906104445e-01
1.664478010206948966e-02 -1.135527173755690455e-01
1.049384060024749488e-02 -1.063313836930319667e-01
8.429845605860464275e-03 -1.114793353481218219e-01
1.401384202472399920e-02 -1.170228644041344523e-01
1.580853182531427592e-02 -1.102767799748107791e-01
1.697988579689990729e-02 -1.036393608665093780e-01
1.774555990414228290e-02 -1.034327592496993020e-01
1.151867896260228008e-02 -1.082192851026775315e-01
9.322210782556794584e-03 -1.105325043463381007e-01
1.699987064057495445e-02 -1.042495587171288207e-01
1.612089945410843939e-02 -9.682158737268764526e-02
2.048860256036277860e-02 -1.047922985890181735e-01
2.100883189996238798e-02 -1.003469320276053622e-01
2.116518083494156599e-02 -9.452151491132099181e-02
2.073554878006689250e-02 -1.030690584593685344e-01
2.877561465720646083e-02 -9.698559141543228179e-02
2.005183786968700588e-02 -1.007675280125113204e-01
2.141793337068520486e-02 -9.475792928424198180e-02
1.242470167926512659e-02 -1.017441557050915435e-01
7.708091608947142959e-03 -1.021328137576347217e-01
2.391363348579034209e-03 -9.870569825579877943e-02
-5.380345101002603769e-04 -1.047143749747192487e-01
-9.894544491544365883e-04 -9.507475698774214834e-02
-6.958807469345629215e-03 -8.996235344966407865e-02
-5.725774564780294895e-03 -9.833506260474678129e-02
