-1.461170384602884093e-02 4.892673102208495994e-02
5.486559588462114334e-03 -7.812882773578166962e-03
1.067550620064139366e-02 -1.777245849370956421e-02
1.338433707132935524e-02 -2.774151694029569626e-02
2.102735359221696854e-02 -3.773796930909156799e-02
2.213363244663923979e-02 -4.772675503045320511e-02
1.313800818752497435e-02 -5.771793238818645477e-02
8.659378974698483944e-03 -6.768919061869382858e-02
1.387324265670031309e-02 -7.762626465409994125e-02
1.965729508083313704e-02 -8.749573770910501480e-02
1.633427490014582872e-02 -9.650102071464061737e-02
1.386297761928290129e-02 -9.352246928028762341e-02
1.299195113824680448e-02 -1.020972148980945349e-01
1.651146478252485394e-02 -1.068108098115772009e-01
1.158873626263812184e-02 -1.062767236144281924e-01
1.104160677641630173e-02 -1.035104529582895339e-01
7.332910550758242607e-03 -1.024616425274871290e-01
8.629822987131774426e-03 -1.104822791530750692e-01
1.082744507584720850e-02 -1.081977844587527215e-01
8.981411810964345932e-03 -1.138343149214051664e-01
6.366111338138580322e-03 -1.152345371083356440e-01
-6.821090355515480042e-04 -1.137426937348209321e-01
-6.298015825450420380e-03 -1.070015145814977586e-01
-6.338381877867504954e-03 -9.764096181606873870e-02
1.094796491088345647e-03 -1.057183932862244546e-01
9.689460304798558354e-03 -1.135040711960755289e-01
1.487671190989203751e-02 -1.061775781563483179e-01
1.425688024028204381e-02 -1.100263273692689836e-01
8.467040112009271979e-03 -1.138784801005385816e-01
2.245691226562485099e-03 -1.174683146527968347e-01
9.193869860609993339e-03 -1.107634552172385156e-01
1.062207107315771282e-02 -1.167698217905126512e-01
1.557657585362903774e-02 -1.118669416173361242e-01
1.278404050390236080e-02 -1.157377333729527891e-01
1.846217547426931560e-02 -1.071494956850074232e-01
2.454803136060945690e-02 -1.048392126685939729e-01
2.277221655822359025e-02 -1.137359509593807161e-01
1.846342193312011659e-02 -1.180949597037397325e-01
2.519571161246858537e-02 -1.132933860062621534e-01
2.881301482557319105e-02 -1.197381000383757055e-01
3.293579173623584211e-02 -1.146229509613476694e-01
3.487837858847342432e-02 -1.056600291631184518e-01
2.948963534436188638e-02 -1.095220930292271078e-01
2.753586074686609209e-02 -1.166468690498732030e-01
2.859010591055266559e-02 -1.074468418373726308e-01
2.917014612467028201e-02 -1.077856477349996567e-01
2.389817583025433123e-02 -1.072449668426997960e-01
2.871621950180269778e-02 -1.062702306662686169e-01
2.648854549624957144e-02 -1.032991477404721081e-01
3.367453036480583251e-02 -1.059387096320278943e-01
2.539899820112623274e-02 -1.032889518537558615e-01
