-9.743737742793003032e-02 -2.750650138446417148e-02
-7.797330617904663086e-04 -9.962989017367362976e-03
-7.197478320449590683e-03 -1.988650858402252197e-02
-1.392035279422998428e-02 -2.980699110776185989e-02
-2.061806805431842804e-02 -3.971041087061166763e-02
-2.934292890131473541e-02 -4.910337459295988083e-02
-2.705963957123458385e-02 -5.892795417457818985e-02
-2.945835166610777378e-02 -6.856211740523576736e-02
-2.010564901866018772e-02 -7.845600228756666183e-02
-1.607310143299400806e-02 -8.842402417212724686e-02
-1.032135332934558392e-02 -9.837411902844905853e-02
-1.859836443327367306e-02 -1.080979574471712112e-01
-1.834573611267842352e-02 -1.139067648909986019e-01
-2.311255331733264029e-02 -1.219588113017380238e-01
-3.107941724010743201e-02 -1.158693018369376659e-01
-2.392763472744263709e-02 -1.157369401917094365e-01
-2.947419151314534247e-02 -1.239443079248303548e-01
-2.687408091151155531e-02 -1.173343316331738606e-01
-2.771171214408241212e-02 -1.193801949411863461e-01
-2.998431431478820741e-02 -1.174236701481277123e-01
-2.856947886175476015e-02 -1.143740485567832366e-01
-2.445488082594238222e-02 -1.082345745671773329e-01
-2.160084233037196100e-02 -1.104631528869504109e-01
-2.855653860024176538e-02 -1.185247770190471783e-01
-2.124002328491769731e-02 -1.121054499089950696e-01
-1.944562312564812601e-02 -1.159063486993545666e-01
-1.691898595890961587e-02 -1.199701063014799729e-01
-2.536171473911963403e-02 -1.163919728860491887e-01
-2.933825957006774843e-02 -1.103057617001468316e-01
-2.194829363725148141e-02 -1.142274348676437512e-01
-2.292498908354900777e-02 -1.087573070690268651e-01
-2.895058141439221799e-02 -1.120913881022715941e-01
-2.370824347599409521e-02 -1.192161366489017382e-01
-3.089210725738666952e-02 -1.235718829702818766e-01
-3.290846789604984224e-02 -1.199531336460495368e-01
-2.778921354911290109e-02 -1.251573921326780692e-01
-3.287490815273486078e-02 -1.304842163954162970e-01
-2.650449736393056810e-02 -1.255759243067586794e-01
-2.498834949801675975e-02 -1.180630703602219000e-01
-2.426698428462259471e-02 -1.139657232124591246e-01
-2.262540798983536661e-02 -1.108855400379979983e-01
-2.048081750399433076e-02 -1.156080826331162825e-01
-2.279809940955601633e-02 -1.193042178783798590e-01
-2.241386999958194792e-02 -1.208584768610307947e-01
-2.471082439296878874e-02 -1.163493854837724939e-01
-3.017488415935076773e-02 -1.181894141627708450e-01
-2.758235987857915461e-02 -1.109703738620737568e-01
-3.089104700484313071e-02 -1.167869918426731601e-01
-2.528921901830472052e-02 -1.112640398932853714e-01
-2.320877127931453288e-02 -1.179094897961476818e-01
-2.080263188690878451e-02 -1.207002102310070768e-01
