-1.774461018988083769e-02 -1.484130520266960240e-01
1.021366100758314133e-03 -9.732698090374469757e-03
4.517596913501620293e-03 -1.964121777564287186e-02
9.373696753755211830e-03 -2.949971053749322891e-02
5.447840085253119469e-03 -3.938147518783807755e-02
3.812976647168397903e-04 -4.932684171944856644e-02
-1.477423124015331268e-03 -5.930121243000030518e-02
-6.031925790011882782e-03 -6.904443167150020599e-02
3.869505599141120911e-04 -7.878192141652107239e-02
-1.173839904367923737e-03 -8.864397462457418442e-02
-8.132011629641056061e-03 -9.806013852357864380e-02
-1.583348540589213371e-02 -1.067815106362104416e-01
-1.200856594368815422e-02 -1.165294200181961060e-01
-1.187873510934878141e-02 -1.258682645857334137e-01
-1.646476770110893995e-02 -1.305157612077891827e-01
-1.175486222200561315e-02 -1.341725131496787071e-01
-1.118534938723314553e-02 -1.339642199600348249e-01
-1.236115705978590995e-02 -1.379903623746940866e-01
-1.013722906645853072e-02 -1.348589620465645567e-01
-8.861112713930197060e-03 -1.349171814763394650e-01
-1.202106781420297921e-03 -1.425059046850947198e-01
1.264404898392967880e-03 -1.461733270225522574e-01
-7.775577323627658188e-03 -1.426561856897023972e-01
-1.527709660877007991e-02 -1.374472049319592770e-01
-2.111125698138494045e-02 -1.346772865181264933e-01
-2.172813106153625995e-02 -1.398357183461484965e-01
-2.731809353281278163e-02 -1.456281903920171317e-01
-1.974729548965115100e-02 -1.470800569768471178e-01
-2.631748568092007190e-02 -1.485364737709460314e-01
-1.834030549798626453e-02 -1.499999999999999944e-01
-1.274949505750555545e-02 -1.461245181038975660e-01
-9.834335724008269608e-03 -1.451419844292104189e-01
-1.072041179577354342e-02 -1.465813984163105432e-01
-1.918271883914712816e-02 -1.499999999999999944e-01
-1.870200499251950532e-02 -1.424400509335100595e-01
-1.725295298092532903e-02 -1.390222419053316061e-01
-2.421006905206013471e-02 -1.370342125650495235e-01
-2.615260817401576787e-02 -1.412551261950284187e-01
-2.323386301577556878e-02 -1.427457793382927720e-01
-2.350672295142430812e-02 -1.443741293391212765e-01
-2.134491976175922900e-02 -1.438694937736727242e-01
-2.077529842790681869e-02 -1.443280722363851909e-01
-2.340443416323978454e-02 -1.464465882512740735e-01
-1.695038874458987266e-02 -1.447643067571334485e-01
-1.643888793478254229e-02 -1.449569048621924539e-01
-2.211188014189247042e-02 -1.456078620889456887e-01
-2.999784472922328860e-02 -1.467858441668795366e-01
-2.311371128598693758e-02 -1.499999999999999944e-01
-1.641856507922057062e-02 -1.422786215320229475e-01
-2.182535316387657076e-02 -1.428854313911870066e-01
-2.019912634568754584e-02 -1.499999999999999944e-01
