-5.388584265900269593e-02 -1.342396341452715691e-01
9.537007659673690796e-03 -9.235809557139873505e-03
1.818485744297504425e-02 -1.921130996197462082e-02
2.490745764225721359e-02 -2.917742356657981873e-02
1.941680861636996269e-02 -3.914937656372785568e-02
2.796730911359190941e-02 -4.913824237883090973e-02
2.748489117948338389e-02 -5.904296971857547760e-02
2.403781766770407557e-02 -6.899403966963291168e-02
3.171154594747349620e-02 -7.875456195324659348e-02
3.618940914748236537e-02 -8.863884489983320236e-02
3.199001745088025928e-02 -9.692335221916437149e-02
2.712899510515853763e-02 -1.058054016903042793e-01
2.504349657101556659e-02 -1.149607617408037186e-01
2.686769195133820176e-02 -1.180983465164899826e-01
3.266573144355788827e-02 -1.183325087185949087e-01
3.107591584557667375e-02 -1.187557606899645180e-01
3.259767364943400025e-02 -1.184599643165711313e-01
3.901201073313131928e-02 -1.132557360979262739e-01
3.363901755074039102e-02 -1.108961600402835757e-01
2.832973987096920609e-02 -1.193314913252834231e-01
2.191903215134516358e-02 -1.179173890559468418e-01
2.990298025542870164e-02 -1.208441629132721573e-01
3.574525570729747415e-02 -1.204034735856112093e-01
3.017850132891908288e-02 -1.228505725448485464e-01
2.649630169617012143e-02 -1.152532336709555238e-01
3.190019709290936589e-02 -1.170675001048948616e-01
3.768163296626880765e-02 -1.118356763327028602e-01
3.533973015146329999e-02 -1.169778062903787941e-01
3.685564786428585649e-02 -1.115010814683046192e-01
2.811681159073486924e-02 -1.127672319707926363e-01
3.575824393192306161e-02 -1.192513623682316393e-01
3.199758433038368821e-02 -1.184162309800740331e-01
2.754936373094096780e-02 -1.144345801731105894e-01
3.181792894611135125e-02 -1.159140371892135590e-01
3.096185129834339023e-02 -1.160147314876667224e-01
3.750541497720405459e-02 -1.199896278776577674e-01
4.181954421801492572e-02 -1.220222678020945750e-01
3.527947998372837901e-02 -1.139309326172224246e-01
4.207219433737918735e-02 -1.136793914993177168e-01
3.766025247750803828e-02 -1.085561459694872610e-01
3.929312882246449590e-02 -1.165568494980107062e-01
3.319717833073809743e-02 -1.257040614073048346e-01
3.110050695249810815e-02 -1.254142231118748896e-01
2.729856624500826001e-02 -1.192649539370904677e-01
3.404146089451387525e-02 -1.124148067829082720e-01
3.056500392267480493e-02 -1.152006049451301806e-01
3.707708284491673112e-02 -1.235030653697322123e-01
4.331276338780298829e-02 -1.219551923495600931e-01
4.087726591387763619e-02 -1.155634575334261172e-01
3.720532666193321347e-02 -1.167874478778685443e-01
3.706975768727716058e-02 -1.210870871364022605e-01
