-1.983380109160392049e-02 -1.480133681405689239e-01
8.447141386568546295e-03 -9.883502498269081116e-03
1.821940485388040543e-02 -1.987736765295267105e-02
2.812866028398275375e-02 -2.985650300979614258e-02
3.794658929109573364e-02 -3.984986525028944016e-02
4.738380294293165207e-02 -4.972948413342237473e-02
5.315913306549191475e-02 -5.946359876543283463e-02
5.365784629248082638e-02 -6.944128405302762985e-02
5.011499882675707340e-02 -7.808526698499917984e-02
5.740014673210680485e-02 -8.779090177267789841e-02
6.143329129554331303e-02 -9.582612011581659317e-02
5.877068988047540188e-02 -1.036588726565241814e-01
5.573959951288998127e-02 -1.023749028099700809e-01
5.169399990700185299e-02 -1.094899814343079925e-01
5.595639697276055813e-02 -1.056006950093433261e-01
5.318592675030231476e-02 -1.128797907149419188e-01
4.585556639358401299e-02 -1.155583054060116410e-01
4.902249807491898537e-02 -1.082017502048984170e-01
4.658491606824100018e-02 -1.070955118630081415e-01
4.150811512954533100e-02 -1.070181653049075976e-01
4.221255023730918765e-02 -1.138618560653412715e-01
4.312798817409202456e-02 -1.164646919496590272e-01
4.132517898688092828e-02 -1.178100897377589718e-01
4.891585191944614053e-02 -1.103490536479512230e-01
4.882808348338585347e-02 -1.094914632412837818e-01
4.655811625707428902e-02 -1.107758461293997243e-01
4.465520106896292418e-02 -1.068130159546853974e-01
3.794609387114178389e-02 -9.805341491301078349e-02
4.339488460391294211e-02 -1.077820999344112352e-01
4.521053626376669854e-02 -1.039726718590827659e-01
4.952398610475938767e-02 -9.748030158516485244e-02
4.872363286267500371e-02 -1.020763710403116420e-01
5.370991064410191029e-02 -1.047121610754402354e-01
5.355352534388657659e-02 -1.079021122568519786e-01
4.655107109283562750e-02 -1.020251538866432384e-01
5.548545996134635061e-02 -9.448204778891522437e-02
5.707303444796707481e-02 -9.303011205338407308e-02
5.892154130560811609e-02 -9.648625036061275750e-02
5.124842397344764322e-02 -9.304813896596897393e-02
4.566846437228377908e-02 -9.463530390348751098e-02
5.084599902329500765e-02 -1.031401854270370677e-01
4.404556773079093546e-02 -1.100536010490031913e-01
5.017558088002260774e-02 -1.143336294480832294e-01
4.884110797138419002e-02 -1.095983933919342235e-01
4.537703037203755230e-02 -1.020691896119387820e-01
4.822700969816651195e-02 -9.754161846649367362e-02
4.229761134774889797e-02 -1.034012966119917110e-01
4.764825325401034206e-02 -1.105911790655227378e-01
5.239900421292986721e-02 -1.101597642264096066e-01
4.910142729931976646e-02 -1.140041492617456242e-01
5.031506727391388267e-02 -1.104644857550738379e-01
