5.780569379219487047e-02 -1.315996431683558732e-01
9.822296909987926483e-03 -9.874866344034671783e-03
1.681820116937160492e-02 -1.933008711785078049e-02
1.986511074937880039e-02 -2.931943815201520920e-02
1.536667835898697376e-02 -3.925879951566457748e-02
2.175057656131684780e-02 -4.903701134026050568e-02
3.005808568559587002e-02 -5.887248646467924118e-02
2.590662869624793530e-02 -6.855701003223657608e-02
1.972338673658668995e-02 -7.826699502766132355e-02
1.194214890711009502e-02 -8.741673268377780914e-02
5.292071728035807610e-03 -9.726420324295759201e-02
1.104480819776654243e-03 -1.069570537656545639e-01
4.111783113330602646e-03 -1.168252667412161827e-01
1.038158312439918518e-03 -1.264626886695623398e-01
-3.337748348712921143e-04 -1.313810585997998714e-01
4.867231007665395737e-03 -1.395564316771924496e-01
4.230164922773838043e-04 -1.447584386914968491e-01
1.854815403930842876e-03 -1.434399302816018462e-01
-3.715487779118120670e-03 -1.389114697230979800e-01
-1.079239998944103718e-03 -1.414419038919731975e-01
8.670757524669170380e-04 -1.450416381703689694e-01
-7.339030038565397263e-03 -1.401190302567556500e-01
-7.512452139053493738e-03 -1.418881783029064536e-01
-1.453980861697345972e-03 -1.416844007617328316e-01
-1.950222882442176342e-03 -1.444195566291455179e-01
-9.633645764552056789e-03 -1.370579159411136061e-01
-7.937991409562528133e-03 -1.398063270899001509e-01
-1.728311530314385891e-03 -1.369466787728015333e-01
-1.337153662461787462e-03 -1.456628969463054091e-01
2.389623026829212904e-03 -1.428020767925772816e-01
-1.444971945602446795e-03 -1.428455309614946600e-01
-5.521381564904004335e-03 -1.378455371268501040e-01
-4.051742085721343756e-03 -1.364121598562633153e-01
-3.244825173169374466e-03 -1.421021989917790052e-01
1.527491025626659393e-03 -1.363557869008218404e-01
-5.512047559022903442e-03 -1.372589343482104596e-01
-5.716832427424378693e-03 -1.319058570334163960e-01
-5.878601950826123357e-04 -1.368136671626416501e-01
-5.383799980336334556e-04 -1.287390212783066090e-01
3.312188553536543623e-03 -1.365771801465598401e-01
6.857339179987320676e-03 -1.445067408749309834e-01
6.474918776802951470e-03 -1.410481324674037751e-01
1.026077554342919029e-02 -1.338812369176594075e-01
3.520744245179230347e-03 -1.380982054652122315e-01
-3.836889427475398406e-03 -1.416846777101454791e-01
-8.898797932488378137e-04 -1.384760714390722569e-01
4.455646823771530762e-03 -1.354077174582926091e-01
-2.586505983344977722e-03 -1.375436510679719504e-01
-7.467377607099479064e-03 -1.408497013871965464e-01
-3.923635485989507288e-04 -1.348951438230869826e-01
3.189862331055337563e-03 -1.393815691371855792e-01
