9.864471749802593281e-02 -6.640791606922272217e-02
9.093174710869789124e-03 -9.916177019476890564e-03
1.846296247094869614e-02 -1.989864371716976166e-02
2.617886243388056755e-02 -2.988287992775440216e-02
1.875160587951540947e-02 -3.987324424088001251e-02
1.422337628901004791e-02 -4.984800051897764206e-02
9.145067073404788971e-03 -5.983154103159904480e-02
2.710564527660608292e-03 -6.960045453161001205e-02
-2.888852264732122421e-03 -7.946635596454143524e-02
3.208038862794637680e-03 -8.943659253418445587e-02
-3.360628150403499603e-03 -9.942947514355182648e-02
-5.591153632849454880e-03 -1.093670716509222984e-01
-1.186281070113182068e-02 -1.181996716186404228e-01
-7.237739395350217819e-03 -1.273843469098210335e-01
-1.597716426476836205e-02 -1.365210199728608131e-01
-1.163978222757577896e-02 -1.399267541710287333e-01
-9.398254333063960075e-03 -1.327015568967908621e-01
-6.451659370213747025e-03 -1.293255307245999575e-01
-4.219291498884558678e-03 -1.342061271425336599e-01
-8.824056712910532951e-03 -1.373051637783646584e-01
-1.428567571565508842e-03 -1.309808320365846157e-01
-6.199185154400765896e-04 -1.323187870439141989e-01
-8.074334298726171255e-03 -1.394930921960622072e-01
-1.646663103019818664e-02 -1.369711959268897772e-01
-1.189183158567175269e-02 -1.404489164706319571e-01
-8.149042667355388403e-03 -1.413230865146033466e-01
-1.566900446778163314e-02 -1.345568077522329986e-01
-1.049409102415665984e-02 -1.356936316587962210e-01
-7.167052885051816702e-03 -1.426369324908591807e-01
-1.473196077859029174e-02 -1.425359002387267537e-01
-1.766187598695978522e-02 -1.388903395345550962e-01
-2.175275556510314345e-02 -1.393121818618965335e-01
-2.255341759882867336e-02 -1.375735454566893168e-01
-2.064293378498405218e-02 -1.408376762483385392e-01
-2.428844210226088762e-02 -1.402265295691904612e-01
-1.867429364938288927e-02 -1.430697647228953429e-01
-2.363193605560809374e-02 -1.439342644953285344e-01
-2.040891756769269705e-02 -1.359126164534245618e-01
-1.469012850429862738e-02 -1.311002207876299508e-01
-1.929457054939121008e-02 -1.319318867826950736e-01
-1.780654897447675467e-02 -1.339894915072363801e-01
-1.450377691071480513e-02 -1.301682414559763856e-01
-6.255042622797191143e-03 -1.308196796526317485e-01
-1.012770168017596006e-02 -1.291971292303060181e-01
-1.279430917929857969e-02 -1.323128975418512709e-01
-7.914687856100499630e-03 -1.377847962503437884e-01
-4.592034150846302509e-03 -1.328206783582572825e-01
-2.714298316277563572e-03 -1.301776880354736932e-01
1.560382428579032421e-03 -1.372120396190439351e-01
6.882941233925521374e-03 -1.380453506790217943e-01
-1.155255595222115517e-04 -1.329507055997964926e-01
