9.985764637058991422e-02 -4.466610261382807090e-02
9.821022860705852509e-03 -9.978963062167167664e-03
1.808060985058546066e-02 -1.993139088153839111e-02
2.800255641341209412e-02 -2.980076894164085388e-02
3.742227796465158463e-02 -3.934574406594038010e-02
4.531183466315269470e-02 -4.792551323771476746e-02
5.384243652224540710e-02 -5.770696513354778290e-02
6.093434942886233330e-02 -6.744455453008413315e-02
6.055481685325503349e-02 -7.695948425680398941e-02
5.306611862033605576e-02 -8.536607865244150162e-02
6.023889128118753433e-02 -8.943488961085677147e-02
5.969437066232785583e-02 -9.779982035979628563e-02
5.713317234767600894e-02 -1.025709123350679874e-01
6.135822384385392070e-02 -1.074271160177886486e-01
6.227109400788322091e-02 -1.109670619480311871e-01
5.327877314994111657e-02 -1.189363631419837475e-01
4.683563817525282502e-02 -1.133716497570276260e-01
4.938424570718780160e-02 -1.099701914936304092e-01
5.673475709045305848e-02 -1.122098157647997141e-01
4.908051254460588098e-02 -1.111803529784083366e-01
5.294444557512179017e-02 -1.180329318158328533e-01
4.558230709517374635e-02 -1.105231284163892269e-01
4.656462505226954818e-02 -1.117178808199241757e-01
4.234524810453876853e-02 -1.201277590589597821e-01
4.376006330130621791e-02 -1.126047066645696759e-01
4.631609044736251235e-02 -1.053911881754174829e-01
4.284201463451609015e-02 -1.054547910971450619e-01
4.555887886090204120e-02 -1.027196722498047166e-01
5.026918574003502727e-02 -1.036186163473757915e-01
5.166459357133135200e-02 -1.102851690884563141e-01
5.088910617632791400e-02 -1.136970043808105402e-01
5.379308498231694102e-02 -1.165925926688942127e-01
5.273330427007749677e-02 -1.098894235838088207e-01
5.104593554278835654e-02 -1.087190458711120300e-01
4.990652244305238128e-02 -1.178169898848864250e-01
5.598014494171366096e-02 -1.193406645834329538e-01
5.875373742310330272e-02 -1.143004064142587595e-01
5.536641151411458850e-02 -1.162098173444974236e-01
5.463620100636035204e-02 -1.072777800654876046e-01
6.308346532750874758e-02 -1.150602146444725804e-01
5.630136339459568262e-02 -1.094691178223001771e-01
6.273823569063097239e-02 -1.090970143777667545e-01
6.489258946385234594e-02 -1.129058131118654273e-01
6.795287423301488161e-02 -1.131671407420071773e-01
6.578630872536450624e-02 -1.128297057512099855e-01
6.225737405475229025e-02 -1.066466230477089994e-01
5.913406086619943380e-02 -1.024534255775506608e-01
4.992620588745921850e-02 -1.024992663151351735e-01
5.803071276750415564e-02 -1.023841494825319387e-01
5.288888223003596067e-02 -1.038174117347807623e-01
5.998192995321005583e-02 -1.093291673241765238e-01
