9.698430511027597567e-02 -2.562697059705342645e-02
9.644851088523864746e-03 -9.923575446009635925e-03
1.877265982329845428e-02 -1.979860477149486542e-02
2.680376917123794556e-02 -2.969425637274980545e-02
3.669406753033399582e-02 -3.966922685503959656e-02
4.549803491681814194e-02 -4.913851339370012283e-02
5.202453350648283958e-02 -5.898180883377790451e-02
5.976539803668856621e-02 -6.892776302993297577e-02
6.060048053041100502e-02 -7.871002424508333206e-02
6.113569444278255105e-02 -8.847169950604438782e-02
5.786122457357123494e-02 -9.811417572200298309e-02
6.550607067765668035e-02 -1.071561546996235847e-01
6.048956309678032994e-02 -1.119403466582298279e-01
5.721625202568247914e-02 -1.192993819713592529e-01
5.657878273632377386e-02 -1.104248873889446259e-01
5.843374365940690041e-02 -1.034907265566289425e-01
5.832637483399594203e-02 -1.113711888901889324e-01
5.834425980356172659e-02 -1.163799893110990524e-01
5.783178680940181948e-02 -1.113544595427811146e-01
5.478872242747456767e-02 -1.162262512370944023e-01
5.669579678578884341e-02 -1.105498089455068111e-01
5.270376499174744822e-02 -1.048126057721674442e-01
5.664844788043410517e-02 -1.106726098805665970e-01
4.979795706822187640e-02 -1.063538552261888981e-01
5.317753553754300810e-02 -1.126097571104764938e-01
5.293318332769558765e-02 -1.129346822854131460e-01
4.627828795128152706e-02 -1.182599517051130533e-01
4.788911651485250331e-02 -1.139825328718870878e-01
4.771547388008912094e-02 -1.069303175900131464e-01
5.579985953590949066e-02 -1.147004065569490194e-01
5.267999037823756225e-02 -1.198463656473904848e-01
5.271652325609466061e-02 -1.114399556536227465e-01
5.044418208854040131e-02 -1.059789115097373724e-01
4.870456220669439062e-02 -1.148064869921654463e-01
5.014445303095271811e-02 -1.163327210815623403e-01
4.747699150902917609e-02 -1.136280578793957829e-01
5.031455886637559161e-02 -1.149372339714318514e-01
5.102601416729157791e-02 -1.153893214941490442e-01
5.060258696175878868e-02 -1.112375110678840429e-01
4.837938074342673644e-02 -1.077367635734844953e-01
4.980438705388223752e-02 -1.087710967112798244e-01
4.509570021036779508e-02 -1.002568693656940013e-01
5.119377272058045492e-02 -9.385455099982209504e-02
5.242943777557229623e-02 -1.013827177521307021e-01
5.043476950231706724e-02 -1.075361648399848491e-01
4.873548881005262956e-02 -1.124165121291298419e-01
4.623912777606165037e-02 -1.129018798819743097e-01
4.510662346001481637e-02 -1.113000336918048561e-01
3.931347667094087228e-02 -1.127493777894414961e-01
4.182868534553563222e-02 -1.208693790831603110e-01
4.772180355939781293e-02 -1.120424797409214079e-01
