3.121931796282375118e-02 4.500186411821670285e-02
9.601704776287078857e-03 -9.945193305611610413e-03
1.956048700958490372e-02 -1.978068333119153976e-02
2.892575692385435104e-02 -2.976364921778440475e-02
3.553099324926733971e-02 -3.961213305592536926e-02
4.438142245635390282e-02 -4.954531136900186539e-02
5.084700044244527817e-02 -5.928334593772888184e-02
5.344191612675786018e-02 -6.911672558635473251e-02
5.165776680223643780e-02 -7.799160480499267578e-02
4.652777197770774364e-02 -8.531070500612258911e-02
4.839575407095253468e-02 -9.423550218343734741e-02
4.118358273990452290e-02 -9.745470015332102776e-02
4.776520957238972187e-02 -1.013173074461519718e-01
5.282797547988593578e-02 -1.030763490125536919e-01
4.771489067934453487e-02 -9.908206760883331299e-02
5.331762949936091900e-02 -1.065124329179525375e-01
5.987137719057500362e-02 -1.074077840894460678e-01
5.244786781258881092e-02 -1.022867416031658649e-01
4.583514737896621227e-02 -1.017574869329109788e-01
5.022381222806870937e-02 -1.004549418576061726e-01
5.270443949848413467e-02 -9.311048500239849091e-02
5.897238152101635933e-02 -1.000993363559246063e-01
5.213404679670929909e-02 -9.696154529228806496e-02
5.089389823842793703e-02 -1.038313433527946472e-01
4.849573050159960985e-02 -1.052249624626711011e-01
4.526350589003413916e-02 -9.895096917171031237e-02
4.588772624265402555e-02 -9.738232637755572796e-02
4.459844261873513460e-02 -9.953797468915581703e-02
4.602588561829179525e-02 -1.030732954386621714e-01
3.777219669427722692e-02 -1.004839565139263868e-01
4.166778444778174162e-02 -1.020899792201817036e-01
4.932072514202445745e-02 -9.862980339676141739e-02
4.472356045152992010e-02 -1.033921930938959122e-01
4.737140738870948553e-02 -1.038243804068770260e-01
5.334558186586946249e-02 -9.523215200169943273e-02
5.656061822082847357e-02 -1.025377806217875332e-01
5.433589627500623465e-02 -1.035968514333944768e-01
4.941088508348912001e-02 -1.033398993895389140e-01
4.637047357391566038e-02 -1.019703349447809160e-01
4.643844789825379848e-02 -9.689826372778043151e-02
4.368619387969374657e-02 -9.711062970745842904e-02
3.732463438063859940e-02 -1.047992428502766415e-01
3.765304881380870938e-02 -9.836499315861146897e-02
3.714346367632970214e-02 -9.648953429132234305e-02
3.643264132551848888e-02 -1.038078554411185905e-01
4.335785214789211750e-02 -1.055478168855188414e-01
4.869266808964312077e-02 -1.039961209025932476e-01
4.638476669788360596e-02 -1.111994521197630093e-01
4.551653744420036674e-02 -1.105053190694889054e-01
5.100872641196474433e-02 -1.065355342434486374e-01
5.066570884082466364e-02 -1.015244762966176495e-01
