-2.547875042546718025e-02 4.669970670460565909e-02
9.021716192364692688e-03 -9.920090436935424805e-03
1.881011854857206345e-02 -1.987913437187671661e-02
2.677195426076650620e-02 -2.978481072932481766e-02
3.657515253871679306e-02 -3.970986045897006989e-02
4.561096243560314178e-02 -4.953208658844232559e-02
5.504548083990812302e-02 -5.877711158245801926e-02
5.880362633615732193e-02 -6.869850214570760727e-02
6.257671001367270947e-02 -7.825635839253664017e-02
6.696934695355594158e-02 -8.734832238405942917e-02
6.845734710805118084e-02 -8.328259410336613655e-02
6.778177677188068628e-02 -8.858279325067996979e-02
6.212409317959100008e-02 -9.367238171398639679e-02
6.951119250152260065e-02 -1.006987616419792175e-01
7.560759840998798609e-02 -9.444417338818311691e-02
7.096567575354129076e-02 -9.145205956883728504e-02
6.923730322159826756e-02 -9.506305307149887085e-02
6.395711260847747326e-02 -8.779210690408945084e-02
6.872173980809748173e-02 -9.126501902937889099e-02
6.475606397725641727e-02 -9.629674954339861870e-02
6.393685057992115617e-02 -9.887211350724101067e-02
6.996142916614189744e-02 -9.421054180711507797e-02
6.280793860787525773e-02 -9.524712432175874710e-02
5.785922618815675378e-02 -9.408333769533783197e-02
5.945849505951628089e-02 -8.730911242309957743e-02
6.489843915915116668e-02 -8.391097665298730135e-02
7.091434526955708861e-02 -9.098877536598592997e-02
7.063928712159395218e-02 -9.866533020976930857e-02
7.029674580553546548e-02 -1.021549747092649341e-01
7.019218197820009664e-02 -9.817361680325120687e-02
6.451582443696679547e-02 -1.011440964648500085e-01
5.837819120642961934e-02 -9.760639152955263853e-02
6.317188265529694036e-02 -9.950112062506377697e-02
6.377353909920202568e-02 -9.944385605922434479e-02
5.939442356611834839e-02 -1.014639969362178817e-01
5.870070064702304080e-02 -1.042451377870747820e-01
5.454880919569404796e-02 -9.529784171900246292e-02
5.414546575775602832e-02 -1.034631229849765077e-01
6.168836417054990306e-02 -9.719540867081377655e-02
6.008149035187670961e-02 -1.012650848279008642e-01
5.970926234294893220e-02 -1.022428769065300003e-01
5.185079039802076295e-02 -1.051929764362284914e-01
5.411109515262069181e-02 -1.059857765940250829e-01
5.560348334984155372e-02 -1.066264007386052981e-01
5.396019947511376813e-02 -1.064874849689658731e-01
5.762933265214087442e-02 -1.099892136116977781e-01
4.910937674139859155e-02 -1.039748795737978071e-01
4.863555081101367250e-02 -9.751359545043669641e-02
5.578904276626417413e-02 -9.549283105297945440e-02
5.229897148819873109e-02 -1.017600233608391136e-01
5.207524009892949834e-02 -1.070216727384831756e-01
