-4.608613116177602553e-02 3.874721693968537217e-02
-9.945033118128776550e-03 -9.988620877265930176e-03
-1.898692362010478973e-02 -1.985908206552267075e-02
-2.804293856024742126e-02 -2.952222526073455811e-02
-3.581362171098589897e-02 -3.850968368351459503e-02
-4.263740917667746544e-02 -4.501009033992886543e-02
-4.564136033877730370e-02 -4.942408110946416855e-02
-4.562317019372130744e-02 -4.725556890480220318e-02
-4.351492177738691680e-02 -5.471693468280136585e-02
-4.829678962050820701e-02 -5.412125779548659921e-02
-5.043323173231328838e-02 -5.224717810051515698e-02
-5.290964779487694614e-02 -5.320184840820729733e-02
-4.891939110166276805e-02 -5.991044151596724987e-02
-5.518675616986001842e-02 -5.931287159910425544e-02
-5.426091844492475502e-02 -5.660754436394199729e-02
-5.987839637600700371e-02 -5.405989772407338023e-02
-5.486141614892403595e-02 -5.928908818168565631e-02
-5.171159332894603722e-02 -5.983624095097184181e-02
-4.690594975181738846e-02 -5.948412412544712424e-02
-4.377587981798569672e-02 -5.947841876877646428e-02
-4.674369519852916710e-02 -5.751239052733581048e-02
-5.438297059663455002e-02 -5.734651199418294709e-02
-4.968035970159689896e-02 -5.223142997238028329e-02
-5.426876902856747620e-02 -5.228695646474079695e-02
-5.120384231486241333e-02 -4.735747119957522955e-02
-4.829868585147778504e-02 -4.418717301996366587e-02
-4.345680870392243378e-02 -5.233828886957780924e-02
-4.859051903986255638e-02 -4.781510239081399050e-02
-4.490645978876273148e-02 -4.850140994494722690e-02
-4.178356266857008450e-02 -5.216905417000816669e-02
-3.787533733338932507e-02 -5.237727941675984766e-02
-4.134346339196781628e-02 -5.180459083021560218e-02
-4.830612502337316982e-02 -5.721019799784698989e-02
-5.005613648609141819e-02 -6.189305833504477050e-02
-5.021895073514315300e-02 -5.478717884943762328e-02
-4.992802881679381244e-02 -5.870138606951513793e-02
-4.557411487257923000e-02 -5.292767365426698234e-02
-5.123225015631760471e-02 -5.596465486996748950e-02
-5.095321697808685713e-02 -5.576863785063324030e-02
-4.778820684805396013e-02 -5.090039402966795024e-02
-5.082772545210900716e-02 -5.609657236163911875e-02
-4.484853580288472585e-02 -5.213619901587662753e-02
-4.218426778606954031e-02 -5.421750613277254160e-02
-4.458525300651672296e-02 -5.195529659067688044e-02
-3.987770563617232256e-02 -5.688001115595398005e-02
-4.044861859802040271e-02 -5.318884940606949385e-02
-4.354577303092810325e-02 -6.021245771808025893e-02
-4.369746327211032622e-02 -5.566886503038404044e-02
-4.814580075253616087e-02 -5.718020273161528166e-02
-4.418324578364263289e-02 -5.974812822205421980e-02
-4.507936704249004833e-02 -5.257684102070925292e-02
