-8.787246960830152887e-02 -2.267106886989077308e-03
-9.764260612428188324e-03 -9.740832261741161346e-03
-1.899015251547098160e-02 -1.929439418017864227e-02
-2.735814452171325684e-02 -2.913359645754098892e-02
-3.259802749380469322e-02 -3.889507055282592773e-02
-3.581406641751527786e-02 -4.857584647834300995e-02
-4.361095000058412552e-02 -5.832633282989263535e-02
-4.803196340799331665e-02 -6.678434927016496658e-02
-4.961413412820547819e-02 -7.673006132245063782e-02
-4.981451778439804912e-02 -8.082917938008904457e-02
-5.275844474090263247e-02 -8.363535767421126366e-02
-5.013702547876164317e-02 -8.887939946725964546e-02
-4.978956378181464970e-02 -9.629197791218757629e-02
-4.700594118912704289e-02 -9.027387807145714760e-02
-4.613274507573805749e-02 -9.621187206357717514e-02
-4.894975697970949113e-02 -1.013121954165399075e-01
-5.273429429507814348e-02 -9.552410291507840157e-02
-4.736170577234588563e-02 -9.724631346762180328e-02
-4.772775934543460608e-02 -1.014570980332791805e-01
-5.309371405746787786e-02 -9.806669759564101696e-02
-5.352878803387284279e-02 -9.895724937086924911e-02
-4.619649285450577736e-02 -1.039391722879372537e-01
-4.057329287752509117e-02 -1.010809400468133390e-01
-4.127268301090225577e-02 -1.039462568587623537e-01
-4.241008678218349814e-02 -1.025153365335427225e-01
-4.700383817544206977e-02 -1.033730229246430099e-01
-4.676125323749147356e-02 -1.047259643091820180e-01
-4.214521715766750276e-02 -1.104583464912138879e-01
-4.426397322094999254e-02 -1.105681102271773852e-01
-4.417643426859285682e-02 -1.064471284407773055e-01
-4.777233708591666073e-02 -1.064640841741493205e-01
-4.717478503880556673e-02 -1.088585112538567046e-01
-4.415322768909391016e-02 -1.111857536543539027e-01
-5.041328280640300363e-02 -1.101285187123721698e-01
-4.625321853382047266e-02 -1.043891422978049377e-01
-5.108253400248941034e-02 -9.962293790340481792e-02
-4.922187012562062591e-02 -1.017204216277605155e-01
-5.352127096557524055e-02 -1.005025497233873466e-01
-5.470175876689609140e-02 -1.016130426960444311e-01
-5.098555002768989652e-02 -9.542985475309251342e-02
-4.775617991981562227e-02 -8.860291289784072433e-02
-4.986849705164786428e-02 -8.988922932803689037e-02
-5.031187691201921552e-02 -9.100641827717481647e-02
-4.649477776547428221e-02 -9.323206293083785567e-02
-5.257313371112104505e-02 -8.902282110102532897e-02
-4.866358170693274587e-02 -9.018014656066952739e-02
-4.521998063137289137e-02 -9.452356962174235377e-02
-4.709467476641293615e-02 -8.866697461962758098e-02
-4.732369308476336300e-02 -9.050818235300539527e-02
-5.447232726146467030e-02 -8.786111865811108146e-02
-5.336688997340388596e-02 -9.529155288510082755e-02
