-9.971409911672393656e-02 -4.244364920479760939e-02
-9.569700807332992554e-03 -9.859653189778327942e-03
-1.928473822772502899e-02 -1.947847101837396622e-02
-2.667584316805005074e-02 -2.842936851084232330e-02
-3.593959240242838860e-02 -3.831926081329584122e-02
-4.067825339734554291e-02 -4.622613359242677689e-02
-4.153362888609990478e-02 -5.500630661845207214e-02
-4.752875393023714423e-02 -6.207149662077426910e-02
-4.783201104146428406e-02 -6.409780285321176052e-02
-4.798438076977618039e-02 -6.584756029769778252e-02
-4.919682143372483552e-02 -6.722522154450416565e-02
-5.003407594631426036e-02 -7.071196916513144970e-02
-5.300644153612665832e-02 -7.211773807648569345e-02
-4.905272481846623123e-02 -7.364128821063786745e-02
-4.714511751080863178e-02 -7.153648848179727793e-02
-4.828041311702691019e-02 -7.307822932489216328e-02
-5.181802259176038206e-02 -7.362838019616901875e-02
-5.349621697678230703e-02 -7.671090704388916492e-02
-4.818598934798501432e-02 -7.966709951870143414e-02
-4.800976107071619481e-02 -7.187199243344366550e-02
-4.455475641589146107e-02 -6.653997418470680714e-02
-4.070841164502780885e-02 -6.997510069049894810e-02
-4.521048038441222161e-02 -7.360861520282924175e-02
-4.972566587093751878e-02 -7.144814962521195412e-02
-4.812069288163911551e-02 -6.591551564633846283e-02
-4.242575033276807517e-02 -6.421701936051249504e-02
-4.217689258803147823e-02 -6.800790340639650822e-02
-3.781766777683515102e-02 -7.091394742019474506e-02
-3.251654755149502307e-02 -7.117015498806722462e-02
-3.994551354844588786e-02 -6.915701882098801434e-02
-3.920270498201716691e-02 -6.700040123541839421e-02
-3.370919307053554803e-02 -6.967554337461479008e-02
-4.100831733376253396e-02 -6.732666495372541249e-02
-4.835738190740812570e-02 -6.010526421596296132e-02
-4.770626676327083260e-02 -6.104284702450968325e-02
-5.142820360197219998e-02 -6.354082995676435530e-02
-4.976544390956405550e-02 -6.558993263752199709e-02
-5.010860691254492849e-02 -6.555890007439302281e-02
-4.932099352299701422e-02 -6.727514364320086315e-02
-5.170643217570614070e-02 -6.544023619062500075e-02
-5.171775169310421916e-02 -6.768961885973112658e-02
-4.740881178167910548e-02 -6.504280545777874067e-02
-4.347354735818953486e-02 -5.835333100549178198e-02
-4.169222680957318516e-02 -6.365405914402799681e-02
-4.281646575418562861e-02 -6.083887938439147547e-02
-4.751367451262922259e-02 -6.444779044977622107e-02
-4.688425784570426913e-02 -6.725782395369606093e-02
-4.773059374292643042e-02 -6.516350509627955034e-02
-4.827294833830819698e-02 -6.671686232584761456e-02
-4.793601640722044976e-02 -6.880315248417900875e-02
-4.306375765463599237e-02 -6.016943645227001980e-02
