-2.652819578751709761e-02 -1.464170878436968914e-01
3.348065540194511414e-03 -9.906302206218242645e-03
-2.107867505401372910e-03 -1.964720617979764938e-02
3.728800453245639801e-03 -2.955181524157524109e-02
5.688059609383344650e-04 -3.951307106763124466e-02
4.778273170813918114e-03 -4.947984777390956879e-02
3.808214154560118914e-03 -5.944559723138809204e-02
-2.297388273291289806e-04 -6.923221517354249954e-02
2.836672181729227304e-03 -7.914939709007740021e-02
-1.739779429044574499e-03 -8.826096355915069580e-02
3.332871710881590843e-05 -9.824634436517953873e-02
-4.846316820476204157e-03 -1.081289853900671005e-01
-1.284790231147781014e-02 -1.178547218441963196e-01
-1.767813885817304254e-02 -1.269312920048832893e-01
-1.265025843167677522e-02 -1.300202454440295696e-01
-1.599686598638072610e-02 -1.361717446707189083e-01
-1.300237869145348668e-02 -1.320853708311915398e-01
-1.357886643381789327e-02 -1.363893016241490841e-01
-1.926906249718740582e-02 -1.387247790116816759e-01
-2.484332706080749631e-02 -1.336421931628137827e-01
-1.991628092946484685e-02 -1.387121269945055246e-01
-1.892290875548496842e-02 -1.353400396183133125e-01
-1.998967508552595973e-02 -1.393403527326881886e-01
-1.792989246314391494e-02 -1.370208356529474258e-01
-2.585915516829118133e-02 -1.384970340877771378e-01
-2.109130605822429061e-02 -1.390262273489497602e-01
-1.276841893559321761e-02 -1.419227613951079547e-01
-1.762348640477284789e-02 -1.358286409522406757e-01
-2.471096295630559325e-02 -1.420311729307286441e-01
-1.888275885721668601e-02 -1.352447515237145126e-01
-1.735278748674318194e-02 -1.346204131259582937e-01
-1.146992825670167804e-02 -1.339051288086920977e-01
-9.660028445068746805e-03 -1.360680919606238604e-01
-1.498436048859730363e-02 -1.442642018664628267e-01
-1.504353657583124004e-02 -1.420368859544396400e-01
-1.396467341328389011e-02 -1.425911435508169234e-01
-2.042649910072213970e-02 -1.349594961502589285e-01
-2.009575769989169203e-02 -1.426400365890003741e-01
-2.524640413685119711e-02 -1.418879857519641519e-01
-2.153520079082227312e-02 -1.347508506150916219e-01
-1.854239313615835272e-02 -1.403877349803224206e-01
-1.914667096207267605e-02 -1.437391043873503804e-01
-2.362635629469878040e-02 -1.426017262274399400e-01
-1.879684338564402424e-02 -1.391996470047160983e-01
-1.107921395669109188e-02 -1.329019063850864768e-01
-1.561947483787662350e-02 -1.364901725901290774e-01
-1.701936791869229637e-02 -1.356535630184225738e-01
-1.348307929220027290e-02 -1.426201473805122077e-01
-2.228409718009061180e-02 -1.351079546730034053e-01
-1.485581943052238785e-02 -1.389906338299624622e-01
-1.011873097377247177e-02 -1.409129944513551891e-01
