1.221468872011773933e-02 -1.492512034157300604e-01
2.424353267997503281e-03 -9.942386299371719360e-03
1.175027200952172279e-02 -1.989231631159782410e-02
2.007378125563263893e-02 -2.985575329512357712e-02
2.364693069830536842e-02 -3.982759919017553329e-02
2.677186019718647003e-02 -4.968503210693597794e-02
2.054733736440539360e-02 -5.944373179227113724e-02
1.895992620848119259e-02 -6.914471369236707687e-02
1.590523705817759037e-02 -7.885732967406511307e-02
7.564416388049721718e-03 -8.827433269470930099e-02
9.948372142389416695e-03 -9.825444314628839493e-02
4.287360468879342079e-03 -1.077897306531667709e-01
-2.436975482851266861e-04 -1.175812305882573128e-01
5.313982488587498665e-03 -1.271723564714193344e-01
-1.602445961907505989e-03 -1.368146017193794250e-01
-4.148833919316530228e-03 -1.439500618726015091e-01
-5.651904502883553505e-03 -1.499999999999999944e-01
-2.944059669971466064e-03 -1.489322794135659878e-01
1.305167097598314285e-03 -1.499999999999999944e-01
-2.260414883494377136e-03 -1.422816040925681536e-01
-4.090693430043756962e-03 -1.453161086887121145e-01
2.281428198330104351e-03 -1.499999999999999944e-01
-2.150233020074665546e-03 -1.499999999999999944e-01
-5.661189206875860691e-03 -1.499999999999999944e-01
1.748829032294452190e-03 -1.416307283565401975e-01
-1.149486168287694454e-03 -1.413724721700418685e-01
-1.325562450801953673e-03 -1.361145294562447761e-01
-5.104591691633686423e-03 -1.420498342544306014e-01
7.444856746587902308e-04 -1.367886896536219810e-01
-5.669429519912227988e-03 -1.404408206057269071e-01
2.359629055717960000e-03 -1.478800921526271794e-01
-4.677479242673143744e-03 -1.499999999999999944e-01
-1.027368949144147336e-02 -1.429421404376625959e-01
-9.689717757282778621e-03 -1.392835335340350811e-01
-3.356795961735770106e-03 -1.453341691289097015e-01
-6.047964066965505481e-03 -1.464034222066402380e-01
-3.029670770047232509e-03 -1.445064818020909969e-01
-9.079121722606942058e-03 -1.469839213881641571e-01
-1.082585190306417644e-02 -1.472115467535331790e-01
-9.204892878187820315e-03 -1.440472388407215421e-01
-1.043945408309809864e-02 -1.499999999999999944e-01
-1.685728222946636379e-02 -1.433539414778351728e-01
-1.738435952574945986e-02 -1.381202196702361051e-01
-2.190074921236373484e-02 -1.399962573545053546e-01
-1.334423423395492136e-02 -1.445686358259990756e-01
-1.232186079141683877e-02 -1.487673802534118239e-01
-1.406935931299813092e-02 -1.499999999999999944e-01
-2.167449615080840886e-02 -1.483234882820397560e-01
-1.668280412559397519e-02 -1.443321433383971397e-01
-1.349927953560836613e-02 -1.482598677743226234e-01
-1.173671302967704833e-02 -1.499999999999999944e-01
