9.678885207034967908e-02 -7.513798152008167863e-02
9.529120288789272308e-03 -9.965741075575351715e-03
1.932868175208568573e-02 -1.995668560266494751e-02
2.921475190669298172e-02 -2.981519978493452072e-02
3.891379386186599731e-02 -3.927542176097631454e-02
4.792356304824352264e-02 -4.843901842832565308e-02
5.721194576472043991e-02 -5.819114949554204941e-02
5.556454439647495747e-02 -6.766443978995084763e-02
6.051277625374495983e-02 -7.650488149374723434e-02
6.724669900722801685e-02 -7.879241951741278172e-02
6.886671867687255144e-02 -7.777563936542719603e-02
6.666839739773422480e-02 -8.134176360908895731e-02
7.112417567986994982e-02 -8.552521339152008295e-02
6.777257670182734728e-02 -8.254621864762157202e-02
7.438590482342988253e-02 -7.766767253633588552e-02
7.180359691847115755e-02 -7.612514251377433538e-02
7.594208430964499712e-02 -8.272590569686144590e-02
7.777532166801393032e-02 -8.028145262505859137e-02
6.946102785877883434e-02 -8.395234157796949148e-02
6.477956729941070080e-02 -8.030623488593846560e-02
6.950195156969130039e-02 -7.332493748981505632e-02
7.193646859377622604e-02 -7.480987149756401777e-02
7.075593131594359875e-02 -7.264437165576964617e-02
7.109756843419745564e-02 -6.965574237983673811e-02
7.649093057261779904e-02 -6.777256820350885391e-02
7.616839077672921121e-02 -7.616097014397382736e-02
7.797532816766761243e-02 -6.998559879139065742e-02
7.046148701920174062e-02 -7.066796469734981656e-02
7.043120905291289091e-02 -7.140494690975174308e-02
7.058096691616810858e-02 -7.226348918629810214e-02
6.971263690502382815e-02 -7.113262574421241879e-02
7.072884010267443955e-02 -6.623527436750009656e-02
6.995141375227831304e-02 -7.158104033442214131e-02
7.059948667301796377e-02 -7.710542558925226331e-02
7.320449812687002122e-02 -8.005304081598296762e-02
7.539304121746681631e-02 -8.444514736765995622e-02
6.985280252411030233e-02 -8.027677662903442979e-02
7.435646149679087102e-02 -7.759452710160985589e-02
7.504395811702124774e-02 -7.267107866937294602e-02
7.041508794645778835e-02 -7.567788317101076245e-02
6.776240721228532493e-02 -7.407577714184299111e-02
6.606402419856749475e-02 -6.578904116759076715e-02
7.040035011596046388e-02 -7.505997555563226342e-02
6.975890402100048959e-02 -7.509153561841230839e-02
6.944766765809617937e-02 -7.229552946228068322e-02
7.533929109922610223e-02 -7.563294719147961587e-02
7.221414809464477003e-02 -7.606669673987198621e-02
6.982329496531747282e-02 -7.846289449662435800e-02
7.331485263421200216e-02 -7.282917802513111383e-02
7.059961566119454801e-02 -7.404744329687673599e-02
7.667239670990966260e-02 -7.061274962325114757e-02
