9.850763835706735638e-02 -3.278822538744961823e-02
9.969240985810756683e-03 -9.922961704432964325e-03
1.987893227487802505e-02 -1.991548947989940643e-02
2.971813268959522247e-02 -2.984439022839069366e-02
3.950674366205930710e-02 -3.951862081885337830e-02
4.862207733094692230e-02 -4.936660639941692352e-02
5.496574006974697113e-02 -5.897843372076749802e-02
5.829347320832312107e-02 -6.572457123547792435e-02
6.325645395554602146e-02 -7.441448420286178589e-02
6.936328369192779064e-02 -7.689729589037597179e-02
6.418462959118187428e-02 -7.011123816482722759e-02
6.859107944183051586e-02 -7.899263664148747921e-02
6.624159310013055801e-02 -7.162981224246323109e-02
6.979976152069866657e-02 -7.892190315760672092e-02
7.046823238488286734e-02 -7.995922002010047436e-02
7.033890819002408534e-02 -8.579619252122938633e-02
6.395693782542366534e-02 -8.700608927756547928e-02
6.872704632405657321e-02 -9.510102774947881699e-02
6.836273441149387509e-02 -1.013699593022465706e-01
6.812205861206166446e-02 -9.444540878757834435e-02
7.040057957055978477e-02 -8.675363706424832344e-02
7.534770175698213279e-02 -8.427025377750396729e-02
7.526863738894462585e-02 -9.300676081329584122e-02
7.952539948746562004e-02 -8.780892612412571907e-02
7.618202245794236660e-02 -9.190616756677627563e-02
7.706292904913425446e-02 -8.468282734975218773e-02
7.277554087340831757e-02 -9.313925309106707573e-02
6.431803666055202484e-02 -8.704016730189323425e-02
7.128124684095382690e-02 -9.118882333859801292e-02
6.965366099029779434e-02 -8.313533524051308632e-02
6.543891411274671555e-02 -9.037376893684267998e-02
6.931806891225278378e-02 -8.699459698982536793e-02
6.886443347320891917e-02 -9.035034081898629665e-02
6.606747178011573851e-02 -8.663406292907893658e-02
7.064345633261837065e-02 -9.035636694170534611e-02
6.676876815618015826e-02 -8.244115323759615421e-02
6.657210024422965944e-02 -7.620174274779856205e-02
7.008115443750284612e-02 -8.325282321311533451e-02
7.578142322017811239e-02 -8.753441483713686466e-02
6.806209692149423063e-02 -8.057212387211620808e-02
7.359128593816421926e-02 -8.316684514284133911e-02
7.263112606597132981e-02 -7.996866968460381031e-02
7.621964861755259335e-02 -7.470879354514181614e-02
7.873606614884920418e-02 -6.780182872898876667e-02
7.414499091100879014e-02 -7.432967680506408215e-02
6.844786487636156380e-02 -8.127214177511632442e-02
6.808662260300479829e-02 -8.508944301865994930e-02
6.515841218060813844e-02 -8.015808160416781902e-02
6.901807276881299913e-02 -8.244840195402503014e-02
7.300360160297714174e-02 -7.746845064684748650e-02
8.098241066909395158e-02 -8.348511671647429466e-02
