8.422323406775167332e-02 3.911472277880842507e-03
9.621483273804187775e-03 -9.370123967528343201e-03
1.955785416066646576e-02 -1.931314636021852493e-02
2.932739816606044769e-02 -2.719427458941936493e-02
3.884463850408792496e-02 -3.424544446170330048e-02
4.770293273031711578e-02 -3.718377347104251385e-02
5.701691191643476486e-02 -3.010402922518551350e-02
6.532962247729301453e-02 -3.195228870026767254e-02
6.672037043608725071e-02 -3.334079554770141840e-02
7.525686849839985371e-02 -3.345788409933447838e-02
8.156876196153461933e-02 -3.425221075303852558e-02
8.582309330813586712e-02 -2.898244257085025311e-02
8.505616988986730576e-02 -2.575511089526116848e-02
7.976565696299076080e-02 -3.151086973957717419e-02
8.244064659811556339e-02 -2.504154969938099384e-02
8.593832328915596008e-02 -2.736885286867618561e-02
8.269101404584944248e-02 -2.101568924263119698e-02
7.936305785551667213e-02 -2.097702132596168667e-02
8.163966680876910686e-02 -2.004686703730840236e-02
8.456038380973041058e-02 -1.779876819637138397e-02
9.060388919897377491e-02 -2.220802412193734199e-02
8.582853875122964382e-02 -1.883304359216708690e-02
8.299849368631839752e-02 -2.050904028874356300e-02
7.988306204788386822e-02 -2.785327968013007194e-02
8.567317132838070393e-02 -2.322532965627033263e-02
8.099301834590733051e-02 -1.872859786089975387e-02
8.142851968295872211e-02 -2.377558390435297042e-02
8.695567748509347439e-02 -2.544606426090467721e-02
8.215546864084899426e-02 -2.374744876578915864e-02
8.203859287459636107e-02 -2.193269955751020461e-02
9.135041511763120070e-02 -1.796057338651735336e-02
8.622277747053885832e-02 -1.202338964503724128e-02
8.500823574286187068e-02 -9.009007670101709664e-03
9.050590833794558421e-02 -1.268029895436484367e-02
8.944014865119243041e-02 -1.544237027701456100e-02
8.251989060227060691e-02 -1.973731287580449134e-02
8.859244766790652648e-02 -2.097192774817813188e-02
8.756945140339666978e-02 -1.477714670181740075e-02
8.314179813169175759e-02 -1.131392964452970773e-02
8.483815586805576459e-02 -1.482740040228236467e-02
9.316263648361200467e-02 -2.283805604383815080e-02
8.812368542567128316e-02 -2.412817296863067895e-02
9.076837680913740769e-02 -2.156695300072897226e-02
8.962032522686058655e-02 -2.082430776499677449e-02
9.526146853022510186e-02 -2.314152168401051313e-02
9.373715133551741019e-02 -2.267195271269883960e-02
9.770508376095676795e-02 -2.841531239391770214e-02
9.836401310894871131e-02 -2.366489997075404972e-02
1.011503179106512107e-01 -2.190011854690965265e-02
1.067331739250221290e-01 -2.883594551531132311e-02
1.027971560615696944e-01 -3.070721180120017380e-02
