5.834304789472212482e-02 3.121630847529430208e-02
8.829966187477111816e-03 -9.869283996522426605e-03
1.742513198405504227e-02 -1.967984903603792191e-02
2.607669867575168610e-02 -2.960550040006637573e-02
3.560244198888540268e-02 -3.953382093459367752e-02
4.203583812341094017e-02 -4.951833374798297882e-02
5.009467760100960732e-02 -5.949331261217594147e-02
5.210057296790182590e-02 -6.935902684926986694e-02
5.943587073124945164e-02 -7.897524442523717880e-02
5.264515918679535389e-02 -8.079268177971243858e-02
5.181617004564031959e-02 -8.951951330527663231e-02
4.882312886184081435e-02 -8.769230195321142673e-02
4.681365838041529059e-02 -9.655727748759090900e-02
4.396700736833736300e-02 -9.589457639958709478e-02
4.290647624293342233e-02 -1.016627521021291614e-01
4.591179016279056668e-02 -1.010698611498810351e-01
4.787823447259142995e-02 -1.021031434065662324e-01
4.263692052336409688e-02 -9.712383843725547194e-02
5.145858397008851171e-02 -9.201649896567687392e-02
4.682236426742747426e-02 -9.320219146320596337e-02
5.215791921364143491e-02 -1.028794581652618945e-01
5.396248918259516358e-02 -1.057688587461598217e-01
4.773896845290437341e-02 -9.804292611079290509e-02
4.963858280098065734e-02 -9.250668232562020421e-02
5.137822305550798774e-02 -1.011520007741637528e-01
5.066287016961723566e-02 -1.011686853053106461e-01
5.208158225286751986e-02 -9.657963103745714761e-02
4.767403716687113047e-02 -1.010587799282802735e-01
4.782690042338799685e-02 -1.021102916602103505e-01
4.472319972410332412e-02 -1.047119580362050328e-01
4.318040031648706645e-02 -1.035114228179736529e-01
4.232984564441721886e-02 -1.088382754860504065e-01
3.893448032613378018e-02 -1.160041558941884432e-01
4.160231740388553590e-02 -1.106963194361014757e-01
3.873164991091471165e-02 -1.161834857812209520e-01
3.222709374676924199e-02 -1.118162869861407671e-01
3.520421466964762658e-02 -1.088886665565951262e-01
3.112812728795688599e-02 -1.021649850918038283e-01
2.471227633941452950e-02 -1.108158784372790251e-01
3.135718095290940255e-02 -1.079158204993291292e-01
2.987890951044391841e-02 -1.024594185328169260e-01
2.605884433432947844e-02 -1.002429578838928137e-01
3.063973043754231185e-02 -1.060846242507977877e-01
3.654872490733396262e-02 -1.065493079986481462e-01
3.737556053965818137e-02 -1.072059467005601618e-01
3.621812890924047679e-02 -1.013285603876283858e-01
3.582086575624998659e-02 -9.749786649263114668e-02
3.984461420623119920e-02 -9.840786247877986170e-02
4.623923286271747202e-02 -1.036718261930218432e-01
5.085311525908764452e-02 -9.632743266774923541e-02
4.660654415783938020e-02 -9.960029856665642001e-02
