3.865321240293900784e-02 4.222759441150616966e-02
8.760149590671062469e-03 -9.984387084841728210e-03
1.825752109289169312e-02 -1.995386555790901184e-02
2.794211450964212418e-02 -2.994915191084146500e-02
3.771318215876817703e-02 -3.977048955857753754e-02
4.720726143568754196e-02 -4.963457677513360977e-02
5.432206857949495316e-02 -5.931868124753236771e-02
5.649670236743986607e-02 -6.491506146267056465e-02
6.345225661061704159e-02 -7.002581330016255379e-02
6.485424132551997900e-02 -6.407894846051931381e-02
5.953798850532621145e-02 -7.132488209754228592e-02
6.445126363541930914e-02 -7.748034596443176270e-02
5.659735330846160650e-02 -8.210349408909678459e-02
5.567307304590940475e-02 -9.093011589720845222e-02
5.679231591057032347e-02 -8.553644642233848572e-02
6.324212474282830954e-02 -7.996437558904290199e-02
5.554072547238320112e-02 -8.427401352673768997e-02
5.901626276317983866e-02 -8.712052856571972370e-02
5.824119498720392585e-02 -8.231358579359948635e-02
6.439780158689245582e-02 -7.986500556580722332e-02
6.122213945491239429e-02 -8.683123136870563030e-02
6.880235503194853663e-02 -8.513038069941103458e-02
6.453037838218733668e-02 -8.656876115128397942e-02
5.907119455514475703e-02 -9.050480276346206665e-02
6.442882370902225375e-02 -8.438830915838479996e-02
5.854312673909589648e-02 -7.980216946452856064e-02
5.830696897464804351e-02 -8.159889304079115391e-02
5.961949782795272768e-02 -7.835461944341659546e-02
6.040404396480880678e-02 -8.262678561732172966e-02
6.186057158629409969e-02 -8.623663708567619324e-02
5.560648531536571681e-02 -8.450699620880186558e-02
5.742954459856264293e-02 -8.678003586828708649e-02
5.982696029241196811e-02 -8.851952583063393831e-02
5.697233413229696453e-02 -8.804229172528721392e-02
5.613752399221993983e-02 -7.984060412854887545e-02
5.232122229062952101e-02 -7.838937049382366240e-02
5.656456030556000769e-02 -7.610772611224092543e-02
5.211667684488929808e-02 -7.955292999395169318e-02
5.562222134904004633e-02 -7.957379758045135532e-02
5.764895319589413702e-02 -8.424865645974932704e-02
5.214967639767564833e-02 -8.172928151361702476e-02
5.429415605613030493e-02 -7.760000536836741958e-02
5.908904099487699568e-02 -8.187756483130215202e-02
6.464117081486620009e-02 -8.017147966347693000e-02
5.862150495522655547e-02 -8.069852954395173583e-02
5.832614187966100872e-02 -8.035372025369724724e-02
5.316267625312320888e-02 -8.421458783595880959e-02
5.493221650249324739e-02 -8.968139593525847886e-02
5.994786959490738809e-02 -9.282733327745518181e-02
5.908921585069037974e-02 -9.144298327191791032e-02
6.056704864022321999e-02 -9.522225256114325020e-02
