-5.666989548324450482e-02 3.239249326193585632e-02
-9.535228833556175232e-03 -9.564554318785667419e-03
-1.718241209164261818e-02 -1.953953597694635391e-02
-1.942227943800389767e-02 -2.946100756525993347e-02
-2.408271026797592640e-02 -3.904959186911582947e-02
-3.273288649506866932e-02 -4.904049448668956757e-02
-2.423667092807590961e-02 -5.882396455854177475e-02
-2.511157590197399259e-02 -6.881633307784795761e-02
-3.092300362186506391e-02 -7.738900464028120041e-02
-2.482767665060237050e-02 -8.149122027680277824e-02
-2.536059461999684572e-02 -8.753409981727600098e-02
-3.137986792717128992e-02 -8.658542280318215489e-02
-2.842344774398952723e-02 -8.239585516275838017e-02
-3.332213417161256075e-02 -8.342446322785690427e-02
-2.987164037767797709e-02 -8.291067957179620862e-02
-2.344915887806564569e-02 -9.078113577561452985e-02
-2.849164663348346949e-02 -9.714150551008060575e-02
-2.825324355217162520e-02 -1.010616759886033833e-01
-2.751731216267216951e-02 -9.179988439427688718e-02
-2.612745233636815101e-02 -8.468434523092582822e-02
-2.217039310198742896e-02 -9.339083574013784528e-02
-2.506269521836657077e-02 -9.223162796115502715e-02
-2.605645540461409837e-02 -8.812519250204786658e-02
-2.081463947251904756e-02 -8.919644175330176950e-02
-2.781981691077817231e-02 -8.559901179978623986e-02
-2.785059198140515946e-02 -8.128436986589804292e-02
-3.328146732746972702e-02 -8.342032908694818616e-02
-3.466483804731979035e-02 -7.831452955724671483e-02
-3.327240090220584534e-02 -8.459777553798630834e-02
-2.920827961861505173e-02 -8.578009327175095677e-02
-2.811216335612698458e-02 -8.589988608582643792e-02
-3.003202174659236334e-02 -9.253284695296315476e-02
-2.837497804648592137e-02 -8.765626220701960847e-02
-3.160530648528947495e-02 -8.893891656043706462e-02
-3.859984775408520363e-02 -8.972699427249608561e-02
-3.589063899926259182e-02 -8.700223010237095878e-02
-3.877803933210088871e-02 -9.261812711338279769e-02
-4.504824120886041783e-02 -8.961718226055381820e-02
-3.913421713150455616e-02 -9.649401087517617270e-02
-3.381941764018847607e-02 -9.799659391137538478e-02
-3.059753513298346661e-02 -8.997949444892583415e-02
-3.359824622384621762e-02 -9.380964840966043994e-02
-4.012488218359067105e-02 -9.270614478009520099e-02
-3.669907914809300564e-02 -8.849902869405923411e-02
-3.142974961883737706e-02 -8.609910844097612426e-02
-2.629213191903545521e-02 -8.687064050900517032e-02
-3.207076870239689015e-02 -8.802027941419510171e-02
-3.535065304822637700e-02 -9.561969327478436753e-02
-3.546328198353876360e-02 -9.415482100303051993e-02
-3.676029686539550312e-02 -8.946399739215848967e-02
-3.370259768053074367e-02 -8.488319929892895743e-02
