-9.860267088179880401e-02 -3.334126970697749714e-02
-8.247896097600460052e-03 -8.292859420180320740e-04
-7.886995939770713449e-03 -5.539365112781524658e-03
-1.670690570608712733e-02 -9.854000527411699295e-03
-1.625237381085753441e-02 -1.431209500879049301e-03
-1.803309831302613020e-02 2.427932573482394218e-03
-1.184379390906542540e-02 -3.134481376037001610e-03
-1.398447260726243258e-02 -8.172158384695649147e-03
-2.209474251139909029e-02 -1.547264936380088329e-02
-2.858394908253103495e-02 -7.717837346717715263e-03
-3.303194430191069841e-02 -1.147952442988753319e-02
-3.517880465369671583e-02 -1.353982579894363880e-02
-3.661216225009411573e-02 -1.942778169177472591e-02
-3.790100780315697193e-02 -1.143286819569766521e-02
-3.304934850893914700e-02 -4.445487400516867638e-03
-2.792621846310794353e-02 -3.639265429228544235e-03
-2.407562616281211376e-02 -8.064098190516233444e-03
-3.074423247016966343e-02 -1.493732584640383720e-02
-2.491080225445330143e-02 -1.507048262283205986e-02
-2.075008559040725231e-02 -1.269247196614742279e-02
-2.123980270698666573e-02 -6.711307913064956665e-03
-2.486157044768333435e-02 -8.150954963639378548e-03
-3.338836692273616791e-02 -6.507498794235289097e-03
-3.442767937667667866e-02 -1.278561039362102747e-02
-3.474558133166283369e-02 -1.539977116044610739e-02
-2.876191760879009962e-02 -1.138003298547118902e-02
-2.916356408968567848e-02 -8.786052116192877293e-03
-3.257862944155931473e-02 -1.043871836736798286e-02
-3.112669254187494516e-02 -1.297242473810911179e-03
-3.334899141918867826e-02 4.964626859873533249e-04
-3.362857297179289162e-02 -1.392816775478422642e-03
-2.662929639336653054e-02 -7.950546336360275745e-03
-3.334778061253018677e-02 -3.142743953503668308e-03
-2.989510426414199173e-02 -1.174325740430504084e-02
-2.757848871988244355e-02 -1.288955309428274632e-02
-3.191938882810063660e-02 -1.380468998104333878e-02
-2.568205379066057503e-02 -9.747541509568691254e-03
-3.180589925614185631e-02 -1.335430378094315529e-02
-3.250799069064669311e-02 -1.844660425558686256e-02
-2.745267536374740303e-02 -1.749856380047276616e-02
-3.012463587219826877e-02 -1.620721485232934356e-02
-2.425311596016399562e-02 -1.262872613733634353e-02
-3.052734441007487476e-02 -8.356635866221040487e-03
-3.184133299509994686e-02 -7.167779549490660429e-03
-3.215357431326992810e-02 -1.382123742951080203e-02
-3.134467967902310193e-02 -1.355803047772496939e-02
-3.146097131684655324e-02 -1.563803700264543295e-02
-3.520501845196122304e-02 -7.395645021460950375e-03
-3.415012473851675168e-02 -1.195822411682456732e-02
-3.878830161556834355e-02 -1.301961531862616539e-02
-3.797133177431533113e-02 -5.374923814088106155e-03
