2.433538043931494921e-02 -1.469937588655775840e-01
-4.880199208855628967e-03 -9.163931012153625488e-03
3.766220062971115112e-03 -1.910641882568597794e-02
6.588899297639727592e-03 -2.908993698656558990e-02
6.528472706122556701e-03 -3.907983005046844482e-02
3.657908822788158432e-03 -4.906133469194173813e-02
-7.826814508007373661e-04 -5.905207712203264236e-02
2.271317356644431129e-03 -6.904369685798883438e-02
1.424245947418967262e-03 -7.902877498418092728e-02
-1.685522551269968972e-03 -8.888759184628725052e-02
-8.285818003059830517e-04 -9.869643207639455795e-02
-7.168531821662327275e-03 -1.081740241497755051e-01
-2.376635893597267568e-05 -1.173219233751296997e-01
-1.768241108948132023e-03 -1.235519051551818848e-01
-9.891555117064854130e-03 -1.221456504426896572e-01
-1.769540685563697480e-02 -1.194181896280497313e-01
-1.895633531603380106e-02 -1.205088723218068480e-01
-1.362607540431781672e-02 -1.178401255747303367e-01
-1.407645168001181446e-02 -1.147118880180642009e-01
-1.662058001602417789e-02 -1.195151036372408271e-01
-1.628958826404414140e-02 -1.167565077776089311e-01
-1.242472786907455884e-02 -1.175877857021987438e-01
-6.928700455318903551e-03 -1.113656307570636272e-01
-8.513187956850742921e-03 -1.174458279274404049e-01
-1.859957785200094804e-03 -1.159713104134425521e-01
-6.358833019476151094e-03 -1.184728218941017985e-01
-1.307412000824115239e-02 -1.210566969821229577e-01
-8.956255824159597978e-03 -1.290343567961826921e-01
-1.159300994913792238e-03 -1.251254115486517549e-01
-4.583111000101780519e-03 -1.214613161282613873e-01
-8.224497050832724199e-03 -1.167830560589209199e-01
-1.307041334439418279e-02 -1.186954948352649808e-01
-7.167429164837813005e-03 -1.131308708572760224e-01
-7.756261646136408672e-03 -1.178802807116881013e-01
-1.022726043811417185e-02 -1.229917543241754174e-01
-5.787346304714446887e-03 -1.279290952952578664e-01
1.504583025962347165e-03 -1.298651942051947117e-01
-1.268691641598707065e-03 -1.301673068956006318e-01
-2.993586847878759727e-03 -1.286564007459674031e-01
1.310637311689788476e-03 -1.262213638110551983e-01
-3.047409376449650154e-03 -1.251336696150247008e-01
-2.730336527747567743e-04 -1.329134257102850825e-01
-1.116987110435729846e-03 -1.306760580337140709e-01
2.371853890508646145e-03 -1.299064321501646191e-01
-6.810745944676455110e-04 -1.357860620191786438e-01
4.653595169656910002e-05 -1.276869512221310288e-01
6.340829280816251412e-03 -1.257203222776297480e-01
7.271746497281128541e-03 -1.318606810236815363e-01
4.917876885883742943e-03 -1.268051296065095812e-01
2.672794133104616776e-03 -1.243806941492948681e-01
5.678341582097345963e-03 -1.222366401052568108e-01
