6.197046110333877256e-02 -1.284835138780086594e-01
9.283395484089851379e-03 -9.979081340134143829e-03
1.641710568219423294e-02 -1.994354743510484695e-02
2.489451412111520767e-02 -2.986646629869937897e-02
2.925830101594328880e-02 -3.979497961699962616e-02
2.320487471297383308e-02 -4.963231459259986877e-02
1.513750152662396431e-02 -5.962898582220077515e-02
1.082518557086586952e-02 -6.958287395536899567e-02
4.271796904504299164e-03 -7.936404366046190262e-02
1.662303227931261063e-03 -8.930022735148668289e-02
7.213133387267589569e-03 -9.891247097402811050e-02
3.975155297666788101e-03 -1.086064549162983894e-01
-2.695390488952398300e-03 -1.182017354294657707e-01
-8.508162107318639755e-03 -1.263938546180725098e-01
-1.458216598257422447e-02 -1.273046785499900579e-01
-1.046878751367330551e-02 -1.284046614309772849e-01
-3.290965221822261810e-03 -1.282477975037181750e-01
-7.945156190544366837e-03 -1.335124294419074431e-01
-6.270897574722766876e-03 -1.295167203206801787e-01
-3.999754320830106735e-03 -1.354337926168227568e-01
-5.310983746312558651e-03 -1.410004459467018023e-01
-8.435479481704533100e-03 -1.402753244765335694e-01
-1.114200067240744829e-02 -1.316995171509915963e-01
-1.034825755050405860e-02 -1.291042724769795313e-01
-1.381529745412990451e-02 -1.256734554335707799e-01
-1.396588441275525838e-02 -1.297335296549135819e-01
-1.020465740293730050e-02 -1.248319859296316281e-01
-6.186382801388390362e-03 -1.195262831315631047e-01
-6.895096288644708693e-03 -1.208273314550751820e-01
-1.040643804299179465e-02 -1.242531321622664109e-01
-1.592624165641609579e-02 -1.245391676930012181e-01
-1.320299484359566122e-02 -1.309832400438608602e-01
-1.047874080541078001e-02 -1.346386711375089362e-01
-4.570161239826120436e-03 -1.274326474667759612e-01
-1.273434390895999968e-03 -1.357831231580348685e-01
-3.380414345883764327e-03 -1.340449265699135140e-01
-3.081621034652926028e-03 -1.382554629381047562e-01
3.560572498827241361e-03 -1.320593812997685745e-01
6.565242641954682767e-03 -1.376706501032458618e-01
-5.103222938487306237e-04 -1.353736957098590210e-01
-1.935077147209085524e-03 -1.351576968299923465e-01
-2.533035731175914407e-04 -1.277340053784428164e-01
6.055492995074018836e-04 -1.351455011608777568e-01
5.181316853850148618e-03 -1.388435663393465802e-01
-1.555890674353577197e-03 -1.388833119090122636e-01
2.166016362025402486e-03 -1.417849661338550504e-01
-6.954620039323344827e-04 -1.433127774180320557e-01
1.417577368556521833e-03 -1.362151578323391732e-01
7.654179455130361021e-03 -1.367668089478684124e-01
5.355104440241120756e-03 -1.423638159430993255e-01
-1.203053063363768160e-03 -1.388717015761358198e-01
