9.931576693807644962e-02 -6.167811789209549922e-02
9.755663573741912842e-03 -9.861762635409832001e-03
1.907882653176784515e-02 -1.950810570269823074e-02
2.881367132067680359e-02 -2.940219640731811523e-02
3.770648129284381866e-02 -3.935495484620332718e-02
4.670287854969501495e-02 -4.931664653122425079e-02
3.928753174841403961e-02 -5.925033241510391235e-02
4.148185416124761105e-02 -6.917446199804544449e-02
4.147267862208536826e-02 -7.896076142787933350e-02
4.470969232716015540e-02 -8.768854197114706039e-02
4.814051658831886016e-02 -9.710733965039253235e-02
4.872039469410083257e-02 -9.623161988565698266e-02
5.334852818850777112e-02 -1.058675712556578219e-01
5.383074882774963044e-02 -1.073305690078996122e-01
4.768713231533183716e-02 -1.080718749435618520e-01
5.543407419099821709e-02 -1.151317787589505315e-01
5.741812794803990982e-02 -1.144851959543302655e-01
5.779292434090166353e-02 -1.062231558607891202e-01
5.691496107829152606e-02 -9.858566720504313707e-02
5.769770830738707446e-02 -9.339882584754377604e-02
5.262100282925530337e-02 -1.016254626447334886e-01
4.424217488485737704e-02 -1.073262515710666776e-01
4.626879706847830676e-02 -1.037740543251857162e-01
4.587618785080849193e-02 -1.078090275404974818e-01
4.961468523470102809e-02 -1.109458137070760131e-01
4.316562099484144710e-02 -1.086425114190205932e-01
4.036948724751709960e-02 -1.165001721819862723e-01
4.119178338078199886e-02 -1.143634602194651961e-01
4.737125208703218959e-02 -1.106312916381284595e-01
4.570095357121317647e-02 -1.096813760232180357e-01
3.929419652195065282e-02 -1.097557614266406745e-01
4.094597592120408081e-02 -1.126077584631275386e-01
4.212205658768652938e-02 -1.068417364440392703e-01
3.447086398591636680e-02 -1.057023638568352908e-01
3.195593913187622093e-02 -9.871790136094205081e-02
3.632967441444634460e-02 -1.068931142508517951e-01
3.976011962731718086e-02 -1.033422152686398476e-01
4.704080789451836608e-02 -1.042734871443826705e-01
5.179963062619208358e-02 -9.943697348353452981e-02
5.381991935064434074e-02 -9.431228440371342003e-02
5.079464276423095725e-02 -1.033985412504989654e-01
5.339800670844851993e-02 -1.110113968898076564e-01
5.234230123096494935e-02 -1.046102207910735160e-01
5.206834518685354851e-02 -1.128798288118559867e-01
4.946108063086285256e-02 -1.131594335893169045e-01
4.232999350278987549e-02 -1.100578714394941926e-01
4.629327071234001778e-02 -1.078850532649084926e-01
4.669670594375929795e-02 -1.136124435579404235e-01
4.844434509504935704e-02 -1.143334469525143504e-01
4.627877610255382024e-02 -1.167176422895863652e-01
4.267712143700919114e-02 -1.112511550309136510e-01
