9.651072967118795587e-02 -2.381452581420604592e-02
9.915130212903022766e-03 -9.859840385615825653e-03
1.965358387678861618e-02 -1.905382238328456879e-02
2.832321077585220337e-02 -2.219617203809320927e-02
3.777813725173473358e-02 -2.985723898746073246e-02
4.767011478543281555e-02 -2.793234284035861492e-02
5.516126472502946854e-02 -2.235232316888868809e-02
6.401751190423965454e-02 -2.550487243570387363e-02
7.092442037537693977e-02 -2.447915764059871435e-02
7.633499242365360260e-02 -1.882901636417955160e-02
8.114658202975988388e-02 -2.096388780046254396e-02
8.460810035467147827e-02 -2.087334596581058577e-02
8.235849719494581223e-02 -1.495915378473000601e-02
9.004361461848020554e-02 -1.821132732584374025e-02
8.987609994073864073e-02 -1.344376878842012957e-02
9.880633790453430265e-02 -1.483055431890534237e-02
9.453493541514035314e-02 -1.452285369305172935e-02
9.904820144583936781e-02 -1.482033034699270502e-02
1.033672029006993398e-01 -1.086256051348755136e-02
1.060646122641628608e-01 -9.734616534842643887e-03
1.075131111865630373e-01 -1.052931810409063473e-02
1.081102901225676760e-01 -1.039577151095727459e-02
1.069762748520588502e-01 -1.001539018034236506e-02
1.054088187956949696e-01 -1.276248653448419645e-02
9.819642441289033741e-02 -9.081856878765393049e-03
9.526632619963493198e-02 -1.333098958275513723e-02
8.972829706908669323e-02 -6.181041775562334806e-03
9.242961775453295559e-02 -9.139759065874386579e-03
9.760742528305854648e-02 -5.079642003693152219e-03
9.840104320028331131e-02 -1.222720981604652479e-02
9.564176374988164753e-02 -4.927033158310223371e-03
9.391499402408953756e-02 -7.784735476889181882e-03
1.015070378634845838e-01 -5.192315038584638387e-03
9.421037508582230657e-02 -3.775035795115400106e-03
9.719451492128428072e-02 -9.583332408510614187e-03
9.662706438393797725e-02 -1.348602033249335364e-02
1.003149134194245562e-01 -1.908503246522741392e-02
1.039506309753051028e-01 -1.462885557702975348e-02
1.000221591530134901e-01 -1.043174236110644415e-02
1.009535853954730555e-01 -5.944206444837618619e-03
9.895721000793855637e-02 -9.520706444163806736e-04
9.430294220510404557e-02 -4.815049302123952657e-03
9.839353027928154916e-02 -6.387530658685136586e-03
9.786683802667539567e-02 -1.078551059617893770e-02
9.830241803138051182e-02 -1.093134289112640545e-02
1.010609184304485098e-01 -5.443112044304143637e-03
1.008028130308957770e-01 -7.480202060833107680e-03
1.000512932223500684e-01 -5.978763503662776202e-03
9.343428870488423854e-02 -1.329475448437733576e-02
9.719625960860867053e-02 -1.441664207231951877e-02
9.097274819214362651e-02 -1.931286142644239590e-02
