8.811678578921627869e-02 -2.719644013846791997e-03
8.418589830398559570e-03 -9.307253174483776093e-03
1.825929060578346252e-02 -1.559573737904429436e-02
2.802540641278028488e-02 -2.546243788674473763e-02
3.719306271523237228e-02 -3.503400413319468498e-02
4.637875780463218689e-02 -3.521820870810188353e-02
5.424904543906450272e-02 -3.897662358940578997e-02
6.195480981841683388e-02 -4.611113658756949008e-02
7.030743779614567757e-02 -3.941327464417554438e-02
7.601615134626626968e-02 -4.490995631203986704e-02
7.938320445828139782e-02 -4.831793103949166834e-02
8.345416816882789135e-02 -4.274121570051647723e-02
8.057547011412680149e-02 -3.924557511345483363e-02
8.289398578926920891e-02 -3.562460854300297797e-02
8.380363846663385630e-02 -3.691781408269889653e-02
8.788172726053744555e-02 -3.428344617714174092e-02
9.148361196275800467e-02 -3.426708827828406356e-02
9.378995525185018778e-02 -3.678267600116669200e-02
9.133158565964549780e-02 -3.466623427448212169e-02
8.776675595436245203e-02 -3.082757850279449485e-02
9.098253364209085703e-02 -3.444023255360662006e-02
8.674538240302354097e-02 -3.051219472763477825e-02
9.068132995162159204e-02 -3.116514335488318466e-02
9.119506477145478129e-02 -3.489957924102782272e-02
8.416232484159991145e-02 -3.344358328831731342e-02
8.910910011036321521e-02 -3.108800539848743938e-02
9.017628076253458858e-02 -3.363647276637493633e-02
8.863018761621788144e-02 -3.773281501707970165e-02
8.302003453718498349e-02 -3.690736938369809650e-02
8.329647849313914776e-02 -3.024274541166960262e-02
8.721679984591901302e-02 -3.748291090232669376e-02
7.852166029624640942e-02 -3.563677623969851993e-02
7.717732468154281378e-02 -3.999074513194500469e-02
8.517199975904077291e-02 -3.943588788024499081e-02
9.275154059287160635e-02 -4.158452496267273091e-02
8.584139763843268156e-02 -3.487124683670117520e-02
8.548333166982047260e-02 -3.648052567950799130e-02
8.811009160126559436e-02 -3.356391301713301800e-02
8.517336237127892673e-02 -3.143747913054539822e-02
9.380056380177848041e-02 -2.572610246352269314e-02
9.291735707665793598e-02 -3.134512359611107968e-02
9.662241741898469627e-02 -2.867430628612055443e-02
9.205301079782657325e-02 -3.210740134454681538e-02
8.409906711312942207e-02 -3.847248543388559483e-02
8.830931849661283195e-02 -3.604684577658190392e-02
8.590754235046915710e-02 -4.301679640411748551e-02
8.474948615184985101e-02 -3.658698958679451607e-02
8.690644227317534387e-02 -3.338611422441317700e-02
9.345923489308916032e-02 -3.051610540933324955e-02
8.934049340314231813e-02 -3.052152227928672801e-02
8.308832705370150506e-02 -2.120281197449003230e-02
