7.812083664919229620e-02 1.242703646041685289e-02
9.674873203039169312e-03 -9.894500486552715302e-03
1.964741945266723633e-02 -1.934246625751256943e-02
2.931512426584959030e-02 -2.811202034354209900e-02
3.878342453390359879e-02 -3.713850863277912140e-02
4.832016956061124802e-02 -4.288684483617544174e-02
5.782590154558420181e-02 -4.162811755668371916e-02
6.675179209560155869e-02 -4.242157755652442575e-02
6.885113799944519997e-02 -4.000698874006047845e-02
6.925720057915896177e-02 -3.590875962981954217e-02
7.678646023850888014e-02 -4.216308385366573930e-02
7.886325416620820761e-02 -3.932156838709488511e-02
8.282160188537091017e-02 -3.871594229713082314e-02
8.725961565505713224e-02 -3.189374506473541260e-02
8.851717831566929817e-02 -2.731756167486310005e-02
9.006184339523315430e-02 -2.507799235172569752e-02
9.434707649052143097e-02 -2.721983566880226135e-02
9.392230518278665841e-02 -3.111617569811642170e-02
9.736053695087321103e-02 -3.378010750748217106e-02
9.234052759711630642e-02 -2.684844261966645718e-02
9.488085846533067524e-02 -2.937668631784617901e-02
9.427148444228805602e-02 -3.184934868477284908e-02
9.401140196132473648e-02 -2.553366706706583500e-02
9.166646117228083313e-02 -2.321402472443878651e-02
9.460106489132158458e-02 -2.355786305270157754e-02
8.686885886709205806e-02 -2.289884668425656855e-02
8.913476762245409191e-02 -3.223377783433534205e-02
8.257160565699450672e-02 -3.370530557003803551e-02
9.011092546279542148e-02 -2.817013327148742974e-02
9.427808641339652240e-02 -2.800943556940183043e-02
9.672145123477093875e-02 -2.348948543658480048e-02
9.926574464770965278e-02 -2.613716310588642955e-02
9.520881084608845413e-02 -3.021855995757505298e-02
8.994721641647629440e-02 -2.799036185024306178e-02
8.744109325925819576e-02 -2.298114605946466327e-02
8.633799487142823637e-02 -3.212704107863828540e-02
8.323642783216200769e-02 -2.989148179767653346e-02
8.823648965335451066e-02 -2.418238687096163630e-02
8.933272279682569206e-02 -3.087427251739427447e-02
8.638135829824022949e-02 -2.982511633308604360e-02
8.840406333911232650e-02 -3.362112870672717690e-02
9.607778696226887405e-02 -3.403882196289487183e-02
9.317523517529480159e-02 -3.279721669969148934e-02
9.631092214840464294e-02 -3.642877496895380318e-02
9.663911364623345435e-02 -3.807889137533493340e-02
9.860845110961236060e-02 -3.513417046633549035e-02
9.040503032156266272e-02 -3.030039116856642067e-02
9.531069514923729002e-02 -2.658796010655350983e-02
9.304574914858676493e-02 -3.012330576893873513e-02
8.605468823225237429e-02 -2.697314790566451848e-02
8.450001737219281495e-02 -2.643563682795502245e-02
