-6.627088389365305698e-02 2.488771560111815995e-02
-7.568481843918561935e-03 -8.807192556560039520e-03
-1.754595851525664330e-02 -1.856773626059293747e-02
-2.720908029004931450e-02 -2.843277435749769211e-02
-3.571803634986281395e-02 -3.750890120863914490e-02
-4.324083775281906128e-02 -4.428231902420520782e-02
-3.899706806987524033e-02 -4.635737533681094646e-02
-4.674683837220072746e-02 -4.355200659483671188e-02
-5.216465424746274948e-02 -4.474366432987153530e-02
-4.750148719176650047e-02 -4.048670805059373379e-02
-5.048680002801120281e-02 -4.857291164807975292e-02
-4.849970038048923016e-02 -5.276248161680996418e-02
-4.821696813451126218e-02 -4.860465950332581997e-02
-5.316210753517225385e-02 -4.509316268377006054e-02
-5.189515365054830909e-02 -4.658993717748671770e-02
-4.919784556841477752e-02 -5.490769457537680864e-02
-4.917310964083299041e-02 -5.069898685906082392e-02
-4.904389988223556429e-02 -4.857148614246398211e-02
-5.163508352416101843e-02 -4.418261640239506960e-02
-4.927582434902433306e-02 -4.661440115887671709e-02
-4.738130154146347195e-02 -5.354519432876259089e-02
-5.079866213782224804e-02 -5.733462085481733084e-02
-4.427487183420453221e-02 -5.157533043529838324e-02
-4.370004702650476247e-02 -4.853056778665632010e-02
-4.955979036458302289e-02 -5.067468516062945127e-02
-5.516149634786415845e-02 -5.450135457795113325e-02
-5.669543969270307571e-02 -5.055225489195436239e-02
-4.869989382859785110e-02 -4.242155828978866339e-02
-5.255410943937022239e-02 -4.398777219466865063e-02
-4.806865875434596092e-02 -4.725799290463328362e-02
-4.433630064886528999e-02 -4.042293271049857140e-02
-5.263060827564913779e-02 -3.792289947159588337e-02
-4.474309024226386100e-02 -3.798937891406239942e-02
-4.258953158569056541e-02 -4.654920101893367246e-02
-4.367167533200699836e-02 -4.980900046211900190e-02
-5.160980515938717872e-02 -5.102142145187826827e-02
-4.967694096558261663e-02 -5.086184551328187808e-02
-5.511097908311057836e-02 -4.406460120662814006e-02
-5.275027053721714765e-02 -4.590112462028628215e-02
-4.933107523538637906e-02 -5.159650256246095523e-02
-5.338219525583554059e-02 -4.603860459610586986e-02
-4.920266634144354612e-02 -4.774467544484650716e-02
-4.834348686563316733e-02 -4.297042582038557157e-02
-4.318077002244535834e-02 -3.811378348473226652e-02
-4.980294803681317717e-02 -4.399968068901216611e-02
-5.257320964301470667e-02 -4.424058477889047936e-02
-4.956090544874314219e-02 -4.673570738668786362e-02
-4.956962620417471044e-02 -4.426345689716981724e-02
-4.426702564160223119e-02 -4.754535406391369179e-02
-5.023882105524535291e-02 -5.024413619685219601e-02
-4.582174853931064717e-02 -4.302238993841456249e-02
