-9.981144341496678285e-02 -4.386194139642798917e-02
-9.881883859634399414e-03 -9.202277287840843201e-03
-1.899255253374576569e-02 -1.904064789414405823e-02
-2.869863808155059814e-02 -2.885095402598381042e-02
-3.854333702474832535e-02 -3.858788497745990753e-02
-4.800011683255434036e-02 -4.821173194795846939e-02
-5.567412870004773140e-02 -5.482899956405162811e-02
-6.014527939260005951e-02 -5.485905580098915379e-02
-6.619580043479800224e-02 -5.956383528064179700e-02
-6.322528631426393986e-02 -6.047119498362008017e-02
-6.767461192794144154e-02 -6.576627325375739019e-02
-7.449918962083756924e-02 -6.613994012695911806e-02
-7.200933317653834820e-02 -6.463785662890586536e-02
-7.070041517727077007e-02 -6.305042882559064310e-02
-7.082825938414316624e-02 -6.286314388671598863e-02
-6.778693727392237633e-02 -5.460668520936451387e-02
-7.407167104247491807e-02 -5.232670510122261476e-02
-7.557078979152720422e-02 -5.168632711684040260e-02
-6.643646645534317940e-02 -5.088793483264453243e-02
-6.528785631235223264e-02 -5.964111254252202343e-02
-7.113976396794896573e-02 -5.693393150977499317e-02
-7.020009674306493253e-02 -5.611555857285566162e-02
-6.736745631496887654e-02 -5.146911294832534622e-02
-6.892001784581225365e-02 -5.607300551309890579e-02
-6.554745130415540189e-02 -5.528874907577119302e-02
-6.336576763715129346e-02 -5.524459395564917941e-02
-6.528565582993905991e-02 -6.490901120014314074e-02
-6.380406201060395688e-02 -6.348399650778446812e-02
-6.198730650066863745e-02 -6.304444205488834996e-02
-6.557138850621413440e-02 -6.567982929300342221e-02
-6.551701834177947603e-02 -6.153245335917745251e-02
-6.438983734915382229e-02 -6.755172294106159825e-02
-6.829239186117774807e-02 -6.712771101047110278e-02
-6.397332241976982914e-02 -7.116654176388692576e-02
-6.764157270299619995e-02 -6.484766617541026790e-02
-5.965426718103117310e-02 -6.153857974459242541e-02
-5.988471304226550274e-02 -5.366878291715693194e-02
-6.567281671959790401e-02 -5.907278727863740642e-02
-6.511965104073169641e-02 -6.205607472111296374e-02
-7.222142665341380052e-02 -6.690281989176583011e-02
-6.384335028633358888e-02 -5.987072490279388148e-02
-6.852037449061754160e-02 -6.111068742939096410e-02
-6.381259242698433809e-02 -6.059760110110801179e-02
-5.930443563192966394e-02 -6.531904706389468629e-02
-6.542303542300942354e-02 -6.332962888882320840e-02
-7.007059584066155367e-02 -6.486274254166346509e-02
-6.653185620598378591e-02 -5.933839360841375310e-02
-6.424574147604289465e-02 -6.696041951545339543e-02
-6.813415944270673208e-02 -6.489603662521403749e-02
-6.715909066770109348e-02 -5.672450432211917359e-02
-6.201919169325265102e-02 -6.110523569986980874e-02
