-7.381066639327783785e-02 -1.174684039130928781e-01
-4.296461120247840881e-03 -9.877985343337059021e-03
-1.378614362329244614e-02 -1.983183901757001877e-02
-2.363607008010149002e-02 -2.981683611869812012e-02
-3.094458440318703651e-02 -3.979690186679363251e-02
-3.865040792152285576e-02 -4.969469550997018814e-02
-4.615299124270677567e-02 -5.920733883976936340e-02
-5.200543487444519997e-02 -6.854142807424068451e-02
-5.734075000509619713e-02 -7.798789348453283310e-02
-5.615097342524677515e-02 -8.008289476856589317e-02
-4.847861838061362505e-02 -8.199614123441278934e-02
-4.541551659349352121e-02 -8.916420093737542629e-02
-4.831470444332808256e-02 -9.652484557591378689e-02
-5.388835852500051260e-02 -9.872218617238104343e-02
-4.826044745277613401e-02 -1.052994655910879374e-01
-4.495278547983616590e-02 -1.128475561272352934e-01
-4.643738281447440386e-02 -1.071829192806035280e-01
-5.305599339772015810e-02 -1.053735679015517235e-01
-5.325406319752801210e-02 -9.986977418884634972e-02
-4.795829574868548661e-02 -1.036248547025024891e-01
-4.796681921288836747e-02 -1.068174976389855146e-01
-4.714988633350003511e-02 -1.076977300690487027e-01
-5.012738979712594301e-02 -1.003705241018906236e-01
-5.215682178095448762e-02 -1.072076881537213922e-01
-5.248861103609669954e-02 -1.038078797282651067e-01
-5.644765910983551294e-02 -1.002962636994197965e-01
-4.995756359130609781e-02 -1.084067710908129811e-01
-5.430437899485696107e-02 -1.096437915693968534e-01
-5.035479781508911401e-02 -1.048374555539339781e-01
-4.533129693299997598e-02 -1.103060350287705660e-01
-5.176746934012044221e-02 -1.048240109812468290e-01
-4.406814924732316285e-02 -1.074240859597921371e-01
-5.152401556551922113e-02 -1.140061877667903900e-01
-5.251723814581055194e-02 -1.075211786665022373e-01
-4.796563329000491649e-02 -1.056235230062156916e-01
-4.741006555559579283e-02 -1.064564764383248985e-01
-4.388306570763234049e-02 -1.135978779639117420e-01
-4.447974929644260556e-02 -1.138911399757489562e-01
-4.458601543592521921e-02 -1.088190436130389571e-01
-3.877476187335560098e-02 -1.141241177683696151e-01
-3.648287503892788664e-02 -1.156194974901154637e-01
-3.800107030110666528e-02 -1.152281333925202489e-01
-4.387777535157511011e-02 -1.202252997318282723e-01
-4.457032346545020118e-02 -1.173610916594043374e-01
-5.271341038314858451e-02 -1.243326800176873803e-01
-5.369631239591399208e-02 -1.160737673053517938e-01
-5.130468440620461479e-02 -1.162530592700932175e-01
-5.064864826999837533e-02 -1.144400219491217285e-01
-5.364061191357905045e-02 -1.104876929020974785e-01
-5.034686529688769951e-02 -1.112673901661764830e-01
-5.046844565367791802e-02 -1.107581567193847150e-01
