-2.294142790844445542e-02 -1.473328869679803865e-01
8.203291334211826324e-03 -9.975147433578968048e-03
1.509280130267143250e-02 -1.990802120417356491e-02
1.184853003360331059e-02 -2.912265993654727936e-02
1.881902827881276608e-02 -3.863924928009510040e-02
2.040114055853337049e-02 -4.855862446129322052e-02
2.781341678928583860e-02 -5.855107679963111877e-02
3.133067011367529631e-02 -6.848036870360374451e-02
3.345975268166512251e-02 -7.844983134418725967e-02
2.820061927195638418e-02 -8.835212886333465576e-02
1.852319424506276846e-02 -9.829388372600078583e-02
1.714102749247103930e-02 -1.068518878892064095e-01
1.238904858473688364e-02 -1.140881138853728771e-01
3.267837339080870152e-03 -1.233420460484921932e-01
6.919031846337020397e-03 -1.300016632303595543e-01
1.054694759659469128e-03 -1.289661398623138666e-01
1.347167592030018568e-03 -1.290028485746006481e-01
-1.119830470997840166e-03 -1.358017692618886940e-01
7.872125308495014906e-03 -1.349297676279093139e-01
9.139743226114660501e-03 -1.362943348285625689e-01
8.974880955065600574e-03 -1.334983382184873335e-01
2.431469547445885837e-03 -1.299180564747075550e-01
3.061128241824917495e-03 -1.273547445234726183e-01
4.577666259137913585e-04 -1.219161163826356642e-01
8.143043771269731224e-03 -1.230269138977746479e-01
-4.190377221675589681e-04 -1.299525591821293347e-01
2.348112568142823875e-03 -1.267903146144817583e-01
3.070052349357865751e-03 -1.269470325132715516e-01
-1.766946530551649630e-03 -1.288731124877813272e-01
-5.478112158016301692e-03 -1.251916842229547910e-01
-1.221690246893558651e-02 -1.300199840843561105e-01
-9.448705372051335871e-03 -1.326435505106928758e-01
-2.351085786358453333e-03 -1.315612327234703116e-01
-2.931674389401450753e-04 -1.343195370791363530e-01
-3.838634016574360430e-03 -1.327444891139748506e-01
-6.034614416421391070e-03 -1.410524182647350244e-01
-1.275588235876057297e-02 -1.380821949496748857e-01
-1.299724122509360313e-02 -1.329261989958467893e-01
-5.093333777040243149e-03 -1.296521028198185377e-01
-9.018584620207548141e-03 -1.309367283174651675e-01
-2.586072776466608047e-03 -1.287274560818332247e-01
-9.181637316942214966e-03 -1.269594833647715859e-01
-6.758986273780465126e-03 -1.219610928019392304e-01
-9.348450461402535439e-03 -1.231982074605184607e-01
-8.210268802940845490e-03 -1.231012903081136756e-01
-1.748662907630205154e-03 -1.287595573739963584e-01
1.588072627782821655e-04 -1.232826569976168685e-01
1.142856082879006863e-03 -1.254296831248211674e-01
-1.315239351242780685e-04 -1.234007554521667771e-01
8.396739372983574867e-03 -1.194825845232116990e-01
1.117227249778807163e-02 -1.175708799783024006e-01
