3.589396460914101583e-02 -1.433360771868934513e-01
9.823258034884929657e-03 -9.485298767685890198e-03
1.975967176258563995e-02 -1.908418629318475723e-02
2.926637884229421616e-02 -2.854626812040805817e-02
3.795877937227487564e-02 -3.840146120637655258e-02
4.515375848859548569e-02 -4.834683891385793686e-02
5.203969217836856842e-02 -5.828260164707899094e-02
5.713990516960620880e-02 -6.824159063398838043e-02
6.042018462903797626e-02 -7.812515273690223694e-02
5.576450354419648647e-02 -8.801388833671808243e-02
6.104231462813913822e-02 -9.686885587871074677e-02
5.848438665270805359e-02 -1.060320008546113968e-01
6.248277565464377403e-02 -1.083968156017363071e-01
5.691824294626712799e-02 -1.108724647201597691e-01
5.206760298460721970e-02 -1.117467622971162200e-01
4.997670068405568600e-02 -1.065170745132490993e-01
5.140307196415960789e-02 -1.074974356452003121e-01
5.742730363272130489e-02 -1.045072424458339810e-01
5.570304556749761105e-02 -1.003610409097746015e-01
5.891949450597167015e-02 -1.000149692117702216e-01
5.550429318100214005e-02 -1.059108059562277049e-01
5.443211470264941454e-02 -1.086611847567837685e-01
5.380616401089355350e-02 -1.057248788129072636e-01
4.920238320482894778e-02 -1.041635781002696604e-01
4.966271820012480021e-02 -1.100896362622734159e-01
5.617318081203848124e-02 -1.053635029529687017e-01
5.680595204466953874e-02 -1.117660304007586092e-01
5.519580532563850284e-02 -1.164396459644194692e-01
5.640661163488402963e-02 -1.120142064464744180e-01
5.516032915329560637e-02 -1.139335016196127981e-01
5.519990067477920093e-02 -1.109701305103953928e-01
4.839009329225518741e-02 -1.036956006137188524e-01
4.843793197869672440e-02 -1.093866744486149400e-01
5.409075546413077973e-02 -1.075717440980952233e-01
5.213991220443858765e-02 -1.091836432169657201e-01
4.580745839848532341e-02 -1.142783679242711514e-01
5.041922482996596955e-02 -1.074047365400474519e-01
5.330770642831339501e-02 -1.141218419361393899e-01
5.699198500587954186e-02 -1.205091268930118531e-01
5.618897574822767638e-02 -1.129133735958021134e-01
5.749339592512114905e-02 -1.057990707631688565e-01
5.602054606060846709e-02 -1.004769948485773057e-01
6.008140818084939383e-02 -1.078716322954278439e-01
5.983431473941891454e-02 -1.066938647709321231e-01
5.930655734482570551e-02 -1.003926237754058093e-01
5.217391583937569521e-02 -9.795640429365448654e-02
4.979998041744693182e-02 -1.066345695580821484e-01
5.689530522431596182e-02 -1.079689047473948449e-01
5.436107079367502593e-02 -1.083587513130623847e-01
5.367379646850167774e-02 -1.053012453776318580e-01
5.508498649214743637e-02 -1.131973418232519180e-01
