9.231213081566291834e-02 -1.154911568933766897e-02
9.965462610125541687e-03 -9.958921931684017181e-03
1.990178599953651428e-02 -1.993984915316104889e-02
2.978219464421272278e-02 -2.986440993845462799e-02
3.966184798628091812e-02 -3.951838705688714981e-02
4.859613347798585892e-02 -4.927774891257286072e-02
5.803020391613245010e-02 -5.881200358271598816e-02
6.696027889847755432e-02 -6.770561449229717255e-02
6.549219263251870871e-02 -7.482319232076406479e-02
6.096701871138066053e-02 -8.143825875595211983e-02
6.518524780403822660e-02 -8.061121212085708976e-02
6.906119699124246836e-02 -7.724389311624690890e-02
6.594503170344978571e-02 -8.128748059971258044e-02
6.648832920473068953e-02 -8.567975013284012675e-02
6.359686318319290876e-02 -7.916657923487946391e-02
6.959658663254231215e-02 -8.421618881402537227e-02
6.597519794013351202e-02 -7.933607901213690639e-02
6.714746390935033560e-02 -7.861401047557592392e-02
6.671863890369422734e-02 -7.828709928435273468e-02
6.019517595996148884e-02 -7.694239940610714257e-02
6.449138329480774701e-02 -7.774871672154404223e-02
6.666964458418078721e-02 -7.913279373315162957e-02
6.818147705052979290e-02 -8.387103377026505768e-02
6.405870991875417531e-02 -7.849234648165293038e-02
6.788692067493684590e-02 -7.318523831781931221e-02
6.850584215135313570e-02 -6.953623381559737027e-02
6.331653232336975634e-02 -6.398639877443201840e-02
6.932344418601132929e-02 -6.320439183036796749e-02
6.779846889548934996e-02 -6.608538233558647335e-02
6.870926122064702213e-02 -6.237147652427665889e-02
6.837609689682722092e-02 -7.025764693389646709e-02
6.812889140564948320e-02 -7.381025419454090297e-02
7.075229438487440348e-02 -7.063666565227322280e-02
7.522451283875852823e-02 -7.378437669831328094e-02
7.909503218252211809e-02 -7.798556957277469337e-02
8.140418760012835264e-02 -7.726229939726181328e-02
7.532929105218499899e-02 -7.930665652384050190e-02
7.804040575865656137e-02 -7.961443939711898565e-02
7.448658195789903402e-02 -8.126549876760691404e-02
6.964362727012485266e-02 -7.843544159550219774e-02
7.231312489602714777e-02 -8.090907486621290445e-02
6.888000958133488894e-02 -8.529017458204180002e-02
7.231457100715488195e-02 -8.657732489518821239e-02
7.310705527197569609e-02 -8.483355294447392225e-02
6.912965176161378622e-02 -9.268439363222569227e-02
6.227689085062593222e-02 -8.427069510798901320e-02
6.894871534314006567e-02 -9.125908964779227972e-02
6.459208845626562834e-02 -9.544683794956654310e-02
6.348150316625833511e-02 -9.212141030002385378e-02
5.708323931321501732e-02 -9.521571022924035788e-02
6.219675391912460327e-02 -9.633091010618954897e-02
