-2.271696882804621551e-02 4.738551908402797996e-02
9.903307072818279266e-03 -9.938927367329597473e-03
1.982362475246191025e-02 -1.964129693806171417e-02
2.960057649761438370e-02 -2.937842905521392822e-02
3.913747798651456833e-02 -3.714601974934339523e-02
4.788534902036190033e-02 -4.478774871677160263e-02
5.691677052527666092e-02 -4.791303235106170177e-02
6.660251319408416748e-02 -5.656133661977946758e-02
6.937720952555537224e-02 -5.874604941345751286e-02
7.506397180259227753e-02 -6.328780646435916424e-02
7.400468050036579370e-02 -6.533186719752848148e-02
7.013691856991499662e-02 -7.012383476831018925e-02
7.156647508963942528e-02 -7.619876810349524021e-02
6.903289514593780041e-02 -8.197501231916248798e-02
6.006303499452769756e-02 -7.846366451121866703e-02
6.369768199510872364e-02 -8.206240623258054256e-02
6.717756786383688450e-02 -7.405478204600512981e-02
7.482328056357800961e-02 -6.817639316432178020e-02
6.895322329364717007e-02 -7.009822921827435493e-02
6.196386902593076229e-02 -6.938725907821208239e-02
6.637218338437378407e-02 -7.818895683158189058e-02
6.325604021549224854e-02 -7.142348180059343576e-02
6.163651647511869669e-02 -7.506066921632736921e-02
5.861280567478388548e-02 -8.153940073680132627e-02
5.687988409772515297e-02 -8.048441645223647356e-02
5.885994434356689453e-02 -8.304168155882507563e-02
5.534116155467927456e-02 -8.320739140617661178e-02
5.741757038049399853e-02 -8.782580422121100128e-02
5.999358999542891979e-02 -9.511025922256521881e-02
6.283181300386786461e-02 -9.714487145538441837e-02
5.685023171827197075e-02 -8.766753083909861743e-02
5.189403891563415527e-02 -8.656267655896954238e-02
5.771726975217461586e-02 -8.730799923068843782e-02
5.617903429083526134e-02 -9.421043502516113222e-02
5.768241593614220619e-02 -9.260396237368695438e-02
5.687752913217991590e-02 -9.233838078216649592e-02
5.831376498099416494e-02 -8.823688505799509585e-02
6.040091335307806730e-02 -8.838775692856870592e-02
6.062444388226140290e-02 -8.386905150837264955e-02
5.723511586256790906e-02 -8.503644537995569408e-02
5.707852970226667821e-02 -8.326204735203646123e-02
5.723270426096860319e-02 -8.526961583993397653e-02
5.521101366321090609e-02 -9.361615017405711114e-02
5.378456729522440583e-02 -9.210160686052404344e-02
4.844840000441763550e-02 -8.829824402346275747e-02
5.516671332588884979e-02 -8.739641026477329433e-02
6.032148365920875221e-02 -8.222596856649033725e-02
6.523470756656024605e-02 -7.964733333210460842e-02
6.129853976017329842e-02 -7.701570956851355731e-02
6.504403952567372471e-02 -8.199014278943650424e-02
6.122227864398155361e-02 -8.475870449910871685e-02
