-7.287907779203511849e-02 1.847364471227228022e-02
-9.938200004398822784e-03 -9.768785908818244934e-03
-1.989866606891155243e-02 -1.962113380432128906e-02
-2.810746897011995316e-02 -2.906382922083139420e-02
-3.798423334956169128e-02 -3.895483538508415222e-02
-4.719840176403522491e-02 -3.946993750287219882e-02
-4.739493853412568569e-02 -3.568360855570062995e-02
-4.826477827737107873e-02 -3.566232492994458880e-02
-4.904551384970545769e-02 -4.054443241875560489e-02
-4.474840173497796059e-02 -4.718607460927159991e-02
-3.987713111564517021e-02 -5.442523613419325557e-02
-4.723750147968530655e-02 -5.803213717263133731e-02
-5.048057576641440392e-02 -5.648447870589734521e-02
-4.895793343894183636e-02 -5.845356401368917432e-02
-5.121054244227707386e-02 -5.399812659561575856e-02
-5.366109265014529228e-02 -5.071160517945827451e-02
-4.664795193821191788e-02 -5.160926719509006944e-02
-5.122289666905999184e-02 -5.152898331834876444e-02
-4.669384518638253212e-02 -5.614201448588573840e-02
-4.712887384812347591e-02 -5.503817697717749979e-02
-4.518176542478613555e-02 -5.866143110870325472e-02
-4.061707269283942878e-02 -6.441851895033323672e-02
-4.664071716251783073e-02 -6.496849217182898428e-02
-4.548436086042784154e-02 -5.937386424011492636e-02
-4.321444904780946672e-02 -5.538529789737367537e-02
-4.051534584141336381e-02 -5.424124879027658608e-02
-4.020463637425564229e-02 -5.321973251375311520e-02
-4.172578858560882509e-02 -5.729589393558853772e-02
-4.522615167661570013e-02 -6.019085148545855191e-02
-4.372755144140683115e-02 -5.610196959423774388e-02
-4.352125023433472961e-02 -5.296853432628267910e-02
-3.951274008431937546e-02 -4.698338747220986988e-02
-4.548542258271481842e-02 -5.628435235666984227e-02
-4.235229977348353714e-02 -5.753638959686213639e-02
-4.621358388976659626e-02 -6.196600982184463646e-02
-3.988499181286897510e-02 -6.835487197349721100e-02
-3.857381128182169050e-02 -6.993498272458964493e-02
-3.217585383390542120e-02 -7.603164847205334809e-02
-3.976840431278105825e-02 -6.887713392461591866e-02
-4.381494548579212278e-02 -6.903662760123552289e-02
-3.980547933315392584e-02 -6.351799093499721494e-02
-4.101479203382041305e-02 -7.262239832743944135e-02
-4.378561289922799915e-02 -7.181146403854654636e-02
-3.803315931872930378e-02 -6.975933106696174946e-02
-4.350510459335055202e-02 -7.492818253194855060e-02
-4.692660305590834469e-02 -7.975185139184759464e-02
-4.248285653011407703e-02 -7.833930245215015020e-02
-3.689603680686559528e-02 -8.161018882492498960e-02
-3.796964463253971189e-02 -7.631182717705087271e-02
-4.635960001905914396e-02 -7.690353022735507693e-02
-4.302088519034441561e-02 -8.287257172014506068e-02
