-8.484656089653952460e-02 2.925051762183564219e-03
-9.763874113559722900e-03 -9.794504381716251373e-03
-1.516600232571363449e-02 -1.973428111523389816e-02
-2.458901610225439072e-02 -2.963372413069009781e-02
-2.689882600679993629e-02 -3.960469830781221390e-02
-2.672893012640997767e-02 -4.503811942413449287e-02
-2.282323333201929927e-02 -5.490416428074240685e-02
-2.364722045604139566e-02 -6.386932404711842537e-02
-2.785429463256150484e-02 -7.318829977884888649e-02
-3.283227991778403521e-02 -6.727591948583722115e-02
-3.745324315968900919e-02 -7.595338532701134682e-02
-3.176366642583161592e-02 -6.727433437481522560e-02
-3.326000052038580179e-02 -7.274729572236537933e-02
-3.999444853980094194e-02 -8.073785901069641113e-02
-3.616217861417680979e-02 -7.333898218348622322e-02
-3.984962345566600561e-02 -6.559455581009387970e-02
-3.415905113797634840e-02 -6.294051953591406345e-02
-3.646777139510959387e-02 -6.819619960151612759e-02
-4.293785744812339544e-02 -5.924153863452374935e-02
-3.634197206702083349e-02 -5.145403114147484303e-02
-3.627387495362199843e-02 -5.766562116332352161e-02
-3.672394662862643600e-02 -6.036416301503777504e-02
-3.634500177577137947e-02 -6.504205241799354553e-02
-4.179780045524239540e-02 -6.435498490463942289e-02
-3.829408576712012291e-02 -6.912300118710845709e-02
-4.335343698039650917e-02 -6.476358918007463217e-02
-3.708648076280951500e-02 -6.551735725952312350e-02
-3.700002661207690835e-02 -5.902178649557754397e-02
-3.853768395492807031e-02 -6.324499583570286632e-02
-4.062596830772235990e-02 -5.625635263277217746e-02
-3.553538146661594510e-02 -5.441202042857185006e-02
-3.097600658657029271e-02 -6.376916548470035195e-02
-2.685923763783648610e-02 -6.421766657149419188e-02
-3.271876444341614842e-02 -5.565307143842801452e-02
-2.781871455954387784e-02 -5.788694013608619571e-02
-3.222072246717289090e-02 -6.190399517072364688e-02
-4.056435293750837445e-02 -6.140916934236884117e-02
-3.392487746896222234e-02 -5.961435427889227867e-02
-2.909462695242837071e-02 -6.179905822500586510e-02
-2.803035866236314178e-02 -5.877915793098509312e-02
-3.359437634935602546e-02 -5.793670233106240630e-02
-3.814302984392270446e-02 -5.879551463294774294e-02
-3.641843266086652875e-02 -6.203837681096047163e-02
-3.437523200409486890e-02 -5.633055174257606268e-02
-3.871805622475221753e-02 -6.069706135895103216e-02
-4.262659727828577161e-02 -6.345022714231163263e-02
-4.683428473072126508e-02 -6.780724797863513231e-02
-4.503558232681825757e-02 -7.223056827206164598e-02
-3.776589949848130345e-02 -6.610611977521330118e-02
-3.270317876012995839e-02 -6.635403755353763700e-02
-4.055387881817296147e-02 -5.951630492927506566e-02
