-9.988529876852147993e-02 -5.478822408865780674e-02
-7.541643921285867691e-03 -9.951793588697910309e-03
-1.639327174052596092e-02 -1.985512953251600266e-02
-2.339942520484328270e-02 -2.976770605891942978e-02
-2.864663815125823021e-02 -3.974947892129421234e-02
-2.857261276221834123e-02 -4.925697576254606247e-02
-2.324303830391727388e-02 -5.922007467597723007e-02
-3.166635739034973085e-02 -6.890529114753007889e-02
-2.622506752959452569e-02 -7.839661184698343277e-02
-3.009755266248248518e-02 -8.757516276091337204e-02
-2.964967861771583557e-02 -9.580513369292020798e-02
-3.458427172154188156e-02 -1.002992712892591953e-01
-3.478641610126942396e-02 -9.953425044659525156e-02
-3.591657732613384724e-02 -9.957804257282987237e-02
-3.878243407234549522e-02 -9.935055668756831437e-02
-3.234647493809461594e-02 -9.414233169809449464e-02
-3.729964885860681534e-02 -1.028239968727575615e-01
-3.093533450737595558e-02 -1.035621682094642892e-01
-3.758155368268489838e-02 -1.088156256737420335e-01
-4.445537226274609566e-02 -1.050474284129450098e-01
-3.859651973471045494e-02 -1.016626261553028598e-01
-3.338448237627744675e-02 -9.954793205542955548e-02
-3.880361607298254967e-02 -1.000034051103284582e-01
-3.630282566882669926e-02 -1.043505259876837954e-01
-3.044649795629084110e-02 -1.103433576499810442e-01
-3.022093848267104477e-02 -1.062953775835921988e-01
-3.371217368112411350e-02 -1.022252683615079150e-01
-3.506221830321010202e-02 -1.046051547018578276e-01
-3.418458286614622921e-02 -1.059973540104692802e-01
-3.212566916772630066e-02 -1.087231424025958404e-01
-3.100513525714632124e-02 -1.098971780011197552e-01
-3.119521088956389576e-02 -1.048644360707839951e-01
-3.511906800849828869e-02 -1.018021438358118758e-01
-2.667068423761520535e-02 -1.062318571930518374e-01
-2.094956127984914929e-02 -1.124353842897107825e-01
-1.643328055797610432e-02 -1.047234899451723322e-01
-1.641184434447495732e-02 -1.073820619931211695e-01
-2.138179231587855611e-02 -1.158414092933526263e-01
-1.500569626841752324e-02 -1.144892100564902648e-01
-1.929603953067271505e-02 -1.125359849393134937e-01
-1.663630030270724092e-02 -1.180503584764664993e-01
-2.505684218522219453e-02 -1.125360408186679706e-01
-2.678917248886136804e-02 -1.129078444646438584e-01
-3.298471768539457116e-02 -1.074842306406935677e-01
-3.073510730791895185e-02 -1.124187725217780098e-01
-3.806400595385639463e-02 -1.173064693430205807e-01
-3.016913326609937940e-02 -1.139698134356876835e-01
-3.559858322296349797e-02 -1.063376151578268036e-01
-3.184694883566407952e-02 -1.024920666677644476e-01
-3.734857303243188653e-02 -1.032439828122733161e-01
-4.015346447158663068e-02 -1.041478199040284380e-01
