-4.861802502687252031e-02 -1.373858549336584578e-01
2.322912223462481052e-05 -9.935259819030761719e-03
5.534546058697742410e-03 -1.985975168645381927e-02
3.043253049327176996e-03 -2.930122707039117813e-02
-9.826770237850723788e-04 -3.918261080980300903e-02
-5.857446649315534160e-04 -4.914378561079502106e-02
-6.835826714450377040e-03 -5.906393937766551971e-02
-6.435321656681480817e-03 -6.900477968156337738e-02
-1.147700952060404234e-03 -7.889567408710718155e-02
-3.760916892133536749e-03 -8.886590879410505295e-02
9.073114360944600776e-04 -9.873509779572486877e-02
-3.873325664244475774e-03 -1.085585094988346100e-01
-9.305714409492793493e-03 -1.182750863954424858e-01
-5.671802920915069990e-03 -1.262014117091894150e-01
-7.961293462358298711e-03 -1.332446094602346420e-01
-1.520754188641149085e-02 -1.318337353877723217e-01
-1.878862759440380614e-02 -1.345137138850986958e-01
-2.200041968717414420e-02 -1.400581016205251217e-01
-2.011643130208540242e-02 -1.446574409492313862e-01
-1.483586396898317616e-02 -1.374907596036791801e-01
-8.046210872635128908e-03 -1.389073235914111137e-01
-1.341979311655450147e-02 -1.369587512454017997e-01
-1.481986093676823657e-02 -1.306928213452920318e-01
-1.593292517463851254e-02 -1.326760241063311696e-01
-1.708602825056004804e-02 -1.381904768059030175e-01
-2.093250666621315759e-02 -1.377221953007392585e-01
-1.683658164802182000e-02 -1.326526651973836124e-01
-2.077546332839119714e-02 -1.374896501074545085e-01
-1.833582868675875943e-02 -1.387224207282997668e-01
-1.697050921029585879e-02 -1.387786255218088627e-01
-1.654704443171794992e-02 -1.379286430310457945e-01
-1.662072530416480731e-02 -1.350397919304668903e-01
-8.841546628900687210e-03 -1.259732604958117008e-01
-7.681847693675081246e-03 -1.260513866873225197e-01
-1.323478264203004073e-02 -1.336850727529963478e-01
-1.005561151941947173e-02 -1.338028032478177920e-01
-8.529091281161527149e-03 -1.298696301091695204e-01
-4.842696738705853932e-03 -1.225394415814662352e-01
-1.130045161517045926e-02 -1.202748823125148192e-01
-1.282015724973462056e-02 -1.263198810775065795e-01
-5.707549424187163822e-03 -1.276722436450654641e-01
-9.886441779599408619e-03 -1.289481978310504928e-01
-1.319976083868823480e-02 -1.310020558448741212e-01
-7.622555624038795941e-03 -1.296058433508733287e-01
-1.187257541278086137e-02 -1.321040218608686700e-01
-1.876737343081913423e-02 -1.336625819239998236e-01
-2.303492303872189950e-02 -1.330991487629944459e-01
-2.748984683239541482e-02 -1.320216207677731290e-01
-2.413066619010351133e-02 -1.361390127713093534e-01
-2.450535885691351723e-02 -1.378530289657646790e-01
-2.393592826956592035e-02 -1.313721805490786210e-01
