9.851998409830309278e-03 -1.495135072607367277e-01
9.008195251226425171e-03 -9.978777728974819183e-03
1.831585168838500977e-02 -1.988335698843002319e-02
2.808691281825304031e-02 -2.987733762711286545e-02
3.289462439715862274e-02 -3.968102205544710159e-02
4.193452931940555573e-02 -4.967071581631898880e-02
4.871157743036746979e-02 -5.956089682877063751e-02
4.847319521650206298e-02 -6.950063444674015045e-02
4.191827452450525016e-02 -7.854330539703369141e-02
3.893782784871291369e-02 -8.717176504433155060e-02
3.902231743268202990e-02 -9.677251614630222321e-02
3.168140286288689822e-02 -1.062650484964251518e-01
2.838608673482667655e-02 -1.133485203608870506e-01
3.229370624467264861e-02 -1.095966761931777000e-01
3.045018347620498389e-02 -1.123961131088435650e-01
2.309643435000907630e-02 -1.110806112410500646e-01
2.552010938234161586e-02 -1.125708322506397963e-01
3.408341649628710002e-02 -1.100778013933449984e-01
3.301116886723320931e-02 -1.173224158119410276e-01
3.535201020713429898e-02 -1.137606401462107897e-01
3.460223686124663800e-02 -1.147926439298316836e-01
3.919520268391352147e-02 -1.113041368080303073e-01
3.740249112888704985e-02 -1.180688858730718493e-01
4.316235012083780020e-02 -1.237090391805395484e-01
4.254824707459192723e-02 -1.169340655906125903e-01
3.576893771241884679e-02 -1.163240215973928571e-01
3.989658311184030026e-02 -1.117341947974637151e-01
3.670517999853473157e-02 -1.155473386170342565e-01
3.541686436801683158e-02 -1.103843498276546597e-01
3.677097339823376387e-02 -1.140326565364375710e-01
4.078961400955449790e-02 -1.179902475560083985e-01
4.016571729152929038e-02 -1.109068474033847451e-01
3.715188130445312709e-02 -1.147914089960977435e-01
3.391203265346121043e-02 -1.157766886753961444e-01
3.651582686870824546e-02 -1.222042198060080409e-01
3.756790961779188365e-02 -1.153928668936714530e-01
4.469531010545324534e-02 -1.162625284632667899e-01
4.735063858970534056e-02 -1.121927470667287707e-01
4.309600176929961890e-02 -1.101903397357091308e-01
4.424494206614326686e-02 -1.056862123077735305e-01
4.135890123143326491e-02 -1.016009686281904578e-01
4.082751092209946364e-02 -1.064803929766640067e-01
4.066491362755186856e-02 -1.065941263877903111e-01
3.693574320641346276e-02 -1.081661089046974666e-01
4.484369166311807930e-02 -1.084137721700244583e-01
3.633969862130470574e-02 -1.130256587421172298e-01
3.906974734854884446e-02 -1.187666714904480614e-01
3.834988121525384486e-02 -1.130481092041009106e-01
3.470165739418007433e-02 -1.193145699580782093e-01
3.825491075986064970e-02 -1.176925905529060401e-01
3.437797669903375208e-02 -1.146826072144904174e-01
