2.848286308529160427e-02 -1.458578453255889307e-01
9.650008752942085266e-03 -9.358477778732776642e-03
1.907848007977008820e-02 -1.930981408804655075e-02
2.848403342068195343e-02 -2.891731634736061096e-02
3.566590184345841408e-02 -3.881311137229204178e-02
4.179675783962011337e-02 -4.850868601351976395e-02
4.914328781887888908e-02 -5.838309787213802338e-02
5.174192739650607109e-02 -6.833551824092864990e-02
5.584566295146942139e-02 -7.667756825685501099e-02
5.577865779196145013e-02 -8.541310764849185944e-02
6.177294418012024835e-02 -9.192960802465677261e-02
6.196525737323099747e-02 -1.001487271860241890e-01
5.558201389067107812e-02 -1.091301422566175461e-01
5.438263618998462334e-02 -1.101864634547382593e-01
6.204822471045190468e-02 -1.080078838858753443e-01
5.376273577712709084e-02 -1.048496484290808439e-01
5.529614396073156968e-02 -1.002333916258066893e-01
5.699166478734696284e-02 -9.850630059372633696e-02
5.687490584386978298e-02 -1.017070811940357089e-01
5.058516854478511959e-02 -1.041232127463445067e-01
5.018328900041524321e-02 -9.655607666354626417e-02
5.537294388341251761e-02 -9.852267045062035322e-02
5.360078102967236191e-02 -9.126079955603927374e-02
5.299978565017227083e-02 -9.802706108894199133e-02
5.921458081866148859e-02 -9.500691399443894625e-02
6.060402108414564282e-02 -1.009775997372344136e-01
6.264381845539901406e-02 -1.036923624342307448e-01
6.806915941706392914e-02 -9.879704739432781935e-02
6.174667914456222206e-02 -1.066326628206297755e-01
6.518297632283065468e-02 -9.963873995002359152e-02
5.669484929239843041e-02 -1.017162752104923129e-01
5.232621765753719956e-02 -1.049237864790484309e-01
5.044934376201126724e-02 -1.119432899868115783e-01
5.031100496125873178e-02 -1.154320660280063748e-01
4.718955511634703726e-02 -1.107966393465176225e-01
4.654406783811282367e-02 -1.078749102307483554e-01
4.522034402179997414e-02 -1.062435311032459140e-01
4.622144931636285037e-02 -1.054684251430444419e-01
4.556843095633666962e-02 -9.762874356238171458e-02
5.053497214976232499e-02 -9.939028247026726604e-02
5.334708832378964871e-02 -1.025649669463746250e-01
4.889891009952407330e-02 -9.891263156896457076e-02
5.101693600590806454e-02 -1.045697433291934431e-01
5.343204706150572747e-02 -1.127145233913324773e-01
4.779224160301964730e-02 -1.064374632551334798e-01
5.354418994102161378e-02 -1.156398364691995084e-01
5.018594388093333691e-02 -1.176856990787200630e-01
5.384834638971369714e-02 -1.174619027151493356e-01
4.958812070253770798e-02 -1.143845912738470361e-01
4.658965549606364220e-02 -1.091448545193998143e-01
5.447570017713587731e-02 -1.067622352129546925e-01
