6.318336542859258331e-02 -1.275104014511402872e-01
8.300750516355037689e-03 -9.952362626791000366e-03
1.824465673416852951e-02 -1.955223269760608673e-02
2.775579504668712616e-02 -2.950865868479013443e-02
3.567408956587314606e-02 -3.918787371367216110e-02
4.351314250379800797e-02 -4.916766379028558731e-02
5.093450704589486122e-02 -5.891938973218202591e-02
5.818174500018358231e-02 -6.869601737707853317e-02
5.617506755515933037e-02 -7.490886701270937920e-02
6.349132675677537918e-02 -8.380929334089159966e-02
5.823198985308408737e-02 -8.028767467476427555e-02
6.396227050572633743e-02 -8.874368784017860889e-02
6.749755539931356907e-02 -9.565322264097630978e-02
6.911370670422911644e-02 -8.964050631038844585e-02
6.481513939797878265e-02 -9.597784723155200481e-02
6.164225796237587929e-02 -9.663345897570252419e-02
6.975719658657908440e-02 -9.652659857965772972e-02
6.893725245026871562e-02 -9.398518411762779579e-02
6.499924528179690242e-02 -9.608515167928999290e-02
6.627996667521074414e-02 -9.460611853137379512e-02
6.730655656429007649e-02 -1.018140639862394892e-01
6.038642890052869916e-02 -9.700488138332730159e-02
5.546290782513096929e-02 -9.354525387607282028e-02
5.496930092340335250e-02 -9.963879503629868850e-02
4.983792820712551475e-02 -9.935866633168188855e-02
5.515875708078965545e-02 -9.854906243708683178e-02
5.256815341999754310e-02 -9.956187527131987736e-02
5.246836868900572881e-02 -1.036257613959605806e-01
5.330773916648468003e-02 -1.118651573124225251e-01
5.226543577009579167e-02 -1.028945725920493715e-01
5.803352718794485554e-02 -9.495584485557628796e-02
6.028039458760758862e-02 -1.006268230776186101e-01
5.916306198196252808e-02 -9.799068845313740894e-02
6.113516733603319153e-02 -9.543112926621688530e-02
6.575378085108241066e-02 -8.915043324668658897e-02
6.109565830411156639e-02 -9.033969969459576532e-02
6.119712447980418801e-02 -9.717696665757102892e-02
6.088483845815062523e-02 -9.650759695068700239e-02
6.288846046663820744e-02 -9.276260731712682173e-02
6.877394556067883968e-02 -8.823168387607438490e-02
6.482272990979254246e-02 -8.324671879381639883e-02
6.719084503129124641e-02 -9.264324109972221777e-02
7.001916295848786831e-02 -9.734791627124650404e-02
6.602993491105735302e-02 -9.414834964991314337e-02
7.002770039252936840e-02 -9.122889761783881113e-02
6.869273760821670294e-02 -9.377129252970917150e-02
7.103693101089447737e-02 -8.763925002858741209e-02
7.235850661527365446e-02 -9.400519093469483778e-02
6.764647352974861860e-02 -8.569976890430552885e-02
7.522805768530815840e-02 -9.262668963492615148e-02
6.817792670335620642e-02 -9.454783429828239605e-02
