6.094562030534931424e-02 2.928197377459894335e-02
9.817869402468204498e-03 -9.466841816902160645e-03
1.943115983158349991e-02 -1.927241403609514236e-02
2.938756998628377914e-02 -2.914230059832334518e-02
3.921490442007780075e-02 -3.884814027696847916e-02
4.853075649589300156e-02 -4.805882740765810013e-02
5.488721514120697975e-02 -5.633270088583230972e-02
6.250198977068066597e-02 -6.095170322805643082e-02
6.716219428926706314e-02 -7.008566521108150482e-02
7.285912008956074715e-02 -7.790362928062677383e-02
8.048864081501960754e-02 -7.871594041353091598e-02
7.732233614660799503e-02 -7.842749208793975413e-02
7.676485273987054825e-02 -7.085825214744545519e-02
7.738318177871406078e-02 -7.537654406041838229e-02
7.890640583354979753e-02 -7.568241006811149418e-02
7.472100167069584131e-02 -7.250370507244952023e-02
8.045128697995096445e-02 -6.957121987943537533e-02
8.609065611381083727e-02 -7.281694191624410450e-02
8.111994911450892687e-02 -8.032847105641849339e-02
7.921282399911433458e-02 -7.131103987921960652e-02
7.438429456669837236e-02 -7.202722484362311661e-02
7.912782777566462755e-02 -7.730224987608380616e-02
7.937595117255114019e-02 -7.191267170128412545e-02
7.508861189126037061e-02 -7.020902077783830464e-02
6.813680249615572393e-02 -7.274622961995191872e-02
6.358008887036703527e-02 -7.897644981858320534e-02
7.067611682577989995e-02 -7.777520411764271557e-02
7.709353891550563276e-02 -7.550171369803138077e-02
7.462152218795381486e-02 -6.843754442525096238e-02
7.269611160154454410e-02 -6.153390117106027901e-02
7.853549529681913555e-02 -6.532715496723540127e-02
7.866230298532173038e-02 -6.913491597515530884e-02
8.394736069021746516e-02 -6.652384999324567616e-02
8.141827973304316401e-02 -7.123764281277544796e-02
8.541306637926027179e-02 -7.053074249415658414e-02
7.996825239388272166e-02 -6.501702786772511899e-02
8.186922088498249650e-02 -6.565065562608651817e-02
7.873953838134184480e-02 -6.956468077260069549e-02
7.236533617833629251e-02 -6.447222802671603858e-02
7.398585887858644128e-02 -6.599050431395880878e-02
7.488341897260397673e-02 -6.739354631281457841e-02
8.262416895013302565e-02 -6.664666198776103556e-02
7.878591830376535654e-02 -6.009337949217297137e-02
8.358216902706772089e-02 -5.465447242022491992e-02
8.026159193832427263e-02 -5.875396906048990786e-02
8.608805539552122355e-02 -6.415898716659285128e-02
8.570657792733982205e-02 -6.646406688378192484e-02
8.011145918862894177e-02 -6.079968382255174220e-02
8.543325989739969373e-02 -5.681130933226086199e-02
8.432019263273105025e-02 -6.002136753522790968e-02
8.457146436558105052e-02 -6.465602075331844389e-02
