4.446155325065224984e-02 3.957215126667112948e-02
9.897504001855850220e-03 -9.402587078511714935e-03
1.961403619498014450e-02 -1.929490081965923309e-02
2.885910123586654663e-02 -2.872155606746673584e-02
3.868243657052516937e-02 -3.784805256873369217e-02
4.763318039476871490e-02 -4.706593230366706848e-02
5.638001393526792526e-02 -5.629513598978519440e-02
6.529813259840011597e-02 -5.774818279314786196e-02
7.136228866875171661e-02 -6.108525057788938284e-02
7.175887768971733749e-02 -6.605035148095339537e-02
7.816327523323707283e-02 -6.757826881948858500e-02
7.225097782793454826e-02 -6.136604736093431711e-02
7.544506431440822780e-02 -6.874480948317795992e-02
6.987155691604129970e-02 -7.739560876507312059e-02
7.163207183475606143e-02 -7.247518713120371103e-02
7.538078186917118728e-02 -6.508291896898299456e-02
7.947959398734383285e-02 -7.149859250057488680e-02
8.143661238136701286e-02 -7.931972306687384844e-02
7.485308658215217292e-02 -7.678435381967574358e-02
6.921174257877282798e-02 -8.010003494564443827e-02
6.275520494091324508e-02 -7.837107346858829260e-02
6.778526233392767608e-02 -8.200725296046584845e-02
7.422139795380644500e-02 -8.054241642821580172e-02
7.092872422072105110e-02 -7.835055689793080091e-02
7.255777399404905736e-02 -7.132158882450312376e-02
7.298575321328826249e-02 -6.634969112928956747e-02
7.063198302057571709e-02 -6.402803782839328051e-02
7.283518163603730500e-02 -6.032075069379061460e-02
7.506150685367174447e-02 -6.367879279423505068e-02
7.845779604394920170e-02 -6.139605410862714052e-02
7.835188038006890565e-02 -6.119120249059051275e-02
7.683148451906163245e-02 -6.670089054387062788e-02
7.150286792602855712e-02 -7.026855798903852701e-02
7.389636624429840595e-02 -6.632786721456795931e-02
7.276340953831095248e-02 -7.020926324184983969e-02
6.817235898051876575e-02 -6.655141327064484358e-02
7.607589296821970493e-02 -6.671476337942294776e-02
7.836741379287559539e-02 -7.234179574879817665e-02
7.747751825081650168e-02 -6.820376610266976058e-02
7.446460241044405848e-02 -6.648776386282406747e-02
7.450212591720628552e-02 -5.931249944842420518e-02
7.668712020313250832e-02 -5.938412158138817176e-02
8.180332167466985993e-02 -6.364549838326638564e-02
7.983260748369502835e-02 -6.279123035346856341e-02
7.936242220966960303e-02 -6.565379277890315279e-02
7.782956187656964175e-02 -6.205987600696971640e-02
7.226567923135007732e-02 -6.149477275175740942e-02
6.430416389412130229e-02 -6.139730843278812245e-02
7.296176835006917827e-02 -6.797645980986999348e-02
6.591422551355208270e-02 -6.349393208074616268e-02
7.309353186792577617e-02 -6.745404651883291081e-02
