-5.276914489425867105e-02 3.494361275062848882e-02
-9.522024542093276978e-03 -9.964282624423503876e-03
-1.840623188763856888e-02 -1.948865316808223724e-02
-2.765618171542882919e-02 -2.918713726103305817e-02
-3.678003232926130295e-02 -3.230406902730464935e-02
-3.758017282234504819e-02 -3.060152439866214991e-02
-4.029029217781499028e-02 -3.429346589837223291e-02
-4.803679074393585324e-02 -3.435599176737014204e-02
-4.320265847491100430e-02 -4.176657019706908613e-02
-5.201975471572950482e-02 -4.919408472778741270e-02
-4.803116928087547421e-02 -5.436123932304326445e-02
-4.492595099145546556e-02 -4.782363890262786299e-02
-4.086864279815927148e-02 -4.783066628988308366e-02
-4.847824113676324487e-02 -4.614723088707251009e-02
-4.279930522898212075e-02 -4.804133529796672519e-02
-4.486195911886170506e-02 -4.418787964641524013e-02
-5.225573881762102246e-02 -4.273528942394477781e-02
-5.665476369904354215e-02 -4.847260063070280012e-02
-5.720186757389456034e-02 -4.325207287001830991e-02
-4.954500275198370218e-02 -4.190897882472199854e-02
-5.417759821284562349e-02 -3.743753383423609193e-02
-4.628142912406474352e-02 -3.790031800417636987e-02
-4.247411934193223715e-02 -3.563680903425847646e-02
-3.855455748271197081e-02 -3.680304422414337751e-02
-3.681275364942848682e-02 -3.822983157260750886e-02
-3.295290702953934669e-02 -3.800691855394688901e-02
-3.068561665713787079e-02 -4.439051500776258763e-02
-3.943506721407175064e-02 -4.859584202313271817e-02
-4.570224881172180176e-02 -4.802594891771150287e-02
-5.256118439137935638e-02 -4.948888648323190864e-02
-4.568498535081744194e-02 -4.738605976126564201e-02
-4.308187658898532391e-02 -4.291924716926587280e-02
-4.476312862243503332e-02 -3.818696759662998375e-02
-3.748455073218792677e-02 -3.812763713540334720e-02
-3.509522823151201010e-02 -3.847208283150393981e-02
-4.222685180138796568e-02 -4.237905041554768104e-02
-4.535888636019080877e-02 -4.091549771146674175e-02
-4.574402116122655571e-02 -3.887562187628645916e-02
-4.989928958821110427e-02 -3.987884138950903434e-02
-4.466357475030235946e-02 -3.797358613701362628e-02
-4.975639583426527679e-02 -3.815675895202730317e-02
-4.425773138063959777e-02 -4.568990082952950615e-02
-4.031660567852668464e-02 -5.043682777795766015e-02
-4.553292432683520019e-02 -4.391764239881013054e-02
-4.878987694974057376e-02 -4.996155803564761300e-02
-4.764107018127106130e-02 -4.990278427976591047e-02
-4.093984662904404104e-02 -5.262709792259556707e-02
-4.576037274091504514e-02 -5.182805714684945997e-02
-5.159275801270268857e-02 -5.713752807605487760e-02
-5.033587731304578483e-02 -4.756920190084201749e-02
-4.192371640237979591e-02 -4.893857088427466806e-02
