-6.658457793037421413e-02 2.460894036128594142e-02
-9.845003485679626465e-03 -9.840629063546657562e-03
-1.939188223332166672e-02 -1.955768186599016190e-02
-2.625215519219636917e-02 -2.942425757646560669e-02
-3.575409948825836182e-02 -3.916560392826795578e-02
-3.408386535011231899e-02 -4.876133147627115250e-02
-3.875609091483056545e-02 -4.951822583097964525e-02
-3.794420772464945912e-02 -5.866513692308217287e-02
-4.213708109455183148e-02 -6.845277652610093355e-02
-4.197961278259754181e-02 -7.740751386154443026e-02
-4.376886971294879913e-02 -7.646011473843827844e-02
-4.957984574139118195e-02 -8.428748889127746224e-02
-4.412851482629776001e-02 -8.835246047237887979e-02
-4.735557106323540211e-02 -8.460418559843674302e-02
-4.408086813054978848e-02 -8.320343116065487266e-02
-4.277977743186056614e-02 -8.234568458283320069e-02
-4.450726241338998079e-02 -8.891330572078004479e-02
-4.065371246542781591e-02 -7.956079678842797875e-02
-3.487481351476162672e-02 -7.512831041822209954e-02
-3.296847944147884846e-02 -7.764315075473859906e-02
-3.868267149664461613e-02 -7.341228687437251210e-02
-3.183048102073371410e-02 -7.648233260260894895e-02
-3.714761580340564251e-02 -8.285194385098293424e-02
-3.062650770880281925e-02 -8.721175865503028035e-02
-2.937416173517704010e-02 -7.981797802494838834e-02
-3.216053685173392296e-02 -8.727915101917460561e-02
-3.357841691467911005e-02 -9.096014063106849790e-02
-3.713136038277298212e-02 -8.689745125593617558e-02
-4.019835556391626596e-02 -8.357762411469593644e-02
-3.427742945495992899e-02 -8.943057531723752618e-02
-4.023431346286088228e-02 -8.409801736706867814e-02
-3.882647084537893534e-02 -7.850950030842795968e-02
-4.192347626667469740e-02 -7.586339983390644193e-02
-3.510788304265588522e-02 -7.764977001352235675e-02
-4.041054926346987486e-02 -8.128530642716214061e-02
-3.795700648333877325e-02 -8.160599728580564260e-02
-3.054386971052736044e-02 -8.818425599019974470e-02
-3.943425824400037527e-02 -8.090079983230680227e-02
-4.304679797496646643e-02 -8.061443528276868165e-02
-4.472472227644175291e-02 -8.335256951977498829e-02
-4.385079897474497557e-02 -9.218544981558807194e-02
-4.731591499876230955e-02 -8.327640130301006138e-02
-4.970195272471755743e-02 -8.831518751685507596e-02
-4.922428348800167441e-02 -8.827909213869133964e-02
-4.365608230000361800e-02 -8.289306137157836929e-02
-4.156657349085435271e-02 -8.116595241153845564e-02
-4.095568310003727674e-02 -8.056107853917637840e-02
-4.148871666984632611e-02 -8.707019445864716545e-02
-5.021584528731182218e-02 -8.475310440553585067e-02
-5.144644511165097356e-02 -7.761175503401318565e-02
-5.147263837170612533e-02 -8.169534561602631584e-02
