-9.996873506804726528e-02 -4.749959825336433350e-02
-6.175431888550519943e-03 -9.811823256313800812e-03
-9.268728084862232208e-03 -1.972041185945272446e-02
-1.132310228422284126e-02 -2.921868301928043365e-02
-1.403811294585466385e-02 -3.919569868594408035e-02
-1.701234653592109680e-02 -4.907521046698093414e-02
-1.215127808973193169e-02 -5.903480947017669678e-02
-1.641353452578186989e-02 -6.872577313333749771e-02
-1.478139846585690975e-02 -7.865513768047094345e-02
-2.080161985941231251e-02 -8.850654587149620056e-02
-1.455135433934628963e-02 -9.607164934277534485e-02
-1.091759535484015942e-02 -1.041460726410150528e-01
-6.283477181568741798e-03 -1.081919865682721138e-01
-4.207419930025935173e-03 -1.065339081687852740e-01
-1.066661882214248180e-02 -1.147179797990247607e-01
-1.504079508595168591e-02 -1.177115432219579816e-01
-1.466440607327967882e-02 -1.180983546946663409e-01
-1.477680910466006026e-02 -1.175471905444283038e-01
-9.972670079150702804e-03 -1.155800454143900424e-01
-1.521586716262390837e-02 -1.097527069796342403e-01
-1.374766052322229370e-02 -1.168226742011029273e-01
-1.219539224257459864e-02 -1.156238173425663263e-01
-1.218040644289430929e-02 -1.206794837780762464e-01
-1.398194961348053766e-02 -1.254809014790225774e-01
-1.327705553831037832e-02 -1.243948655028361827e-01
-1.753067907975491835e-02 -1.272074382577557117e-01
-9.413115988536446821e-03 -1.280528400966431946e-01
-5.512137507139414083e-03 -1.221221662999596447e-01
-5.119449010635435116e-03 -1.182468678744044155e-01
-1.006191970645886613e-02 -1.214733215456362814e-01
-9.047645394275605213e-03 -1.246091111970599741e-01
-6.009913765410601627e-03 -1.218743464851286262e-01
4.900132598777418025e-04 -1.170047601626720279e-01
-5.703830875972926151e-03 -1.153758809377904981e-01
-7.233915402139245998e-03 -1.130239030753728002e-01
-1.292790753632289125e-02 -1.193693097156938165e-01
-1.773617045819264604e-02 -1.201605387323070318e-01
-1.272380633145075990e-02 -1.157933362119365484e-01
-1.126719395961117698e-02 -1.197484224394429475e-01
-1.479108970943343593e-02 -1.222036879335064441e-01
-1.541452152287092758e-02 -1.133912008081097156e-01
-1.691019158442941261e-02 -1.123916714277584106e-01
-1.002024994795647217e-02 -1.155479923181701452e-01
-8.643603260679810774e-03 -1.145408490265253931e-01
-1.100027964548644377e-02 -1.144577482336899266e-01
-1.368051262670633150e-02 -1.094415251718601212e-01
-1.096354944729682757e-02 -1.075079052097862586e-01
-1.004064905555424048e-02 -1.068847005226416513e-01
-3.742016694559424650e-03 -1.126079659879906103e-01
-8.917876361920207273e-03 -1.185130568192107603e-01
-1.210287430421885801e-02 -1.123089308821363375e-01
