-5.556681754261419415e-02 -1.331404160934128722e-01
8.523724041879177094e-03 -9.967486374080181122e-03
1.488807192072272301e-02 -1.987254060804843903e-02
2.461652038618922234e-02 -2.986403275281190872e-02
2.702288748696446419e-02 -3.985444735735654831e-02
3.199785947799682617e-02 -4.985054396092891693e-02
2.551844296976923943e-02 -5.982438009232282639e-02
2.114345924928784370e-02 -6.974242068827152252e-02
2.037649234989657998e-02 -7.959646079689264297e-02
2.523125015432015061e-02 -8.944766782224178314e-02
2.873518184060230851e-02 -9.870696812868118286e-02
2.961967303417623043e-02 -1.036382750608026981e-01
3.102532343473285437e-02 -1.060287449508905411e-01
2.900177391711622477e-02 -1.092107687145471573e-01
3.049850370734930038e-02 -1.105335411848500371e-01
3.802121756598353386e-02 -1.131579963257536292e-01
3.822744605713523924e-02 -1.073220054386183619e-01
3.958521483582444489e-02 -1.086338314926251769e-01
3.205965951201505959e-02 -1.087536469567567110e-01
4.019367627915926278e-02 -1.124671734869480133e-01
3.740085175377316773e-02 -1.073049702681601048e-01
4.032124325749464333e-02 -1.060410728678107262e-01
4.406033668783493340e-02 -1.052382424240931869e-01
4.272178563405759633e-02 -1.111182126915082335e-01
3.607492570881731808e-02 -1.130005929153412580e-01
4.340066763688810170e-02 -1.142098859418183565e-01
4.410860154894180596e-02 -1.093485050369054079e-01
4.613737904583103955e-02 -1.090194456919562072e-01
3.925632734899409115e-02 -1.053883654240053147e-01
3.650723237660713494e-02 -1.006666526373010129e-01
3.081906100851483643e-02 -9.927338812849484384e-02
3.528069172170944512e-02 -1.033411648531910032e-01
3.126512587186880410e-02 -1.056618300208356231e-01
3.128811299939115997e-02 -1.087813082558568567e-01
3.140743553194624837e-02 -1.123776222520973533e-01
3.734303043711406644e-02 -1.160239976306911558e-01
4.255386406111938413e-02 -1.175492673355620354e-01
4.034217061962408479e-02 -1.143919939349871129e-01
3.192329114790481981e-02 -1.103511664259713143e-01
2.413439970951003488e-02 -1.153019198391120881e-01
2.814679347466153558e-02 -1.179426444869022816e-01
3.473122312243503984e-02 -1.174623073602560908e-01
3.533052157399652060e-02 -1.236741250904742628e-01
4.307052090553042945e-02 -1.189924284408334643e-01
4.383646917085570749e-02 -1.124902080337051302e-01
4.736727184172195848e-02 -1.068047095614019781e-01
3.939647960032743867e-02 -1.051119806070346385e-01
4.585674066584033426e-02 -1.098959206428844482e-01
4.971274395029467996e-02 -1.090174388082232326e-01
4.677466011162323412e-02 -1.071721242915373296e-01
4.432841401103360113e-02 -1.055564891721587628e-01
