-3.928426601582935690e-02 -1.419605700482416411e-01
9.623507969081401825e-03 -9.490318596363067627e-03
1.790822483599185944e-02 -1.945990789681673050e-02
2.586511801928281784e-02 -2.940134145319461823e-02
3.011335199698805809e-02 -3.936441056430339813e-02
3.750593960285186768e-02 -4.922557715326547623e-02
4.111480992287397385e-02 -5.921862926334142685e-02
3.230135794728994370e-02 -6.919266004115343094e-02
2.988867112435400486e-02 -7.901923917233943939e-02
2.290425985120236874e-02 -8.591562975198030472e-02
2.678614808246493340e-02 -9.586186520755290985e-02
2.906135143712162971e-02 -1.056893831118941307e-01
2.726063737645745277e-02 -1.149478685110807419e-01
2.531658369116485119e-02 -1.194230276159942150e-01
2.691129164304584265e-02 -1.255031474865972996e-01
2.626243967097252607e-02 -1.207787119783461094e-01
2.486160595435649157e-02 -1.173674892634153366e-01
2.442925830837339163e-02 -1.233263746835291386e-01
2.528784057358279824e-02 -1.211385910864919424e-01
2.437195082893595099e-02 -1.211452012412337353e-01
2.542761940276250243e-02 -1.281623736485926202e-01
3.070820955326780677e-02 -1.217245881907729199e-01
2.595201175427064300e-02 -1.232441841621039202e-01
2.228084317175671458e-02 -1.192148147147236159e-01
2.620151283917948604e-02 -1.179642508268443635e-01
2.975435968255624175e-02 -1.207065795078960946e-01
2.720568788936361670e-02 -1.266284625507978490e-01
2.736282361729536206e-02 -1.272807340483268490e-01
2.641409409989137203e-02 -1.246763377330353251e-01
2.914829373185057193e-02 -1.261185132079845062e-01
2.488152969453949481e-02 -1.221686363332992187e-01
3.085259401996154338e-02 -1.244089942538266769e-01
2.531653603364247829e-02 -1.165820866935973754e-01
2.646338900376576930e-02 -1.207340866440063110e-01
2.009893402282614261e-02 -1.234670036119496217e-01
1.516751486633438617e-02 -1.292915597205137601e-01
1.757923427794594318e-02 -1.300375904884276679e-01
1.888243139546830207e-02 -1.234933762807486346e-01
1.923754751624073833e-02 -1.177728312086401274e-01
1.989041150955017656e-02 -1.198366259686736157e-01
1.998573125456459820e-02 -1.136393354736355832e-01
2.596410785918124020e-02 -1.131231950475921622e-01
2.478311691083945334e-02 -1.193587181969633093e-01
2.521533283288590610e-02 -1.146449207208206644e-01
2.552997501334175467e-02 -1.202379309452226153e-01
2.253932756138965487e-02 -1.159982455774297705e-01
1.554124633548781276e-02 -1.175537086437543621e-01
2.104360488010570407e-02 -1.226280052560468903e-01
1.724030351033434272e-02 -1.164344996559520951e-01
2.427778573473915458e-02 -1.250369213867088547e-01
2.764368866337463260e-02 -1.169751547622581711e-01
