8.600372415929159395e-04 -1.499963016113249892e-01
9.315242990851402283e-03 -9.932834655046463013e-03
1.847172062844038010e-02 -1.919282414019107819e-02
1.855560462718131021e-02 -2.911887504160404205e-02
9.891794768918771297e-03 -3.893277980387210846e-02
3.606396967370528728e-03 -4.874277580529451370e-02
8.727194981474895030e-03 -5.870555154979228973e-02
1.078353008051635697e-02 -6.863914802670478821e-02
1.491193590481998399e-02 -7.820137031376361847e-02
1.592564758175285533e-02 -8.771303109824657440e-02
1.735680038837017491e-02 -9.725445974618196487e-02
8.552177350793499500e-03 -1.031882069073617458e-01
1.345995208976091817e-02 -1.104912660084664822e-01
9.209517396811861545e-03 -1.132515533827245235e-01
5.307733088557142764e-03 -1.154204269405454397e-01
5.607629085716325790e-03 -1.098683734890073538e-01
1.138360740878852084e-02 -1.167021926958113909e-01
1.379464974888833240e-02 -1.154347952688112855e-01
1.438752044487046078e-02 -1.197962459409609437e-01
1.006016549217747524e-02 -1.238789065973833203e-01
5.024253339797724038e-03 -1.225943109020590782e-01
7.258299687237013131e-03 -1.249034663196653128e-01
6.538628433190751821e-03 -1.278529292903840542e-01
8.491361229971516877e-03 -1.212800918146967888e-01
1.630294294591294602e-02 -1.148313581943511963e-01
9.356578993902076036e-03 -1.213723188266158104e-01
7.690682839893270284e-03 -1.224724398925900459e-01
1.429105207353131846e-02 -1.276675765402615070e-01
1.870586054428713396e-02 -1.229563490487635136e-01
1.580048475443618372e-02 -1.306551499292254448e-01
1.128360426082508639e-02 -1.288297601277008653e-01
1.565099630533950403e-02 -1.255286202067509294e-01
1.600921664066845551e-02 -1.273709860397502780e-01
2.240119127236539498e-02 -1.257858184399083257e-01
2.393363623559707776e-02 -1.260609373857732862e-01
1.698873073473805562e-02 -1.231982932367827743e-01
2.278314505383605137e-02 -1.240205380890984088e-01
2.740979076043004170e-02 -1.246259162144269794e-01
2.412952084705466405e-02 -1.237816796347033232e-01
1.594561126694316044e-02 -1.196933663159143180e-01
1.850905919127399102e-02 -1.232981497596483678e-01
2.076218275033170357e-02 -1.157774433668237180e-01
2.102984218072379008e-02 -1.111678790475707501e-01
2.073744862718740478e-02 -1.136428729805629700e-01
1.776816944038728252e-02 -1.201103839266579598e-01
1.466469225852051750e-02 -1.179863260767888278e-01
1.848850787064293399e-02 -1.205454817682038993e-01
1.665220506401965395e-02 -1.158857578120660037e-01
2.129752378823468462e-02 -1.209258376329671592e-01
1.812579975376138464e-02 -1.217251144407782704e-01
1.408717947924742475e-02 -1.287208627036307007e-01
