2.007408475159212780e-02 -1.479644380445572782e-01
5.301082041114568710e-03 -9.835041128098964691e-03
8.489780360832810402e-03 -1.975598745048046112e-02
1.240177615545690060e-02 -2.927309740334749222e-02
1.298446400323882699e-02 -3.840766660869121552e-02
1.174095674650743604e-02 -4.799537081271409988e-02
1.371840276988223195e-02 -5.790774617344141006e-02
1.012882805662229657e-02 -6.723967101424932480e-02
1.152872055536136031e-02 -7.683355640619993210e-02
5.314586625900119543e-03 -8.672308269888162613e-02
9.680946299340575933e-03 -9.614639077335596085e-02
1.206605712650343776e-02 -1.059773527085781097e-01
6.664882123004645109e-03 -1.152194533497095108e-01
1.246483705472201109e-03 -1.185749443247914314e-01
1.521586556918919086e-03 -1.182988806394860148e-01
-6.305366638116538525e-03 -1.248839854961261153e-01
-9.874449693597853184e-03 -1.292698787292465568e-01
-4.525129799731075764e-03 -1.323127947980538011e-01
-1.619241316802799702e-03 -1.287910473765805364e-01
4.224910750053822994e-03 -1.349367565708234906e-01
8.440703037194907665e-03 -1.425317960092797875e-01
1.373999228235334158e-02 -1.443676869384944439e-01
7.134479354135692120e-03 -1.419057850725948811e-01
1.623177784495055676e-03 -1.433599941665306687e-01
-3.020560950972139835e-03 -1.413294082740321755e-01
-3.293545451015233994e-03 -1.427080446155741811e-01
-3.364005890034604818e-03 -1.389845079975202680e-01
-6.449348358728457242e-03 -1.401208090828731656e-01
-8.412306851823814213e-04 -1.412008166080340743e-01
-3.789311231230385602e-04 -1.414579337579198182e-01
-2.530120495066512376e-03 -1.373724381555803120e-01
-3.092303762969095260e-03 -1.400867030606605113e-01
-1.396538580593187362e-03 -1.377770028193481266e-01
-7.839184909244067967e-04 -1.346113118925131857e-01
-5.163150854059495032e-04 -1.355732861557044089e-01
-7.627147206221707165e-04 -1.347259751637466252e-01
1.662730523094069213e-03 -1.371207323973067105e-01
-4.075867545907385647e-04 -1.379818293498829007e-01
4.029308962344657630e-03 -1.424995857523754239e-01
3.612186141253914684e-03 -1.469027629354968667e-01
-5.251372851489577442e-03 -1.384849218884482980e-01
8.270156904472969472e-04 -1.329583163606002927e-01
1.301854899793397635e-03 -1.355397518491372466e-01
7.814565724402200431e-03 -1.425775404786691070e-01
8.534637505363207310e-03 -1.349736781558021903e-01
1.382299022952793166e-02 -1.391845721518620849e-01
4.841041511099319905e-03 -1.378176028374582529e-01
7.368804181169252843e-03 -1.366471512010321021e-01
7.903649755462538451e-03 -1.326249855337664485e-01
3.719117776199709624e-03 -1.320417600800283253e-01
9.802067470445763320e-03 -1.361836696160025895e-01
