7.227092858536289521e-02 -1.191152145436110005e-01
9.652599692344665527e-03 -9.062567725777626038e-03
1.868915930390357971e-02 -1.887411344796419144e-02
2.792944293469190598e-02 -2.801539748907089233e-02
3.549310285598039627e-02 -3.631929028779268265e-02
4.497650917619466782e-02 -4.447218962013721466e-02
5.368455965071916580e-02 -5.332282651215791702e-02
6.315180007368326187e-02 -5.935840168967843056e-02
7.244309503585100174e-02 -6.630081729963421822e-02
7.924518268555402756e-02 -6.547221023356541991e-02
7.302600983530282974e-02 -6.489631254225969315e-02
6.524925353005528450e-02 -6.206040107645094395e-02
7.073118537664413452e-02 -6.218933366471901536e-02
7.377280783839523792e-02 -6.324625335400924087e-02
8.241122611798346043e-02 -5.941355548566207290e-02
8.927579061128199100e-02 -6.812193285441026092e-02
9.220288530923426151e-02 -6.919105414999648929e-02
9.756147512234747410e-02 -5.984752316726371646e-02
9.744715937995351851e-02 -5.337306315777823329e-02
9.583896832191385329e-02 -6.060731521574780345e-02
8.758077179663814604e-02 -6.247608532430604100e-02
8.711070514982566237e-02 -7.028008840279653668e-02
8.605320850620046258e-02 -7.519870653050020337e-02
8.790220768423750997e-02 -8.000199572416022420e-02
8.665290096541866660e-02 -7.827064295997843146e-02
8.700657344888895750e-02 -7.112955948105081916e-02
8.613212982891127467e-02 -7.024017593357712030e-02
8.624209205299848691e-02 -7.608350983355194330e-02
8.785344995703781024e-02 -7.189211866352707148e-02
8.047566944878781214e-02 -6.508438626769930124e-02
8.702168157469714060e-02 -6.107439438346773386e-02
8.632854870666051283e-02 -6.779558782000094652e-02
8.458160688314819708e-02 -7.623455778229981661e-02
8.653852027055108920e-02 -6.919915706384927034e-02
8.726268451573560014e-02 -7.355282560456544161e-02
9.122453261079499498e-02 -6.862634338904172182e-02
8.681906623678514734e-02 -6.376028957311064005e-02
9.095253147097537294e-02 -6.476560002192854881e-02
9.341403286816785112e-02 -5.804583197459578514e-02
9.575133471662411466e-02 -6.292920280247926712e-02
9.308679265814134851e-02 -6.535717891529202461e-02
8.915832083584973589e-02 -6.638126948382705450e-02
8.374045746313640848e-02 -6.677137056249193847e-02
8.263744731812039390e-02 -6.004201361793093383e-02
8.531771312846103683e-02 -5.901088422979228199e-02
8.156256579241016880e-02 -6.185031842323951423e-02
8.352410692168632522e-02 -5.564955176669172943e-02
8.209526915015885606e-02 -5.880865638027898967e-02
7.676707817154238001e-02 -6.299091267283074558e-02
7.942179989913711324e-02 -6.702420019428245723e-02
7.952318977913819253e-02 -6.047495870734564960e-02
