9.848572407960272390e-02 -6.733672842598513453e-02
9.609919972717761993e-03 -8.491588756442070007e-03
1.601338293403387070e-02 -1.844466663897037506e-02
2.581141144037246704e-02 -2.833793032914400101e-02
3.358049783855676651e-02 -3.749610856175422668e-02
3.431079298024997115e-02 -4.680079407989978790e-02
3.433016568124003243e-02 -5.666245240718126297e-02
3.512882735049061012e-02 -6.663205567747354507e-02
4.112751237516931724e-02 -7.628189213573932648e-02
4.856657484015158843e-02 -8.598420582711696625e-02
5.427567349215678405e-02 -9.400953724980354309e-02
5.265890285772911739e-02 -9.756913478486239910e-02
5.308667584722570609e-02 -1.050047141034156084e-01
4.895781553750566673e-02 -1.063623755471780896e-01
5.639259252166084480e-02 -1.140086875529959798e-01
5.542207872895232867e-02 -1.145319543429650366e-01
5.036987960738770198e-02 -1.094614407629705966e-01
5.309980563288263511e-02 -1.023299373337067664e-01
5.327132275670010131e-02 -1.104659713455475867e-01
5.463024067103106063e-02 -1.117298997123725712e-01
5.410665443741891067e-02 -1.076273301732726395e-01
6.062229892813775223e-02 -1.119729306665249169e-01
6.550524134763691109e-02 -1.079148317803628743e-01
5.862703065031382721e-02 -1.153051180881448090e-01
6.241517148555431049e-02 -1.108146904152818024e-01
6.700650516540918034e-02 -1.088929365505464375e-01
6.747938693843025248e-02 -1.109219119534827769e-01
6.001331937841314357e-02 -1.039078022004105151e-01
5.454230868599552196e-02 -9.830024844268336892e-02
5.796916690997022670e-02 -9.097781317541375756e-02
6.045412622734147590e-02 -9.253788721980527043e-02
5.600137940018612426e-02 -1.023394500953145325e-01
5.576209834362089168e-02 -9.789408586220815778e-02
5.866451299334585201e-02 -1.043486081180162728e-01
5.196122935558378231e-02 -1.033403967157937586e-01
5.239879418331838679e-02 -1.016352115548215806e-01
5.751759544182277750e-02 -1.051147083635441959e-01
5.685262460428930353e-02 -9.952389047248288989e-02
5.833061117846227717e-02 -1.048656568746082485e-01
6.038091549817181658e-02 -9.790459246141836047e-02
5.985775062981701922e-02 -9.149249194888398051e-02
6.445493301544047426e-02 -9.003139025298878551e-02
5.904889278281189036e-02 -9.803434758214280009e-02
6.144447959195531439e-02 -9.608371526701375842e-02
6.072258986932865810e-02 -9.889524610480293632e-02
5.792611875040165614e-02 -1.009608932654373348e-01
5.818512834775901865e-02 -1.080216692644171417e-01
6.282326843756891321e-02 -1.048677884391508996e-01
6.383380919396586251e-02 -1.017847274779342115e-01
6.089813794642395806e-02 -1.026356505462899804e-01
5.714436035304970574e-02 -1.066742289112880826e-01
