9.696804078532399174e-02 -2.556234327404231094e-02
9.946729987859725952e-03 -8.791333995759487152e-03
1.979988534003496170e-02 -1.763411425054073334e-02
2.812552638351917267e-02 -2.627035602927207947e-02
3.780183196067810059e-02 -3.543390147387981415e-02
4.738719761371612549e-02 -4.481812845915555954e-02
5.640833638608455658e-02 -5.019519850611686707e-02
6.296776188537478447e-02 -5.241741030476987362e-02
7.146542193368077278e-02 -4.906246764585375786e-02
7.304439065046608448e-02 -4.281562799587845802e-02
7.594133005477488041e-02 -4.419699835125356913e-02
7.511931826593354344e-02 -3.738264285493642092e-02
7.901376887457445264e-02 -3.900279360823333263e-02
7.894189938087947667e-02 -4.331510304473340511e-02
7.974947793991304934e-02 -4.521269083488732576e-02
7.320082178921438754e-02 -4.149612307082861662e-02
7.953717457712627947e-02 -4.106539368513040245e-02
8.684368329704739153e-02 -4.125894009484909475e-02
8.470843467512167990e-02 -4.008167210849933326e-02
8.803944723331369460e-02 -4.232361676986329257e-02
8.509836570010520518e-02 -3.888989586266689003e-02
8.776952503831125796e-02 -4.377327553811483085e-02
8.348486144677735865e-02 -4.764937629806809127e-02
8.161971651134081185e-02 -4.208470342564396560e-02
8.775306286406703293e-02 -4.731185009586624801e-02
8.676874349475838244e-02 -3.913710100459866226e-02
9.136516638682223856e-02 -4.307788537698797882e-02
8.827484320499934256e-02 -4.275961805251426995e-02
8.710474209510721266e-02 -4.813325757277198136e-02
8.181214952492155135e-02 -4.864482636912725866e-02
8.505186220281757414e-02 -5.185454650199972093e-02
8.496912380360299721e-02 -5.169891877449117601e-02
9.203585048817330971e-02 -5.384101191884838045e-02
8.566706392593914643e-02 -4.994299457757733762e-02
8.110662361286813393e-02 -4.815972023061476648e-02
8.295201799046481028e-02 -4.181019015959464014e-02
8.571840063814306632e-02 -4.758771401247940958e-02
8.337660166580462828e-02 -5.517341507948003709e-02
8.181511911243433133e-02 -5.244562294683419168e-02
8.693890108406776562e-02 -5.312088035861961544e-02
8.029989081114763394e-02 -5.068949607084505260e-02
8.151437351625645533e-02 -4.128103793482296169e-02
8.090921116672689095e-02 -4.799864531378261745e-02
8.309166131220990792e-02 -3.915302079985849559e-02
8.471713236212963238e-02 -3.589274824480526149e-02
8.642401264660293236e-02 -4.495194551418535411e-02
7.891704559006029740e-02 -4.608958537573926151e-02
7.892151713031125837e-02 -5.144115860457532108e-02
7.615255960854483419e-02 -5.009694278123788536e-02
8.234465704890681081e-02 -4.641344861011020839e-02
8.671217994424296194e-02 -4.137580466340295970e-02
