8.082962244591429535e-02 8.877603001913633718e-03
9.421817027032375336e-03 -8.645102381706237793e-03
1.911883894354104996e-02 -1.841025426983833313e-02
2.784562669694423676e-02 -2.799142338335514069e-02
3.738519921898841858e-02 -3.695200290530920029e-02
4.726279247552156448e-02 -4.662219434976577759e-02
5.671644769608974457e-02 -5.637804791331291199e-02
6.422876892611384392e-02 -5.672351820976473391e-02
6.422304628449637676e-02 -5.643567309016361833e-02
7.032066104966361308e-02 -5.806244112318381667e-02
6.902982118572253967e-02 -6.304311141138896346e-02
6.886957887127209688e-02 -6.601639365544542670e-02
6.671411053775955224e-02 -6.845840549794957042e-02
7.175409908904839540e-02 -6.191700109047815204e-02
7.506686564101983095e-02 -5.740553018404170871e-02
7.860810378133464837e-02 -6.042256829096004367e-02
8.624418800263811136e-02 -6.832383171422407031e-02
7.983231612979579950e-02 -6.716971652349457145e-02
8.369417836456705118e-02 -7.085188286146149039e-02
8.240661966647166992e-02 -6.977458373876288533e-02
8.068235508198995376e-02 -6.236452591838315129e-02
8.234049192196835065e-02 -6.224973571806913242e-02
7.580426473668921972e-02 -6.402172453090315685e-02
8.137490040189732099e-02 -6.172397734917467460e-02
8.008629326741356635e-02 -6.158138158934889361e-02
8.788688537697453285e-02 -6.122562413656851277e-02
7.980121170203346992e-02 -6.640935487666865811e-02
7.540906836311478401e-02 -6.473252965224673972e-02
7.377730064126808429e-02 -7.079827968118479475e-02
8.198388885739404941e-02 -6.516831131739309058e-02
8.056547363321442390e-02 -6.167685958644142374e-02
7.358778231809992576e-02 -6.576149557804455981e-02
6.751660966347117210e-02 -7.110777563502779230e-02
7.146009580264944816e-02 -7.439892223192146048e-02
7.223273172076005721e-02 -7.271965438121696934e-02
7.103397148694057250e-02 -7.372989234136184677e-02
7.102768379309054581e-02 -6.593098965095123276e-02
7.378878071949657169e-02 -6.283132297539850697e-02
7.139204163149770466e-02 -6.954206557566067204e-02
7.055260735842239228e-02 -6.166032174223801121e-02
7.170657109281819430e-02 -5.922633859881898388e-02
7.026225997879009810e-02 -6.722504164645215496e-02
7.503469305856924620e-02 -5.932676124939462170e-02
7.609458646084021893e-02 -6.003665076423203573e-02
7.210705481747936574e-02 -5.713610527891432866e-02
7.599470095055949059e-02 -5.504817715700482950e-02
8.226671145575892297e-02 -5.679769501875853166e-02
7.646560651528488961e-02 -4.997378694679355249e-02
8.266609377506028977e-02 -4.402269949059700593e-02
7.864975399616014329e-02 -4.895204645436024293e-02
8.290884672942411271e-02 -5.127858128253137693e-02
