6.845301806776307729e-02 2.289845209203349163e-02
9.260119870305061340e-03 -9.914842434227466583e-03
1.687299041077494621e-02 -1.963927410542964935e-02
1.746430783532559872e-02 -2.962825261056423187e-02
2.322291140444576740e-02 -3.961685206741094589e-02
1.936154626309871674e-02 -4.957614094018936157e-02
2.535736095160245895e-02 -5.955826491117477417e-02
2.569396267062984407e-02 -6.951627787202596664e-02
2.631819611997343600e-02 -7.948169950395822525e-02
2.599326855852268636e-02 -8.931268285959959030e-02
2.588560707226861268e-02 -9.839661139994859695e-02
2.948143957473803312e-02 -1.064837239682674408e-01
2.245604545169044286e-02 -1.148100337013602257e-01
2.741724970110226423e-02 -1.184675344265997410e-01
2.047505528025794774e-02 -1.138868080452084541e-01
2.516025090881157666e-02 -1.160468123853206635e-01
2.475853766372893006e-02 -1.210740744136273861e-01
2.926673357433173805e-02 -1.197689496912062168e-01
2.749984934052918106e-02 -1.180898738093674183e-01
2.201332234835717827e-02 -1.147450532298535109e-01
1.537366527190897614e-02 -1.181385947857052088e-01
1.766152879281435162e-02 -1.170337738003581762e-01
2.168433567567262799e-02 -1.194969392381608486e-01
2.466156486480031163e-02 -1.252336986362934113e-01
3.111653089581523091e-02 -1.215701396577060223e-01
2.340085445030126721e-02 -1.224364025401882827e-01
2.894624522014055401e-02 -1.154802103410474956e-01
2.523349750845227391e-02 -1.100957795861177146e-01
2.201020008942577988e-02 -1.020500894519500434e-01
2.011653433146420866e-02 -1.081205244990997016e-01
2.035626421275082976e-02 -1.150148959713988006e-01
2.583769687043968588e-02 -1.122278877883218229e-01
2.802177310513798147e-02 -1.137864812626503408e-01
2.493262059579137713e-02 -1.119313761009834707e-01
2.173393989505711943e-02 -1.053614401607774198e-01
2.371243016386870295e-02 -1.127325263223610818e-01
2.685883759113494307e-02 -1.095857349573634565e-01
2.718929051479790360e-02 -1.063234106986783445e-01
2.395002487173769623e-02 -1.071896282956004143e-01
2.503556130977813154e-02 -1.156580625101923943e-01
2.022872657107654959e-02 -1.203828905709087849e-01
2.923750389891210943e-02 -1.116580390371382236e-01
2.844842961349058896e-02 -1.107225847081281245e-01
3.070260579988826066e-02 -1.166527555906213820e-01
3.767344025254715234e-02 -1.154630135861225426e-01
4.300197861448395997e-02 -1.101000237395055592e-01
4.496036535419989377e-02 -1.143325002049095929e-01
4.391784670588094741e-02 -1.169975239899940789e-01
4.276299716730136424e-02 -1.104833421413786709e-01
4.093374680087435991e-02 -1.131756802205927670e-01
4.029613985039759427e-02 -1.147740418673492968e-01
