3.253360085694942394e-02 4.455984779641251892e-02
9.758042171597480774e-03 -9.923596866428852081e-03
1.935331430286169052e-02 -1.840589288622140884e-02
2.919879276305437088e-02 -2.627840917557477951e-02
3.435254143550992012e-02 -2.506084367632865906e-02
4.313289234414696693e-02 -2.888070861808955669e-02
4.958907188847661018e-02 -3.069801360834389925e-02
5.570209072902798653e-02 -3.086785227060317993e-02
5.561264084826689214e-02 -2.299908827990293503e-02
6.109123762871604413e-02 -2.410323149524629116e-02
6.931726999755483121e-02 -2.889740443788468838e-02
6.735047062102239579e-02 -2.191466069780290127e-02
7.501501140359323472e-02 -2.141865948215126991e-02
8.029597548011224717e-02 -1.685828901827335358e-02
7.880091461993288249e-02 -2.298013819381594658e-02
8.248518481559585780e-02 -1.451753312721848488e-02
8.063264207157772034e-02 -1.558547909371554852e-02
7.561004550370853394e-02 -9.149939520284533501e-03
7.774055974732618779e-02 -7.737996173091232777e-03
7.777303950933855958e-02 -3.004915197379887104e-03
7.618168199041974731e-02 -1.176542055327445269e-02
7.848226155692827888e-02 -1.161739361123181880e-02
7.030191056037438102e-02 -1.486250283778645098e-02
7.587032408991944976e-02 -2.274411721737124026e-02
8.241614436337840743e-02 -1.695177835063077509e-02
7.928002828339231201e-02 -1.992803128086961806e-02
8.156318187320721336e-02 -1.383818421163596213e-02
8.910607562938821502e-02 -1.417352529824711382e-02
8.060140924135339446e-02 -1.234472848591394722e-02
7.999275344263878651e-02 -1.347821395029313862e-02
7.988995450796210207e-02 -1.450066422694362700e-02
8.154384393492364325e-02 -2.019858002313412726e-02
8.213421123582520522e-02 -1.367315897368825972e-02
8.234717027880833484e-02 -1.677960637607611716e-02
8.193034906071261503e-02 -1.981312865973450243e-02
8.238934653127216734e-02 -2.118110054288990796e-02
7.441715544337057509e-02 -2.127107315754983574e-02
7.844557820135378279e-02 -2.057462984521407634e-02
7.717794712880277075e-02 -2.139943891961593181e-02
7.640130221625440754e-02 -2.250861395441461354e-02
7.586555424859398045e-02 -2.630539047822821885e-02
7.539825144704082049e-02 -2.861176589794922620e-02
7.104631563197472133e-02 -2.315233713306952268e-02
7.496182577233412303e-02 -2.894872585602570325e-02
7.207469482455053367e-02 -2.998337541066575795e-02
7.674834996942081489e-02 -2.524627624370623380e-02
7.379680851954617538e-02 -2.487654624565038830e-02
6.828977101031341590e-02 -2.568994516332168132e-02
6.860236637658090331e-02 -2.830959677521605045e-02
6.777259224691078998e-02 -2.370818991039413959e-02
7.368627546020434238e-02 -2.769190778781194240e-02
