-4.334850731780023891e-02 4.011607466661328003e-02
-9.837821125984191895e-03 -9.151346981525421143e-03
-1.941803842782974243e-02 -1.891823671758174896e-02
-2.725884784013032913e-02 -2.262497087940573692e-02
-3.628224600106477737e-02 -3.066940559074282646e-02
-4.040018608793616295e-02 -3.535393951460719109e-02
-4.338509240187704563e-02 -3.868503915145993233e-02
-4.106596508063375950e-02 -3.717599506489932537e-02
-4.230442200787365437e-02 -4.314755997620522976e-02
-3.723693755455315113e-02 -4.592708894051611423e-02
-4.259232827462255955e-02 -4.370334930717945099e-02
-4.391197743825614452e-02 -4.060051986016333103e-02
-4.853187152184545994e-02 -3.990329575026407838e-02
-4.336777538992464542e-02 -3.580847202101722360e-02
-4.896767134778201580e-02 -3.380943118827417493e-02
-4.510403634048998356e-02 -2.656842797296121716e-02
-5.093138222582638264e-02 -3.089449024992063642e-02
-4.946974047925323248e-02 -4.042190249310806394e-02
-4.635271441657096148e-02 -3.640549472765997052e-02
-4.222230811137706041e-02 -3.255561651894822717e-02
-4.637977026868611574e-02 -3.700111020589247346e-02
-4.630620741227176040e-02 -3.617419593501836061e-02
-4.318617364333476871e-02 -3.119267814327031374e-02
-3.738872321264352649e-02 -3.781542473006993532e-02
-4.597052080498542637e-02 -4.149715707171708345e-02
-4.892381872923579067e-02 -4.076640534913167357e-02
-4.667141042591538280e-02 -3.540539689129218459e-02
-3.852875098527874798e-02 -4.086689924588426948e-02
-4.102264610992278904e-02 -4.690300713991746306e-02
-4.239716251322533935e-02 -3.848533652490004897e-02
-4.311335341481026262e-02 -4.119392525171861053e-02
-4.540269680728670210e-02 -4.690898576518520713e-02
-4.903556172212120146e-02 -3.764869546284899116e-02
-4.148667909612413496e-02 -2.876222966006025672e-02
-3.764407265407498926e-02 -2.733115322189405560e-02
-3.747211444715503603e-02 -3.682180057512596250e-02
-3.276306997577194124e-02 -4.037794523173943162e-02
-3.805692774767521769e-02 -4.534387501189485192e-02
-4.256509059632662684e-02 -4.719046381069347262e-02
-4.087111471744719893e-02 -4.780020617181435227e-02
-4.042316436243709177e-02 -4.826856456929817796e-02
-4.157345705607440323e-02 -4.346212936798110604e-02
-3.614905766153242439e-02 -5.065921560162678361e-02
-4.145554696151521057e-02 -4.642929794499650598e-02
-4.300869976577814668e-02 -5.053544050315394998e-02
-4.073140652326401323e-02 -4.377918044338002801e-02
-4.394798305293079466e-02 -5.132949032122269273e-02
-3.993414201249834150e-02 -4.731101315701380372e-02
-4.260255557892378420e-02 -4.497186705702915788e-02
-4.226792081317398697e-02 -3.545272868359461427e-02
-4.653569673246238381e-02 -3.899894381174817681e-02
