-8.663216048575404782e-02 -5.133866087543570433e-05
-8.781324140727519989e-03 -9.603349491953849792e-03
-1.866434235125780106e-02 -1.950440369546413422e-02
-2.767189592123031616e-02 -2.844516560435295105e-02
-3.739958256483078003e-02 -3.731087874621152878e-02
-4.663438163697719574e-02 -4.166597779840230942e-02
-5.343244224786758423e-02 -4.960272554308176041e-02
-5.100107938051223755e-02 -5.344383465126156807e-02
-5.508741410449147224e-02 -5.257540929596871138e-02
-4.969067871570587158e-02 -4.982634529005736113e-02
-5.286993551999330521e-02 -5.850780929904431105e-02
-5.130795296281576157e-02 -5.868384565110318363e-02
-4.898316436447203159e-02 -5.954165363800711930e-02
-4.985773970838636160e-02 -6.096259379410184920e-02
-5.154619622044265270e-02 -5.939386275713331997e-02
-5.950051802210509777e-02 -5.572936803218908608e-02
-5.002704891376197338e-02 -6.002719167736358941e-02
-5.593813001178205013e-02 -5.810353640117682517e-02
-6.236583436839282513e-02 -5.482356194988824427e-02
-6.098655553068965673e-02 -5.684487233520485461e-02
-5.585232831072062254e-02 -5.778686175472103059e-02
-6.075041543226689100e-02 -6.538154729059897363e-02
-5.822345276828855276e-02 -6.169977443641982973e-02
-5.158679781015962362e-02 -6.633435501134954393e-02
-5.588387872558087111e-02 -7.092886915779672563e-02
-5.681246245512738824e-02 -6.493117831996642053e-02
-5.293094954686239362e-02 -6.701180836535058916e-02
-6.071745121153071523e-02 -6.209898725501261652e-02
-5.597470357315614820e-02 -6.248397007584571838e-02
-5.200090148719027638e-02 -6.068863533437252045e-02
-4.822497122222557664e-02 -6.336661125533282757e-02
-4.472351080039516091e-02 -6.711129797622561455e-02
-5.318119568983092904e-02 -6.669727221014909446e-02
-5.967561766738072038e-02 -6.438767930376343429e-02
-5.435801210114732385e-02 -6.161612409050576389e-02
-4.845403978833928704e-02 -6.931898414040915668e-02
-5.679947423050180078e-02 -6.606412722612731159e-02
-5.157227820018306375e-02 -5.851229510153643787e-02
-4.901940171839669347e-02 -5.941121713840402663e-02
-4.990243498468771577e-02 -5.932679908437421545e-02
-4.483473632717505097e-02 -5.253403676761081442e-02
-4.929353675106540322e-02 -5.121609227353474125e-02
-4.806529247434809804e-02 -5.388074818620225415e-02
-4.608970979461446404e-02 -5.451922714564716443e-02
-4.051062703365460038e-02 -5.905358251038705930e-02
-3.695881023304536939e-02 -6.677945786941563711e-02
-3.992974414722993970e-02 -6.181779587495839223e-02
-4.608261055545881391e-02 -6.736437734070932493e-02
-4.205853660823777318e-02 -6.990264463092898950e-02
-4.570463491836562753e-02 -7.076788171980297193e-02
-4.989925451809540391e-02 -6.707080467458581552e-02
