-9.491401898884138655e-02 -1.851462245127342282e-02
-9.127478115260601044e-03 -8.812396787106990814e-03
-1.850417628884315491e-02 -1.858090143650770187e-02
-2.705852687358856201e-02 -2.836985420435667038e-02
-3.639762941747903824e-02 -3.832957148551940918e-02
-4.590165801346302032e-02 -4.822074063122272491e-02
-4.150758916512131691e-02 -5.669089872390031815e-02
-3.970462502911686897e-02 -6.389836268499493599e-02
-4.031150403898209333e-02 -7.285541528835892677e-02
-3.782844857778400183e-02 -8.196491794660687447e-02
-4.354636080097407103e-02 -8.487372705712914467e-02
-4.855150158982723951e-02 -8.901683986186981201e-02
-4.281377501320093870e-02 -9.386392962187528610e-02
-4.487469128798693419e-02 -8.755573071539402008e-02
-4.385150724556297064e-02 -8.693258085986599326e-02
-4.804833827074617147e-02 -8.304148836759850383e-02
-5.024471215438097715e-02 -8.149408869212493300e-02
-4.984605722711421549e-02 -8.277412998722866178e-02
-5.033866633311845362e-02 -8.507317170733585954e-02
-5.614017872721888125e-02 -8.510355755788623355e-02
-5.055856137187220156e-02 -8.331443357383250259e-02
-4.547238527447916567e-02 -8.464908529640524648e-02
-5.281053148792125285e-02 -8.868796727256267332e-02
-4.977896428317762911e-02 -8.149009639964788221e-02
-4.748548488714732230e-02 -8.038294012294500135e-02
-4.263779628672637045e-02 -8.856140984789817594e-02
-4.661461352952755988e-02 -8.401386881814687513e-02
-5.253027952858246863e-02 -8.071047230259864591e-02
-5.525596943334676325e-02 -8.111664873649715446e-02
-5.949426247389055789e-02 -8.151401442228234373e-02
-5.052732481271959841e-02 -8.462899832738912664e-02
-4.599275244981981814e-02 -7.873579676015651785e-02
-4.846640597679652274e-02 -7.375924431471503340e-02
-4.226200110861100256e-02 -7.158473113304353319e-02
-3.867563503445126116e-02 -7.700106154879904352e-02
-4.546888303593732417e-02 -7.690606128380750306e-02
-5.293341763899661601e-02 -7.879650361792300828e-02
-5.004615560756064951e-02 -7.023271594152902253e-02
-4.940521615208126605e-02 -6.957025443625752814e-02
-4.940604167637729915e-02 -7.886021667582099326e-02
-5.308043659312033924e-02 -8.239621682514552958e-02
-5.196870985088253292e-02 -8.529136459765140899e-02
-5.274240497379878434e-02 -8.133943601933424361e-02
-4.849327320113161477e-02 -8.885106062007253058e-02
-4.743915912109741839e-02 -9.631284130227868445e-02
-5.315249948176870021e-02 -8.699240339410607703e-02
-4.937756806026527556e-02 -8.839408589483355172e-02
-4.844775708039605888e-02 -8.500197252215002663e-02
-4.783920797632390531e-02 -8.548179823628743179e-02
-5.487345664874965223e-02 -8.740762011802871712e-02
-5.123961198256665739e-02 -7.973050648070056923e-02
