-9.961993540295871474e-02 -5.871025087528108921e-02
-9.567847475409507751e-03 -9.728832170367240906e-03
-1.893215812742710114e-02 -1.961294282227754593e-02
-2.886037714779376984e-02 -2.942015416920185089e-02
-3.212636359967291355e-02 -3.678701911121606827e-02
-4.127058782614767551e-02 -4.623125586658716202e-02
-4.646211653016507626e-02 -4.734399891458451748e-02
-4.880975512787699699e-02 -4.570983746089041233e-02
-4.857468276168219745e-02 -4.760769638232886791e-02
-4.804459839942865074e-02 -4.584142006933689117e-02
-5.113834163057617843e-02 -4.416351357940584421e-02
-4.735409651766531169e-02 -4.717162402812391520e-02
-5.518328954349271953e-02 -5.278225068468600512e-02
-6.160223062033765018e-02 -6.129382096696645021e-02
-5.381784864584915340e-02 -5.627441138494759798e-02
-4.584729854832403362e-02 -6.412669562269002199e-02
-5.440768689732067287e-02 -5.753337044734507799e-02
-5.260555245331488550e-02 -5.695495265536010265e-02
-6.029776422656141222e-02 -4.997453349642455578e-02
-5.807461714721284807e-02 -4.876287002116441727e-02
-5.906377287465147674e-02 -4.990499455016106367e-02
-5.497274242225103080e-02 -4.737245768774300814e-02
-5.685459807864390314e-02 -4.822554677957668900e-02
-5.096380304894410074e-02 -5.333415471250191331e-02
-5.043916657450608909e-02 -5.176476569613441825e-02
-4.871195516898296773e-02 -4.926689009880647063e-02
-5.565355913131497800e-02 -4.091540671652182937e-02
-5.666810282855294645e-02 -4.871356015792116523e-02
-5.164242404862307012e-02 -5.105592071777209640e-02
-5.572685235529206693e-02 -5.496583454078063369e-02
-5.160328614874742925e-02 -5.212854751152917743e-02
-4.847770099877379835e-02 -5.415740254102274776e-02
-4.638513815007172525e-02 -5.615609831875190139e-02
-5.548323676339350641e-02 -5.614480562326207291e-02
-5.057586854672990739e-02 -5.417996481810405385e-02
-5.324888890027068555e-02 -5.415099100173392799e-02
-5.354810541030019522e-02 -6.122367861644306686e-02
-5.057994683738797903e-02 -5.788401383870223071e-02
-5.179322441108524799e-02 -5.384517097809293773e-02
-4.634178592823445797e-02 -5.378962421855248976e-02
-5.398338963277637959e-02 -5.846394805303134490e-02
-6.084766681306064129e-02 -5.272950578546442557e-02
-5.160629632882773876e-02 -5.808471769159950782e-02
-5.510095763020217419e-02 -5.243791939756192733e-02
-5.982898944057524204e-02 -5.703536022519983817e-02
-5.206776387058198452e-02 -5.775308478223450948e-02
-5.518749472685158253e-02 -5.208161016525991727e-02
-5.667078308761119843e-02 -5.960795757891901303e-02
-5.264828959479928017e-02 -5.594627265418239404e-02
-4.851451329886913300e-02 -5.104287419999309350e-02
-5.001223972067236900e-02 -5.183515700809948612e-02
