-4.751306203401471639e-02 -1.379915276384713896e-01
-8.083610795438289642e-03 -9.967721998691558838e-03
-1.645395252853631973e-02 -1.985236257314682007e-02
-1.924452628009021282e-02 -2.974229957908391953e-02
-1.772628875914961100e-02 -3.971176594495773315e-02
-2.102903870400041342e-02 -4.967697057873010635e-02
-1.824319630395621061e-02 -5.947693996131420135e-02
-2.626237447839230299e-02 -6.935450527817010880e-02
-2.309753827285021544e-02 -7.931774202734231949e-02
-1.896977738942950964e-02 -8.897729776799678802e-02
-1.995717536192387342e-02 -9.891363792121410370e-02
-2.669263014104217291e-02 -1.080407118424773216e-01
-2.726880734553560615e-02 -1.168927224352955818e-01
-2.422914345515891910e-02 -1.228016959503293037e-01
-2.415036757156485692e-02 -1.252538124099373817e-01
-1.659867002308601514e-02 -1.236916593043133616e-01
-2.270489533111685887e-02 -1.320040513528510928e-01
-2.035620527021819726e-02 -1.343038637423887849e-01
-2.831499369494849816e-02 -1.340380699548404664e-01
-2.517362518847221509e-02 -1.328945763816591352e-01
-2.139524996891850606e-02 -1.287035284040030092e-01
-2.175777019147062674e-02 -1.313202461169566959e-01
-2.892178003821754828e-02 -1.306679424305912107e-01
-2.061089859489584342e-02 -1.244813775119837373e-01
-2.696945411298656836e-02 -1.328738362935837358e-01
-2.712649864406557754e-02 -1.350394243781920522e-01
-2.014116443024249747e-02 -1.293654817563947290e-01
-2.274678613321157172e-02 -1.313932198972906917e-01
-2.457149467227282003e-02 -1.231254931481089443e-01
-2.338156302721472457e-02 -1.192191728332545608e-01
-2.213552443572552875e-02 -1.226941951026674360e-01
-2.751654748135479167e-02 -1.201780483534093946e-01
-1.991055149846943095e-02 -1.206678590679075569e-01
-1.208573662006529048e-02 -1.158190892019774765e-01
-2.083430614584358409e-02 -1.222345699497964233e-01
-2.688653895893367007e-02 -1.166197122947778553e-01
-2.377025213354500011e-02 -1.242525881098117679e-01
-2.665431693458231166e-02 -1.187172239588107914e-01
-2.495709853974403813e-02 -1.168376069690566510e-01
-2.139144158718409017e-02 -1.231614241551142186e-01
-2.563754749280633405e-02 -1.144045528199058026e-01
-2.640432847692864016e-02 -1.236959995876532048e-01
-3.289692459657089785e-02 -1.197532836522441357e-01
-3.205990372953237966e-02 -1.118562894116621464e-01
-2.596263262239517644e-02 -1.153869370173197240e-01
-2.341855155100347474e-02 -1.144739929877687246e-01
-1.706486359034897760e-02 -1.232107729010749608e-01
-1.898159750999184325e-02 -1.266228985332418233e-01
-1.502080693171592429e-02 -1.190727022767532617e-01
-9.013603099447209388e-03 -1.274318923533428460e-01
-1.606890292168827727e-02 -1.324875508726108819e-01
