-2.755968753808686611e-02 -1.461273302594169876e-01
9.758782573044300079e-03 -8.978404104709625244e-03
1.785417273640632629e-02 -1.896648388355970383e-02
2.062506391666829586e-02 -2.873323205858469009e-02
1.355805411003530025e-02 -3.872303571552038193e-02
1.445343269733712077e-02 -4.871114157140254974e-02
2.221994398860260844e-02 -5.824652686715126038e-02
2.188159525394439697e-02 -6.824278645217418671e-02
2.627581311389803886e-02 -7.812746521085500717e-02
2.404468017630279064e-02 -8.804216329008340836e-02
1.965365395881235600e-02 -9.778131451457738876e-02
2.133248071186244488e-02 -1.070363549515604973e-01
1.963625650387257338e-02 -1.146496483124792576e-01
1.993244985351338983e-02 -1.227676137350499630e-01
1.640579389641061425e-02 -1.266312808729708195e-01
1.724146888591349125e-02 -1.234937733970582485e-01
1.550486194901168346e-02 -1.187727148644626141e-01
1.128650526516139507e-02 -1.253556180745363235e-01
5.177494836971163750e-03 -1.212121858261525631e-01
1.356281572952866554e-03 -1.182519164867699146e-01
-4.339789273217320442e-03 -1.162261120043694973e-01
4.678861005231738091e-03 -1.159497634216677397e-01
3.171235439367592335e-03 -1.147793379786890000e-01
5.270024645142257214e-03 -1.186053659475874156e-01
1.107158081140369177e-02 -1.208063163503538817e-01
8.462691563181579113e-03 -1.236203082080464810e-01
3.683287068270146847e-03 -1.283107262279372662e-01
2.018665312789380550e-03 -1.370241122494917363e-01
4.813612787984311581e-03 -1.304913062776904553e-01
5.040222487878054380e-03 -1.272948069672565907e-01
6.791859923396259546e-03 -1.203213177795987576e-01
3.966117103118449450e-03 -1.280957481067162007e-01
2.057975798379629850e-03 -1.325452977034728974e-01
6.855293817352503538e-03 -1.319331234262790531e-01
8.518092858139425516e-03 -1.248115534835960716e-01
2.065442560706287622e-03 -1.278414459375198931e-01
-1.472677045967429876e-03 -1.278395075944445125e-01
3.716999257449060678e-03 -1.263137288053712837e-01
5.964200303424149752e-03 -1.235757026017836324e-01
6.609503994695842266e-03 -1.253450539090863458e-01
-2.854847465641796589e-03 -1.233079459645978204e-01
5.901566473767161369e-04 -1.301463514694205514e-01
3.170793293975293636e-03 -1.252521270082525007e-01
6.629279931075870991e-03 -1.229701573622605792e-01
9.204295813106000423e-03 -1.269028694962344161e-01
7.460542256012558937e-03 -1.350327912380180351e-01
1.088101183995604515e-03 -1.270396584307036392e-01
2.316372934728860855e-03 -1.228979463351151935e-01
3.747731680050492287e-04 -1.291566114534816734e-01
-3.033770131878554821e-03 -1.262465983757010690e-01
-1.058137277141213417e-04 -1.236493618355325452e-01
