-1.017359871308650549e-02 -1.494811433851917781e-01
8.847773075103759766e-03 -9.828501380980014801e-03
1.813642401248216629e-02 -1.890872791409492493e-02
2.665844839066267014e-02 -2.878362871706485748e-02
2.938658162020146847e-02 -3.875407204031944275e-02
3.420441201888024807e-02 -4.852509684860706329e-02
2.746289852075278759e-02 -5.788485240191221237e-02
3.567718411795794964e-02 -6.784971617162227631e-02
3.197724861092865467e-02 -7.676849421113729477e-02
3.074828546959906816e-02 -8.635005727410316467e-02
3.591803007293492556e-02 -9.595160558819770813e-02
3.732035565190017223e-02 -1.049914052709937096e-01
3.041978762485086918e-02 -1.133362324908375740e-01
3.359962627291679382e-02 -1.100122258067131042e-01
3.470112604554742575e-02 -1.166961253620684147e-01
3.903807781171053648e-02 -1.137395633850246668e-01
3.952801128616556525e-02 -1.219563039485365152e-01
3.924951812950894237e-02 -1.187790511175990105e-01
3.809363505570217967e-02 -1.230358486063778400e-01
3.900393383810296655e-02 -1.153692645020782948e-01
3.839910944225266576e-02 -1.151319164346205071e-01
4.633134865434840322e-02 -1.188922940782504156e-01
4.226596263470128179e-02 -1.220073245494859293e-01
3.845289984019473195e-02 -1.146387697226600721e-01
4.099426075117662549e-02 -1.182192600826965645e-01
4.658365744398906827e-02 -1.203593110694782808e-01
4.215766099514439702e-02 -1.198278891533846036e-01
4.459293029503896832e-02 -1.159585130080813542e-01
4.160993435652926564e-02 -1.074539462715620175e-01
3.731835057260468602e-02 -1.125635632924968377e-01
3.819051670143380761e-02 -1.077075291104847565e-01
4.442041559377685189e-02 -1.132977709785336629e-01
4.615933221066370606e-02 -1.087124811165267602e-01
4.202363878721371293e-02 -1.056806671113008633e-01
4.415028594667091966e-02 -1.138895249605411664e-01
5.008884897688403726e-02 -1.093938734993571416e-01
4.455866996431723237e-02 -1.133577383734518662e-01
4.106928181136026978e-02 -1.117558350233593956e-01
4.787257598945870996e-02 -1.186110448470572010e-01
4.163520742440596223e-02 -1.137284493452170864e-01
4.897595808142796159e-02 -1.212555390229681507e-01
4.109682288253679872e-02 -1.167677288322011009e-01
4.258493980159983039e-02 -1.107101949310163036e-01
4.398797353496775031e-02 -1.185077737463871017e-01
4.406691511394456029e-02 -1.138022804079810157e-01
4.008159349905326962e-02 -1.180910059629241005e-01
3.832977305864915252e-02 -1.162302455777535215e-01
3.869631182169541717e-02 -1.151186225615674630e-01
3.339200693881139159e-02 -1.148528955382062122e-01
3.179730015108361840e-02 -1.187746110808802769e-01
3.621613798895850778e-02 -1.257924088713480160e-01
