3.084529158496261692e-02 -1.451239611614162928e-01
9.935447014868259430e-03 -9.906154125928878784e-03
1.850227732211351395e-02 -1.967738755047321320e-02
2.751839067786931992e-02 -2.954040374606847763e-02
3.662688843905925751e-02 -3.939988836646080017e-02
3.861162182874977589e-02 -4.929058719426393509e-02
4.589723586104810238e-02 -5.912967678159475327e-02
4.038955154828727245e-02 -6.901304610073566437e-02
4.091603698907420039e-02 -7.869527861475944519e-02
4.797282366780564189e-02 -8.768294937908649445e-02
4.832789092324674129e-02 -9.487281087785959244e-02
4.905280855018645525e-02 -9.873924497514963150e-02
5.192156450357288122e-02 -1.067627090960741043e-01
5.953005689661949873e-02 -1.052294607507064939e-01
5.176301707979291677e-02 -1.045192082528956234e-01
4.548792436253279448e-02 -1.103430574876256287e-01
5.116136500146239996e-02 -1.105317371839191765e-01
5.110655674434383400e-02 -1.109276562638115138e-01
4.683251395545084961e-02 -1.040823850489687175e-01
5.246997574067790993e-02 -1.044982227904256433e-01
4.757959345079143532e-02 -1.085917324235197157e-01
4.636127986668725498e-02 -1.075104863557498902e-01
4.875942618309636600e-02 -1.093886417511384934e-01
5.360125071092625149e-02 -1.095644998858915642e-01
5.504387019391288050e-02 -1.125455153669463471e-01
4.936144601742853411e-02 -1.078591383557068184e-01
4.709944811838795431e-02 -1.054304339486407116e-01
5.229052978756953962e-02 -1.026405742886709049e-01
4.748678378018666990e-02 -1.069809617038117722e-01
4.866588996446807869e-02 -1.083080782118486241e-01
4.758009717988898046e-02 -1.068697740120114759e-01
4.140276772159268148e-02 -9.820409405801910907e-02
4.345618591833044775e-02 -1.028372571599902585e-01
4.708594533803989179e-02 -9.672373307694215328e-02
4.501939153487910517e-02 -1.019786750694038346e-01
5.124304870332707651e-02 -9.988025303755421191e-02
5.511527981798280962e-02 -1.049481998925330117e-01
5.400698208904941566e-02 -1.101355567370774224e-01
5.593994640003074892e-02 -1.077572385111125186e-01
5.971328875239123590e-02 -1.074194601824274287e-01
5.685947563688387163e-02 -1.071318165195407346e-01
5.588181161510874517e-02 -1.109546079096617177e-01
5.371013198237051256e-02 -1.053316654433729127e-01
5.672063010933925398e-02 -1.083291627728613093e-01
5.403172511796583422e-02 -1.037646190525265411e-01
6.006490726213087328e-02 -1.056621627212734893e-01
5.226695638339151628e-02 -1.055309454823145643e-01
5.526824093612958677e-02 -1.038880483392858878e-01
5.033325108888675459e-02 -1.104707033518934622e-01
5.292219420152832754e-02 -1.074920257233316079e-01
5.215976616091211326e-02 -1.120599366404348984e-01
