4.903341401426129786e-02 -1.371534526574021973e-01
9.480473585426807404e-03 -9.809663519263267517e-03
1.885675638914108276e-02 -1.969802845269441605e-02
2.856670133769512177e-02 -2.954758703708648682e-02
3.793351165950298309e-02 -3.587331809103488922e-02
4.756920225918292999e-02 -4.525493085384368896e-02
5.564863514155149460e-02 -5.476401280611753464e-02
6.411213707178831100e-02 -6.381091661751270294e-02
6.967865768820047379e-02 -7.281477097421884537e-02
7.098244375083595514e-02 -8.103382680565118790e-02
6.448274862486869097e-02 -8.329827035777270794e-02
6.935299152974039316e-02 -8.868954959325492382e-02
7.347664341796189547e-02 -8.107726671732962132e-02
6.881417531985789537e-02 -8.428490720689296722e-02
7.005606428720057011e-02 -8.219732018187642097e-02
7.015904680883977562e-02 -8.626373857259750366e-02
7.151572244765702635e-02 -8.719288796419277787e-02
6.990126871096435934e-02 -7.965855585644021630e-02
7.009043358266353607e-02 -8.253162197070196271e-02
6.348507804796099663e-02 -9.070001292275264859e-02
7.013435289263725281e-02 -9.933560463832691312e-02
7.032211228215601295e-02 -9.496418834896758199e-02
6.360203363874461502e-02 -9.644630196271464229e-02
5.910496563592460006e-02 -9.728317381814122200e-02
6.357072303944732994e-02 -1.005023228935897350e-01
5.674776119121816009e-02 -1.022400724468752742e-01
6.562959459552075714e-02 -9.831986564677208662e-02
6.858600988925900310e-02 -1.003842485370114446e-01
7.000543967296835035e-02 -9.698765177745372057e-02
6.907983023847918957e-02 -1.038484392920508981e-01
7.274240434344392270e-02 -1.022837529890239239e-01
6.714719200681429356e-02 -9.847529395483434200e-02
6.415072052914183587e-02 -1.030642662663012743e-01
6.105318891059141606e-02 -1.037615857785567641e-01
6.468447057704906911e-02 -1.005421244772151113e-01
6.251557629730086774e-02 -9.631702082697302103e-02
6.097703617706429213e-02 -9.717168344650417566e-02
6.261524597357492894e-02 -9.919739130418747663e-02
6.477526940579991788e-02 -9.036964073311537504e-02
6.827183526183944196e-02 -9.471927571576088667e-02
6.071312951098661870e-02 -9.783872764091938734e-02
6.118552254338283092e-02 -1.003945913398638368e-01
6.530656486575026065e-02 -1.004781242663739249e-01
6.759000087913591415e-02 -9.571225840772967786e-02
6.431345206510741264e-02 -1.020012734661577269e-01
6.426115673821186647e-02 -1.000307832582620904e-01
6.086322050396120176e-02 -9.539817941549699754e-02
6.454983204457676038e-02 -9.766637759457807988e-02
6.259893092646962032e-02 -9.527330232958775014e-02
5.626513787865405902e-02 -8.753339380200486630e-02
5.801781117770588025e-02 -8.851066678471397609e-02
