6.477063779405996258e-02 -1.261890049793977231e-01
4.491576924920082092e-03 -9.437956847250461578e-03
1.302737277001142502e-02 -1.936857961118221283e-02
2.293391525745391846e-02 -2.896923571825027466e-02
3.235676884651184082e-02 -3.803992271423339844e-02
4.143989644944667816e-02 -4.732863046228885651e-02
5.052507203072309494e-02 -5.661861598491668701e-02
5.890879686921834946e-02 -6.379512883722782135e-02
6.229200656525790691e-02 -6.957683758810162544e-02
6.666694697923958302e-02 -7.076314522419124842e-02
7.516756118275225163e-02 -7.306740002240985632e-02
7.890515145845711231e-02 -7.650311349425464869e-02
7.865103718359023333e-02 -7.039956201333552599e-02
8.253655547741800547e-02 -6.711140868719667196e-02
8.850941632408648729e-02 -6.064253102522343397e-02
9.071194624993950129e-02 -6.487669225316494703e-02
8.639611455146223307e-02 -5.825896270107477903e-02
8.723098726477473974e-02 -5.515460378956049681e-02
9.046884730923920870e-02 -5.685076361987739801e-02
8.258307457435876131e-02 -6.400912685785442591e-02
8.060036657843738794e-02 -6.795607379171997309e-02
7.489484979305416346e-02 -6.032289110589772463e-02
7.767090864945203066e-02 -6.761822814587503672e-02
7.652683858759701252e-02 -6.263479695189744234e-02
7.811640144791454077e-02 -6.841469241771847010e-02
7.920950173866003752e-02 -6.697316479403525591e-02
7.820426044054329395e-02 -7.496041257400065660e-02
8.038190891966223717e-02 -6.870848510880023241e-02
8.056794693402480334e-02 -7.298717566300183535e-02
7.455338425643276423e-02 -6.757660687435418367e-02
6.973916273273061961e-02 -6.843628402566537261e-02
7.303944327577482909e-02 -6.600348482606932521e-02
7.107749795250128955e-02 -6.430072797229513526e-02
7.595085473440121859e-02 -5.883342068409547210e-02
7.020923103846143931e-02 -6.669959094142541289e-02
7.114057386934291571e-02 -6.544338021194562316e-02
6.655659763782750815e-02 -6.223683030111715198e-02
6.740918963623698801e-02 -6.867711310042068362e-02
7.339993094501551241e-02 -6.641683465568348765e-02
7.520248855871614069e-02 -6.465859903255477548e-02
7.184769235027488321e-02 -5.754920613253489137e-02
6.839814873819705099e-02 -6.321359571302309632e-02
6.857513876457232982e-02 -6.862155912676826119e-02
7.578236291010398418e-02 -7.303206209326162934e-02
7.784066985186655074e-02 -7.609133661026135087e-02
8.056224773463327438e-02 -8.191318536410108209e-02
7.456366282713133842e-02 -8.582405472407117486e-02
7.184372057963628322e-02 -7.690218655625358224e-02
6.714241865847725421e-02 -6.841310585150495172e-02
6.859506848559249192e-02 -6.486092653358355165e-02
7.544080722436774522e-02 -6.158536771545186639e-02
