8.056582030239638204e-02 -1.092380671443791834e-01
9.449755772948265076e-03 -9.752604179084300995e-03
1.936166919767856598e-02 -1.926304679363965988e-02
2.910039108246564865e-02 -2.863936312496662140e-02
3.900332935154438019e-02 -3.819350246340036392e-02
4.879066441208124161e-02 -4.622993897646665573e-02
5.637170141562819481e-02 -5.511054862290620804e-02
6.568528478965163231e-02 -6.267759157344698906e-02
7.323329756036400795e-02 -5.775157315656542778e-02
7.229150069179013371e-02 -6.435855524614453316e-02
7.687596307368949056e-02 -6.045054690912365913e-02
7.745972019620239735e-02 -6.124038947746157646e-02
8.223325363360345364e-02 -5.331938294693827629e-02
8.021643524989485741e-02 -5.685348645783960819e-02
8.002402907004579902e-02 -5.882949358783662319e-02
8.729631773894652724e-02 -5.925015930552035570e-02
8.735367290137219243e-02 -5.434970383066684008e-02
8.413211589140701108e-02 -4.769050388131290674e-02
8.320028789967182092e-02 -3.925204800907522440e-02
7.901621971905115061e-02 -4.767092096153646708e-02
8.237537521563353948e-02 -4.697007528739050031e-02
8.760636685110512190e-02 -4.809407348511740565e-02
9.079852922513964586e-02 -4.701728577492758632e-02
8.514047915741684847e-02 -4.599226830760017037e-02
9.240725299969199114e-02 -5.296334630111232400e-02
9.162543441561865620e-02 -4.457083350280299783e-02
9.486922162977862172e-02 -4.443331844231579453e-02
8.788973425907897763e-02 -4.933161138615105301e-02
8.177699667794513516e-02 -5.526364491379354149e-02
8.376438480263459496e-02 -5.218250201141927391e-02
8.580962156338500790e-02 -4.687813333293888718e-02
9.099152551425504498e-02 -4.860727956111077219e-02
9.235352377800154500e-02 -4.673460779304150492e-02
8.548569453341769986e-02 -4.741285079217050225e-02
7.804913080690312199e-02 -4.944301479554269463e-02
8.194361959976959042e-02 -5.357318780443165451e-02
7.654389978779363446e-02 -4.807238829380366951e-02
7.882377512214588933e-02 -4.628223077452275902e-02
7.864354557750630192e-02 -4.855267483799252659e-02
7.870823568737250753e-02 -5.571440154744777828e-02
8.247197563832742162e-02 -5.822869356779847294e-02
8.959181332102161832e-02 -5.531754427647683769e-02
8.447081414124113508e-02 -5.245830946660134941e-02
8.591132371293497272e-02 -5.066402257943991572e-02
8.415457517912727781e-02 -4.979708495375234634e-02
8.106320542356115766e-02 -5.317963946436066180e-02
7.879873742422205396e-02 -5.666318030853290111e-02
8.127985689861816354e-02 -6.343928219575900584e-02
8.539894064961117692e-02 -6.910974912170786411e-02
8.517656228286796249e-02 -6.377178391267079860e-02
8.421446764623397030e-02 -5.418139936227817088e-02
