-1.836136610207187922e-02 4.829984860042098316e-02
9.440796449780464172e-03 -9.672388434410095215e-03
1.426734915003180504e-02 -1.957528013736009598e-02
2.313732123002409935e-02 -2.779522165656089783e-02
2.169073803815990686e-02 -3.612331580370664597e-02
2.448588341940194368e-02 -4.609080869704484940e-02
2.732285705860704184e-02 -5.513410083949565887e-02
2.344809041824191809e-02 -6.506351381540298462e-02
2.002191764768213034e-02 -7.457831874489784241e-02
2.261995163280516863e-02 -8.351122215390205383e-02
2.751869161147624254e-02 -9.286717139184474945e-02
3.556506347376853228e-02 -9.322732352302409708e-02
4.167623689863830805e-02 -8.865528265596367419e-02
4.672147810924798250e-02 -9.527371535659767687e-02
4.309629334602504969e-02 -8.606965458602644503e-02
3.979274781886488199e-02 -9.266869901330210268e-02
4.069246439030393958e-02 -9.749791669310070574e-02
3.526948153739795089e-02 -1.039540282508824021e-01
3.671927988762035966e-02 -1.012171941401902586e-01
3.382456727558746934e-02 -9.777395418495871127e-02
3.009809280047193170e-02 -1.021908292605075985e-01
2.721067290985956788e-02 -9.645303842262364924e-02
2.876648161327466369e-02 -9.143819697783328593e-02
2.867863629217026755e-02 -9.227107648621313274e-02
3.566568926180480048e-02 -9.041013845126144588e-02
3.207266655954299495e-02 -9.458971998537890613e-02
3.864331682416377589e-02 -1.014389944903086871e-01
4.042381478211609647e-02 -9.499390886048786342e-02
4.619035182258812711e-02 -8.973928025807254016e-02
4.540366294531850144e-02 -9.383693567360751331e-02
4.589141369069693610e-02 -9.970043503562919796e-02
4.266887436824617907e-02 -9.301640602643601596e-02
4.835391043889103457e-02 -8.560979456524364650e-02
4.794573663821211085e-02 -8.751068203127942979e-02
4.680362817452987656e-02 -9.603078043437562883e-02
4.429848011204740033e-02 -8.764507746673189104e-02
4.497244054073235020e-02 -8.389739980339072645e-02
4.230721535714110360e-02 -8.239400733145885170e-02
4.141871994215762243e-02 -8.413693410693667829e-02
3.644718360010301694e-02 -8.847611406235955656e-02
4.031426729488885030e-02 -8.852215388105832972e-02
3.543318658921634778e-02 -8.845485904384986497e-02
4.174586655426537618e-02 -8.815563656753511168e-02
4.118404865585034713e-02 -8.539787633708328940e-02
4.671592919476097450e-02 -8.428078156794072129e-02
4.355682341702049598e-02 -9.207333170706988312e-02
4.631882279500132427e-02 -8.760418848032713868e-02
4.348724942974513397e-02 -8.139519545147777535e-02
4.884610280714696273e-02 -8.667977538789273240e-02
4.753522088140016422e-02 -8.302301739240647294e-02
4.672227674018358812e-02 -7.983553980375290848e-02
