-6.952739168131000236e-02 2.187448647464344809e-02
-1.137193408794701099e-03 -9.918612428009510040e-03
-1.986805174965411425e-03 -1.971387397497892380e-02
-7.469845761079341173e-03 -2.866958267986774445e-02
-1.402006327407434583e-02 -3.857926558703184128e-02
-1.182603772031143308e-02 -4.801568109542131424e-02
-1.158536251750774682e-02 -5.741618480533361435e-02
-1.869323270511813462e-02 -6.566680409014225006e-02
-1.667889978853054345e-02 -6.656153831863775849e-02
-1.826307320152409375e-02 -7.356796093517914414e-02
-1.610042134416289628e-02 -8.191259816521778703e-02
-1.130533384275622666e-02 -8.773023594403639436e-02
-6.979948637308552861e-03 -8.071702957386150956e-02
-1.180063447100110352e-02 -8.710254175821319222e-02
-6.097387784393504262e-03 -8.363069157348945737e-02
-1.494214200647547841e-03 -7.640716648893430829e-02
1.033368491334840655e-03 -8.252053690375760198e-02
-2.918621554272249341e-03 -7.975438545690849423e-02
9.315106726717203856e-04 -8.672085806028917432e-02
3.161636705044656992e-04 -8.116381458239629865e-02
8.010721445316448808e-03 -8.235962264006957412e-02
4.886048758635297418e-03 -8.157124993158504367e-02
9.610110340872779489e-03 -7.593101280508562922e-02
7.616783870616927743e-03 -8.073804638115689158e-02
8.972837153123691678e-03 -8.841944643063470721e-02
1.017227806732989848e-02 -8.333387708989903331e-02
1.062558568082749844e-02 -8.561435196315869689e-02
1.483101979829370975e-02 -8.903367369202896953e-02
2.153580286540091038e-02 -8.430678368313238025e-02
2.880305866710841656e-02 -9.269307431532070041e-02
3.533966396935284138e-02 -9.339901979546993971e-02
3.525330101547297090e-02 -9.045471006538718939e-02
3.232282678072806448e-02 -8.924066124018281698e-02
3.651855837961193174e-02 -8.655427640769630671e-02
3.623420668009202927e-02 -8.870521245989948511e-02
2.976830273109953851e-02 -8.416905591730028391e-02
3.323272841225843877e-02 -9.275745658669620752e-02
3.253331680025439709e-02 -8.596941654104739428e-02
3.308036462112795562e-02 -8.984566212166100740e-02
2.857504975690972060e-02 -8.062537491787225008e-02
2.309566042094957083e-02 -8.658772159833461046e-02
1.873407098173629493e-02 -8.171918580774217844e-02
2.146225426986347884e-02 -8.952478237915784121e-02
2.471468764997553080e-02 -8.374284359160810709e-02
2.291514950047712773e-02 -8.003387425560504198e-02
2.528580852958839387e-02 -8.207989123184233904e-02
2.902235805231612176e-02 -8.516636991407722235e-02
3.386057882744353265e-02 -8.105852769222110510e-02
2.912128034222405404e-02 -8.389445103239268064e-02
2.497436820704024285e-02 -7.554873533081263304e-02
3.261675748217385262e-02 -7.028617232572287321e-02
