-8.304232091621206735e-02 -1.057133102305800043e-01
5.469097755849361420e-03 -9.751288220286369324e-03
9.258210193365812302e-03 -1.940769702196121216e-02
-1.541222445666790009e-04 -2.930736355483531952e-02
-7.186410017311573029e-03 -3.883137926459312439e-02
-1.217238139361143112e-02 -4.878056608140468597e-02
-1.235389184148516506e-02 -5.855404213070869446e-02
-1.580747855769004673e-02 -6.849455647170543671e-02
-1.867838563339319080e-02 -7.835169788450002670e-02
-1.759396491979714483e-02 -8.792383689433336258e-02
-8.875593528500758111e-03 -9.708326589316129684e-02
-8.020535096875391901e-03 -1.067714309319853783e-01
-1.621232366596814245e-02 -1.095302617177367210e-01
-1.161348585446830839e-02 -1.143944440409541130e-01
-1.335527653282042593e-02 -1.222358467057347298e-01
-6.869306773296557367e-03 -1.275382698513567448e-01
-3.690510042360983789e-03 -1.264007629361003637e-01
-8.276866734377108514e-03 -1.227907587308436632e-01
-1.229597812925931066e-02 -1.139878288377076387e-01
-1.416640284878667444e-02 -1.116269521880894899e-01
-1.502101837832015008e-02 -1.149266657885164022e-01
-1.297446193348150700e-02 -1.160715690348297358e-01
-8.434175906586460769e-03 -1.151484695146791637e-01
-1.576585361908655614e-02 -1.221675101551227272e-01
-2.120245753030758351e-02 -1.140603592502884567e-01
-1.752883630979340523e-02 -1.153960504452697933e-01
-1.471149658027570695e-02 -1.106701685930602252e-01
-1.674980965617578477e-02 -1.165966551634483039e-01
-8.103341024252586067e-03 -1.217730736243538558e-01
-7.972892679390497506e-03 -1.195172024308703840e-01
-1.111587815103121102e-03 -1.211827635415829718e-01
1.879030998679809272e-03 -1.133746412233449519e-01
1.185419489047490060e-03 -1.143409368232823908e-01
-4.856420695432461798e-03 -1.127012321376241744e-01
-8.774431902565993369e-03 -1.139015266089700162e-01
-8.734530169022036716e-03 -1.061095953336916864e-01
-9.748057676915777847e-03 -1.123448712169192731e-01
-5.659980448399437591e-03 -1.146234624902717769e-01
-9.481151337240589783e-03 -1.118156213196925819e-01
-1.163256376094068401e-02 -1.177558211493305862e-01
-8.598803058703197166e-03 -1.140772180515341461e-01
-2.173772994865430519e-03 -1.228967822971753776e-01
3.899651597748743370e-03 -1.239652628428302705e-01
-9.868990673567168415e-05 -1.174306985340081155e-01
-4.039472416479839012e-03 -1.116592799662612379e-01
6.241998817131388932e-04 -1.101169871981255710e-01
1.151935030065942556e-04 -1.154577836277894676e-01
-3.824075141892535612e-03 -1.107701763394288719e-01
-3.760435265576234087e-03 -1.164182626525871456e-01
-1.094136957181035541e-02 -1.121669650892727077e-01
-1.319815346141695045e-02 -1.128292799694463611e-01
