-5.420323864057341456e-02 -1.340357597744736839e-01
-1.140733947977423668e-03 -9.977515786886215210e-03
-9.879407240077853203e-03 -1.987420488148927689e-02
-1.534763933159410954e-02 -2.944606728851795197e-02
-1.579076051712036133e-02 -3.934193681925535202e-02
-1.671660062856972218e-02 -4.921671468764543533e-02
-1.374300243332982063e-02 -5.914420355111360550e-02
-2.107364870607852936e-02 -6.912791356444358826e-02
-1.741370419040322304e-02 -7.911926321685314178e-02
-1.344272121787071228e-02 -8.907134737819433212e-02
-2.072432963177561760e-02 -9.905964229255914688e-02
-1.519148796796798706e-02 -1.085064429789781570e-01
-1.115078199654817581e-02 -1.180198611691594124e-01
-8.735041599720716476e-03 -1.279889503493905067e-01
-1.145500061102211475e-02 -1.348967375233769417e-01
-1.407919637858867645e-02 -1.327089860569685698e-01
-1.433679214096628129e-02 -1.362401035148650408e-01
-1.872939089662395418e-02 -1.356988134793937206e-01
-2.024766543763689697e-02 -1.363265028339810669e-01
-2.167636793456040323e-02 -1.361217918747570366e-01
-1.386755178100429475e-02 -1.380266084743198007e-01
-1.614668205729685724e-02 -1.328005602990742773e-01
-2.175730778253637254e-02 -1.328704652187298052e-01
-1.712580755702219903e-02 -1.399805044566164725e-01
-1.660447791800834239e-02 -1.406177293320070021e-01
-1.572164849494583905e-02 -1.412831364941666834e-01
-9.615948918508365750e-03 -1.415083049578242935e-01
-9.696682216599583626e-03 -1.395989190568798222e-01
-1.537415967322885990e-02 -1.328432406080537476e-01
-1.681144814938306808e-02 -1.405555694145732559e-01
-1.943660294637084007e-02 -1.458744606716209091e-01
-2.483947202563285828e-02 -1.426620732308947481e-01
-2.552240114891901612e-02 -1.441703639939078130e-01
-2.452440367778763175e-02 -1.422146236072876491e-01
-2.709951502038165927e-02 -1.343623822103836574e-01
-2.099151973379775882e-02 -1.306873088251450099e-01
-1.803012139862403274e-02 -1.310361271098372526e-01
-2.083676931215450168e-02 -1.329115108892438002e-01
-1.645528076915070415e-02 -1.250374541923520155e-01
-1.921872788807377219e-02 -1.296317038431880064e-01
-2.353689348092302680e-02 -1.245839401453849860e-01
-2.069277100963518023e-02 -1.266380400702473707e-01
-2.142111293505877256e-02 -1.258420665471930988e-01
-1.474151608999818563e-02 -1.265690482759964652e-01
-1.648859796114265919e-02 -1.305472443418693729e-01
-1.963956770487129688e-02 -1.351226412298274226e-01
-1.836428698152303696e-02 -1.370524274025228806e-01
-1.860476787260267884e-02 -1.412982604306307621e-01
-2.494601336366031319e-02 -1.418405560034443624e-01
-2.090169292932841927e-02 -1.413805941192549653e-01
-1.839698887488339096e-02 -1.354474774634581991e-01
