2.510225135047561285e-02 -1.467981248637469371e-01
9.553913958370685577e-03 -8.872772566974163055e-03
1.924082450568675995e-02 -1.828634925186634064e-02
2.846468798816204071e-02 -2.778059989213943481e-02
3.580087888985872269e-02 -3.753552306443452835e-02
4.408106021583080292e-02 -4.750263225287199020e-02
4.558814689517021179e-02 -5.722653586417436600e-02
4.880674765445291996e-02 -6.710247974842786789e-02
5.251354374922811985e-02 -7.701133657246828079e-02
5.211424210574477911e-02 -8.675818610936403275e-02
5.406475637573748827e-02 -9.395457664504647255e-02
4.689522425178438425e-02 -1.020545796491205692e-01
4.524049023166298866e-02 -1.035333559848368168e-01
4.779212083667516708e-02 -1.027956674806773663e-01
4.781277265283279121e-02 -1.005316483788192272e-01
5.025746297906152904e-02 -1.082659540697932243e-01
5.823971235076896846e-02 -1.011064373888075352e-01
5.487106295186094940e-02 -1.109200944192707539e-01
5.332922967500053346e-02 -1.187308048829436302e-01
5.430114656337536871e-02 -1.108024278655648232e-01
5.708784252055920660e-02 -1.178109114989638329e-01
5.334102190681733191e-02 -1.150998324155807495e-01
5.088560623698867857e-02 -1.220810716040432453e-01
5.222105307620950043e-02 -1.207464747130870819e-01
5.024139749002642930e-02 -1.147141428664326668e-01
4.298631779965944588e-02 -1.175826585385948420e-01
3.966311880503781140e-02 -1.094609631691128016e-01
4.509506656904704869e-02 -1.146102698985487223e-01
4.601793477195315063e-02 -1.114306016825139523e-01
3.871860934305004776e-02 -1.077586873434484005e-01
4.561481878045015037e-02 -1.155659104697406292e-01
4.808066177065484226e-02 -1.169834174215793610e-01
4.938054489321075380e-02 -1.107889856211841106e-01
4.544575730687938631e-02 -1.039924276992678642e-01
4.634596148389391601e-02 -9.888241812586784363e-02
5.528848172980360687e-02 -1.060874830000102520e-01
5.711315743974409997e-02 -1.149148182012140751e-01
5.905376662849448621e-02 -1.098208171315491199e-01
5.805033256183378398e-02 -1.183411027304828167e-01
5.272287406842224300e-02 -1.194946921896189451e-01
5.892601047526113689e-02 -1.121022368315607309e-01
5.576662460225634277e-02 -1.144430923741310835e-01
4.878538541379384696e-02 -1.176969604566693306e-01
5.148869680124334991e-02 -1.146218352951109409e-01
5.807867200928740203e-02 -1.181955842766910791e-01
5.559688547509722412e-02 -1.187697683344595134e-01
6.045922610792331398e-02 -1.168006837251596153e-01
5.641624351846985519e-02 -1.220561933587305248e-01
5.250159298884682357e-02 -1.178120422991923988e-01
5.215957915061153471e-02 -1.133903182926587760e-01
5.086792205111123621e-02 -1.164865530445240438e-01
