6.037569493426647727e-02 -1.297168455296895950e-01
9.878994897007942200e-03 -9.894400835037231445e-03
1.969602983444929123e-02 -1.968785375356674194e-02
2.907254081219434738e-02 -2.962250635027885437e-02
3.856107778847217560e-02 -3.896669857203960419e-02
4.798416979610919952e-02 -4.880384355783462524e-02
5.789728742092847824e-02 -5.792993493378162384e-02
6.502623902633786201e-02 -5.909066146705299616e-02
7.291124993935227394e-02 -5.729717679787427187e-02
7.893131393939256668e-02 -5.914466269314289093e-02
8.129634987562894821e-02 -6.649687467142939568e-02
8.364391932263970375e-02 -6.199391651898622513e-02
8.159077889285981655e-02 -5.633930629119277000e-02
8.269351848866790533e-02 -5.878887837752699852e-02
7.950026413891464472e-02 -6.544998614117503166e-02
7.573537260759621859e-02 -6.635865714633837342e-02
7.817110081668943167e-02 -6.936985213542357087e-02
8.089719421695917845e-02 -6.127153389388695359e-02
8.523935812991112471e-02 -6.947356887394562364e-02
8.772735123056918383e-02 -7.707726868102326989e-02
8.659575227648019791e-02 -7.084529107669368386e-02
8.106684871017932892e-02 -7.756780419731512666e-02
7.484509423375129700e-02 -7.126438437262549996e-02
7.472629621770465747e-02 -7.054896297631785274e-02
7.257976322580361739e-02 -6.564166507450863719e-02
7.725820909399772063e-02 -7.231203390983864665e-02
7.769214877771446481e-02 -6.789048871723935008e-02
7.610208172263810411e-02 -5.939191317884251475e-02
8.374038807960459962e-02 -6.635842210380360484e-02
8.564623937854776159e-02 -5.675978603539988399e-02
8.658508639928186312e-02 -6.368224712787196040e-02
8.949516979191685095e-02 -6.339207504061050713e-02
9.100137194764101878e-02 -6.143814304959960282e-02
8.852480384666705504e-02 -5.330660080653615296e-02
9.042091095034265891e-02 -4.988870609668083489e-02
8.835947476472938433e-02 -5.207059791428036988e-02
8.850505552982212976e-02 -4.593859965098090470e-02
8.325871662964345887e-02 -4.959576184046454728e-02
7.477136073430301622e-02 -5.163108746637590230e-02
7.339667855558218434e-02 -5.005952520878054202e-02
7.199686475360067561e-02 -4.986579222895670682e-02
7.588053530344041064e-02 -5.029800099146086723e-02
7.078239171096356586e-02 -5.412465364497620612e-02
7.845594816171796992e-02 -6.222738914948422462e-02
8.150288032629759982e-02 -6.450537599448580295e-02
8.497137821541400626e-02 -5.919230131257791072e-02
7.820551249460550025e-02 -5.651000405487138778e-02
7.719965850264998153e-02 -5.785055186424870044e-02
8.178753418178530410e-02 -5.985729054373223335e-02
8.445768163801403716e-02 -6.152635645412374288e-02
8.739943418913753703e-02 -6.787588373117614537e-02
