8.623367945863208428e-02 -1.006335118970222847e-01
9.844982065260410309e-03 -9.779657237231731415e-03
1.944668963551521301e-02 -1.972509734332561493e-02
2.833897247910499573e-02 -2.967798616737127304e-02
3.014458424877375364e-02 -3.953978698700666428e-02
3.726098535116761923e-02 -4.951328225433826447e-02
3.110439691226929426e-02 -5.934731569141149521e-02
2.963798202108591795e-02 -6.927163805812597275e-02
2.701313898432999849e-02 -7.886304240673780441e-02
3.355803398881107569e-02 -8.848940767347812653e-02
3.345853476639604196e-02 -9.735786728560924530e-02
3.501865176804130897e-02 -1.048671095632016659e-01
3.834322842158144340e-02 -1.036860209424048662e-01
4.549162743933266029e-02 -1.132126685697585344e-01
4.631208415230503306e-02 -1.101752303075045347e-01
5.066235057165613398e-02 -1.088430510135367513e-01
4.783414486882975325e-02 -1.076199304079636931e-01
5.062575564807048067e-02 -1.165951018920168281e-01
5.567044970666756853e-02 -1.107224946608766913e-01
5.457236940128495917e-02 -1.193615387892350554e-01
5.228260388685157523e-02 -1.172794628655537963e-01
4.646248599601676688e-02 -1.178017938509583473e-01
4.867070700129261240e-02 -1.103658596985042095e-01
4.721854122908553109e-02 -1.153400982730090618e-01
4.361765606881817803e-02 -1.093919673003256321e-01
4.670668215112527832e-02 -1.073488679248839617e-01
3.998069705994566903e-02 -1.121991586405783892e-01
3.864079535560449585e-02 -1.103977465536445379e-01
3.328367423819145188e-02 -1.102386915590614080e-01
3.603527493396541104e-02 -1.079792499076575041e-01
4.083009188616415486e-02 -1.154300228226929903e-01
3.863826634915312752e-02 -1.173030403442680836e-01
3.861494901320838835e-02 -1.118209855630993843e-01
3.451964285886788275e-02 -1.090738326311111450e-01
4.135905884868407156e-02 -1.110062259249389172e-01
3.889671227625512984e-02 -1.050960808061063290e-01
3.906081816785444971e-02 -1.093490216881036758e-01
3.781854060616751667e-02 -1.045992551371455193e-01
3.386642948862572666e-02 -1.105278641916811466e-01
3.272522231236507650e-02 -1.084279830101877451e-01
3.104652245201577898e-02 -1.099236250156536698e-01
2.949484067175944801e-02 -1.123281788313761353e-01
2.937729375662456732e-02 -1.079621744574978948e-01
3.630397560300480109e-02 -1.092452853918075562e-01
3.691203832386236172e-02 -1.050689942203462124e-01
4.257518039776186924e-02 -9.970587817952036858e-02
4.419495326692413073e-02 -1.076151900924742222e-01
3.847899309585045557e-02 -1.056976192630827427e-01
3.179078291395853739e-02 -1.089348022360354662e-01
2.767694204339932185e-02 -1.122334871906787157e-01
3.240028697291563731e-02 -1.060016273986548185e-01
