9.884341847161220995e-02 -6.516504615376267351e-02
9.823718108236789703e-03 -9.915496222674846649e-03
1.676017511636018753e-02 -1.889103744179010391e-02
2.645379304885864258e-02 -2.879790123552083969e-02
3.378262277692556381e-02 -3.850488644093275070e-02
3.662963025271892548e-02 -4.826092068105936050e-02
4.376955842599272728e-02 -5.817745253443717957e-02
5.275797331705689430e-02 -6.755399610847234726e-02
6.054181978106498718e-02 -7.728130090981721878e-02
5.482172779738903046e-02 -8.662512246519327164e-02
5.793312587775290012e-02 -9.466030821204185486e-02
6.229385896585881710e-02 -9.935293393209576607e-02
6.336891930550336838e-02 -9.717690199613571167e-02
6.187496706843376160e-02 -1.040656245313584805e-01
6.696161674335598946e-02 -9.627489000558853149e-02
6.168558215722441673e-02 -8.971828874200582504e-02
6.350336642935872078e-02 -8.763903682120144367e-02
6.564121576957404613e-02 -9.579944447614252567e-02
6.560830268063000403e-02 -9.942435333505272865e-02
5.862852380596450530e-02 -9.618143644183874130e-02
5.511180925168446265e-02 -9.670108044520020485e-02
5.863390475496998988e-02 -9.906933805905282497e-02
6.088561084106913768e-02 -1.055299353320151567e-01
6.874220151439658366e-02 -9.712112066335976124e-02
6.194966457769623958e-02 -9.660389303462579846e-02
6.517378458738676272e-02 -1.018792840768583119e-01
7.076907375812879764e-02 -9.459627262549474835e-02
6.288760559618822299e-02 -8.933606400387361646e-02
5.688465325147262774e-02 -8.541392238112166524e-02
6.416342113152495585e-02 -9.225518937455490232e-02
6.402365896428818814e-02 -9.447982121491804719e-02
6.550199478442664258e-02 -9.443294097218313254e-02
6.469170956916059367e-02 -9.233767449404695071e-02
6.431780666389386170e-02 -9.388175901040085591e-02
5.880750812866608612e-02 -9.670029805056401528e-02
5.719338454582612030e-02 -9.369286467335768975e-02
5.943448938705842011e-02 -9.037050899132736959e-02
6.291180759944836609e-02 -8.808759870953508653e-02
6.437881970123271458e-02 -9.016607646844931878e-02
6.730594536566059105e-02 -9.223044399186619557e-02
6.641231737376074307e-02 -9.324281456429162063e-02
6.749975638740579598e-02 -9.130725034992792644e-02
6.069594020300428383e-02 -8.509950063671567477e-02
5.521875251361052506e-02 -8.887361668530502357e-02
5.624456509758601896e-02 -9.755187973860302009e-02
6.132807807807694189e-02 -1.034866066511312965e-01
6.774172831137548201e-02 -1.000652904949674848e-01
6.551384149861405604e-02 -9.867018417935469188e-02
6.707891872429172508e-02 -9.772025546772056259e-02
6.723792245247750543e-02 -1.012974221703188960e-01
6.526687787481932901e-02 -9.380742055145674385e-02
