8.992170808198750309e-02 -6.249726679507183746e-03
9.291948750615119934e-03 -9.672507643699645996e-03
1.916778273880481720e-02 -1.964276749640703201e-02
2.897543553262948990e-02 -2.747709862887859344e-02
3.865233063697814941e-02 -3.654604870826005936e-02
4.575175885111093521e-02 -3.181683970615267754e-02
5.367524456232786179e-02 -3.509760438464581966e-02
6.257323082536458969e-02 -4.247564752586185932e-02
6.417265941854566336e-02 -4.142595967277884483e-02
7.295786438044160604e-02 -3.458932368084788322e-02
7.521948043722659349e-02 -2.615784155204892159e-02
8.256336965132504702e-02 -2.715542237274348736e-02
8.295252718380652368e-02 -2.127673779614269733e-02
8.445726192439906299e-02 -2.967712865211069584e-02
9.334206159110181034e-02 -2.965695963212056085e-02
9.372708137379959226e-02 -3.128160937194479629e-02
8.665809623198583722e-02 -3.710687002603663132e-02
8.092375780688598752e-02 -3.364873030659509823e-02
7.790633413242176175e-02 -3.492799022205872461e-02
8.143784973071888089e-02 -3.373736718640429899e-02
8.638945297570899129e-02 -3.020939224370522425e-02
8.266974642174318433e-02 -3.097553009138209745e-02
8.017682522768154740e-02 -2.835341699392301962e-02
8.038289040268864483e-02 -2.469155325525207445e-02
7.877536454179789871e-02 -3.177193918236298487e-02
8.106304435932543129e-02 -2.992998522677225992e-02
8.250160595343913883e-02 -2.897927926824195310e-02
8.852400198520626873e-02 -3.098843077168567106e-02
9.037429942691233009e-02 -2.503895496920449659e-02
8.772105943353381008e-02 -2.393517706514103338e-02
8.765135776047827676e-02 -1.753313902736408636e-02
8.846152789919869974e-02 -1.568591599789215252e-02
8.536685963190393522e-02 -2.136318856355501339e-02
8.351327566924737766e-02 -1.903970777493668720e-02
9.110635886463569477e-02 -2.467108476412249729e-02
8.762940014275955036e-02 -2.422108520840993151e-02
8.821072424325393513e-02 -2.067707056266954169e-02
8.668614767520921305e-02 -2.439486255025258288e-02
9.240292461618082598e-02 -2.552290548192104325e-02
8.649449732183711603e-02 -2.264576320158084854e-02
8.423177275835769251e-02 -1.732799418823560700e-02
8.776617196417646483e-02 -2.138262529479106888e-02
8.417351527168648317e-02 -2.710914154158672318e-02
7.864541543676750734e-02 -2.787918588001048192e-02
8.306473989068763331e-02 -3.290363857377087697e-02
8.071996999933617190e-02 -2.739121289778267965e-02
8.798012539773480967e-02 -3.293065577599918470e-02
8.952927863720105961e-02 -2.940634535480057821e-02
8.562931809137808159e-02 -3.245768220949685201e-02
8.742690826329635456e-02 -2.864133044931804761e-02
8.794583584676729515e-02 -2.355247773084556684e-02
