7.990461706977869394e-02 1.012696708575970550e-02
9.573805145919322968e-03 -9.142109192907810211e-03
1.944162044674158096e-02 -1.893441937863826752e-02
2.936942968517541885e-02 -2.854634076356887817e-02
3.910080064088106155e-02 -3.742988780140876770e-02
4.732422437518835068e-02 -4.627833608537912369e-02
5.712759122252464294e-02 -5.288496054708957672e-02
6.100725498981773853e-02 -5.121989885810762644e-02
6.910232570953667164e-02 -5.197616375517100096e-02
7.729269773699343204e-02 -4.487297579180449247e-02
8.501054043881595135e-02 -4.974926763679832220e-02
7.861877116374671459e-02 -5.345601018052548170e-02
8.539503696374595165e-02 -4.927204910200089216e-02
8.982042525894939899e-02 -4.585224704351276159e-02
8.717552991583943367e-02 -4.237903549801558256e-02
8.818234060890972614e-02 -4.394505335949361324e-02
8.806384300260106102e-02 -3.936730115674436092e-02
8.631052953569451347e-02 -4.048587463330477476e-02
8.514648539858171716e-02 -4.409160080831497908e-02
8.312751333141932264e-02 -3.952589712571352720e-02
7.551547306502470747e-02 -4.834288998972624540e-02
8.323199282312998548e-02 -4.014552186708897352e-02
8.090976186940679327e-02 -4.603429872076958418e-02
8.221844145009526983e-02 -5.233287892770022154e-02
9.010840327391633764e-02 -4.507135029416531324e-02
8.219046265730867162e-02 -3.811184072401374578e-02
8.115343485405901447e-02 -4.011901572812348604e-02
7.927387630479643121e-02 -4.075573699083179235e-02
7.942327057389775291e-02 -4.688351589720696211e-02
8.288839241868117824e-02 -3.997632476966828108e-02
8.392699380783597007e-02 -4.747375089209526777e-02
8.985969183413544670e-02 -4.633964027743786573e-02
8.751156755170086399e-02 -4.900825337972491980e-02
8.511961522890487686e-02 -4.790586908347904682e-02
8.088261579541722313e-02 -4.034871305339038372e-02
8.379499885631958023e-02 -4.138677439186722040e-02
8.786522356240311638e-02 -5.009050259832292795e-02
8.045406585006276146e-02 -5.549091810826212168e-02
7.890785582276294008e-02 -5.247321596834808588e-02
7.463219579221913591e-02 -5.283718515420332551e-02
7.875735456036636606e-02 -5.236400058493018150e-02
8.477565463545033708e-02 -5.666171340271830559e-02
8.509277756820665672e-02 -5.714787091710604727e-02
8.205504710349487141e-02 -5.211056317784823477e-02
8.578363218839513138e-02 -4.768807967775501311e-02
8.987652342329965904e-02 -4.961300388094969094e-02
8.665639319951878861e-02 -4.728928118129260838e-02
8.855868498358177021e-02 -4.999563310411758721e-02
8.557752421620534733e-02 -4.053686957922764122e-02
8.558820775215281174e-02 -4.726347074029035866e-02
8.133225404162658378e-02 -4.051025284570641816e-02
