-2.859691874273809220e-02 4.582388135752608893e-02
-8.952527306973934174e-03 -8.511249907314777374e-03
-1.822233665734529495e-02 -1.704408600926399231e-02
-2.785310521721839905e-02 -2.646870817989110947e-02
-3.406754788011312485e-02 -3.591279312968254089e-02
-3.742184862494468689e-02 -4.512689448893070221e-02
-4.469376988708972931e-02 -5.450826138257980347e-02
-3.924839943647384644e-02 -5.008232314139604568e-02
-3.904657930252142251e-02 -5.334578640758991241e-02
-3.475030304980464280e-02 -5.104384198784828186e-02
-3.595065828994847834e-02 -5.522617837414145470e-02
-3.629355010343715549e-02 -5.151107232086360455e-02
-4.500275448663160205e-02 -5.022566951811313629e-02
-4.373293236130848527e-02 -5.618678871542215347e-02
-3.821213688934221864e-02 -4.996154969558119774e-02
-4.252689058193936944e-02 -5.282178102061152458e-02
-4.016808682354167104e-02 -5.472581973299384117e-02
-4.367045272374525666e-02 -5.191146722063422203e-02
-4.585675994167104363e-02 -4.988238681107759476e-02
-4.338851250940933824e-02 -5.401627300307154655e-02
-3.874284314224496484e-02 -4.889661073684692383e-02
-4.095458431402221322e-02 -4.215000895783305168e-02
-4.317518934840336442e-02 -4.963202448561787605e-02
-4.317629680269874370e-02 -4.317901143804192543e-02
-4.831469681346334255e-02 -4.476072848774492741e-02
-4.113414947175897396e-02 -4.461678327061235905e-02
-4.177680675172723568e-02 -4.990519233979284763e-02
-4.342080471803910768e-02 -4.814802121836692095e-02
-3.754918003221519029e-02 -4.284223413560539484e-02
-3.898241120157308615e-02 -3.857340442482382059e-02
-4.084941284497745073e-02 -3.733679524157196283e-02
-3.679930098121531046e-02 -4.598362057004123926e-02
-4.313071915646560228e-02 -5.102916306350380182e-02
-4.389625857118062413e-02 -4.405505734030157328e-02
-3.739457926246814168e-02 -4.320360737619921565e-02
-3.517122589516930020e-02 -4.193719470640644431e-02
-4.361295536625675595e-02 -4.333375411806628108e-02
-4.561231377999774850e-02 -4.234064655611291528e-02
-3.903020172845117486e-02 -3.575171815464273095e-02
-4.064771439414016641e-02 -3.398308629402890801e-02
-3.702144184615008271e-02 -4.199178708950057626e-02
-4.514155676122300065e-02 -4.265159618807956576e-02
-3.616986097301833070e-02 -4.334148654015734792e-02
-4.369835741351835168e-02 -4.286058913567103446e-02
-4.033738979603640473e-02 -3.682782562100328505e-02
-4.609056328888527787e-02 -3.820443959557451308e-02
-3.959144837688199914e-02 -3.552034954191185534e-02
-3.935457832528754807e-02 -3.347099517122842371e-02
-4.512588373734160996e-02 -3.969940860406495631e-02
-4.142812845645948983e-02 -4.383856142521835864e-02
-3.971887946943297720e-02 -4.930162933305837214e-02
