-4.853714513052856394e-02 3.743080431162697230e-02
-8.779332973062992096e-03 -9.185878559947013855e-03
-1.809705980122089386e-02 -1.891007553786039352e-02
-2.737861592322587967e-02 -2.540723513811826706e-02
-3.632837906479835510e-02 -2.933257399126887321e-02
-3.657906607259064913e-02 -3.288726741448044777e-02
-4.318213101942092180e-02 -3.668795758858323097e-02
-3.734132426325231791e-02 -3.591778333066031337e-02
-3.688351888558827341e-02 -3.830752888461574912e-02
-3.792001502006314695e-02 -3.183146513765677810e-02
-4.576952950446866453e-02 -2.856343792518600821e-02
-4.459255709662102163e-02 -3.382400091504678130e-02
-5.004586800350807607e-02 -3.933275066083297133e-02
-4.723312015994451940e-02 -3.721616830443963408e-02
-5.494071738212369382e-02 -3.858683904400095344e-02
-4.760948949842713773e-02 -3.778924309881404042e-02
-4.662587455823086202e-02 -3.168769209878519177e-02
-4.270315365283749998e-02 -3.497996885562315583e-02
-4.426320092170499265e-02 -2.893753634998574853e-02
-4.868195307790301740e-02 -2.809597004670649767e-02
-4.253434072597883642e-02 -2.552077046129852533e-02
-4.450511172763071954e-02 -3.194130037445574999e-02
-4.983177207759581506e-02 -3.408479958306998014e-02
-4.821333076688461006e-02 -2.767717174720019102e-02
-5.208820008556358516e-02 -2.463425684254616499e-02
-4.754782604868523777e-02 -3.057546250056475401e-02
-4.958596263895742595e-02 -3.571289952378720045e-02
-4.584923080983571708e-02 -4.243556305300444365e-02
-4.765001402120105922e-02 -4.528983158525079489e-02
-4.625927083543501794e-02 -4.161373793613165617e-02
-5.346205816022120416e-02 -3.780832595657557249e-02
-4.763911137706600130e-02 -3.620484063867479563e-02
-5.585406938917003572e-02 -2.735152060631662607e-02
-4.809842989197932184e-02 -2.717509563080966473e-02
-4.259337237454019487e-02 -2.427710825577378273e-02
-4.902930356911383569e-02 -2.663314458914101124e-02
-5.206036110757850111e-02 -2.610636828467249870e-02
-4.798664859845302999e-02 -3.227513516321778297e-02
-5.201876311912201345e-02 -3.372893948107957840e-02
-5.001170778996311128e-02 -2.838137187063694000e-02
-5.629110601148568094e-02 -3.449056483805179596e-02
-4.840362616232596338e-02 -3.167898999527096748e-02
-5.177499525598250329e-02 -3.306938929017633200e-02
-5.058998821186833084e-02 -3.508581861387938261e-02
-5.140735444729216397e-02 -3.779851167928427458e-02
-5.472200739313848317e-02 -4.026063589844852686e-02
-5.435860980651341379e-02 -3.683688666205853224e-02
-5.715610118932090700e-02 -3.179320355411618948e-02
-5.700276585412211716e-02 -3.770075167994946241e-02
-6.025061223772354424e-02 -4.024221387226134539e-02
-5.330782782402820885e-02 -3.346542094368487597e-02
