-8.819863239889802475e-02 -2.872500140957426340e-03
-9.379704482853412628e-03 -9.402394294738769531e-03
-1.733472291380167007e-02 -1.928030233830213547e-02
-2.714464068412780762e-02 -2.871851716190576553e-02
-3.709877282381057739e-02 -3.856414183974266052e-02
-4.663496464490890503e-02 -4.769428726285696030e-02
-5.483345966786146164e-02 -5.355451209470629692e-02
-6.295285467058420181e-02 -5.834486056119203568e-02
-6.202609784668311477e-02 -5.955101770814508200e-02
-5.707955261459574103e-02 -6.333940185140818357e-02
-6.511297164252027869e-02 -7.086858933325856924e-02
-5.819702561711892486e-02 -6.813184323254972696e-02
-6.084207695676013827e-02 -7.309100136626511812e-02
-5.721228168113157153e-02 -6.597539654467254877e-02
-6.124282971723005176e-02 -6.653560628183186054e-02
-6.319010263541713357e-02 -6.609339584247209132e-02
-6.363501673331484199e-02 -5.873594889999367297e-02
-6.503310444531962276e-02 -5.517753973254002631e-02
-6.001083616865798831e-02 -5.063433307805098593e-02
-5.187767528695985675e-02 -5.848423964926041663e-02
-5.865615484071895480e-02 -6.236754186102189124e-02
-6.458510755328461528e-02 -6.398692136281169951e-02
-6.313215143745765090e-02 -5.877693431102670729e-02
-5.849315546220168471e-02 -6.703227260732091963e-02
-6.471379235154017806e-02 -6.361853834823705256e-02
-6.911472365027293563e-02 -5.905340416938997805e-02
-6.559642724459990859e-02 -5.446930174366571009e-02
-6.348572083516046405e-02 -5.926008560345508158e-02
-7.092860172269865870e-02 -5.403897762880660594e-02
-6.850412691710516810e-02 -5.567001822055317461e-02
-7.003262900980189443e-02 -6.290720068500377238e-02
-6.480289605678990483e-02 -6.729958011419512331e-02
-6.161348969908431172e-02 -6.627048450172878802e-02
-6.021589197916910052e-02 -6.659117716480977833e-02
-6.361492484575137496e-02 -6.089337359298951924e-02
-6.008001061854884028e-02 -5.966882247594185174e-02
-6.433243880746886134e-02 -6.610998910036869347e-02
-6.546320678899064660e-02 -6.152142331120558083e-02
-5.973022483522072434e-02 -6.442879585665650666e-02
-5.498979479307308793e-02 -5.885045908507890999e-02
-5.130042351083829999e-02 -5.995736739714629948e-02
-5.286100535886362195e-02 -6.766653855447657406e-02
-5.468748597195371985e-02 -6.571263147634454072e-02
-5.756520776776596904e-02 -6.633775305817835033e-02
-5.812380462884902954e-02 -6.811197227216325700e-02
-6.019529956392943859e-02 -6.650314640137366951e-02
-6.388081191107630730e-02 -6.233010135474614799e-02
-6.575428892392665148e-02 -6.134790866053663194e-02
-6.152812310028821230e-02 -5.564790716744028032e-02
-6.087935518007725477e-02 -6.059715602896176279e-02
-6.349322025198489428e-02 -5.945885155233554542e-02
