-9.944284276821897806e-02 -6.054139564646345006e-02
-9.952940978109836578e-03 -9.753208607435226440e-03
-1.741726370528340340e-02 -1.891958154737949371e-02
-2.731617679819464684e-02 -2.864695526659488678e-02
-3.655158216133713722e-02 -3.838989231735467911e-02
-4.555372660979628563e-02 -4.830375406891107559e-02
-5.226915888488292694e-02 -5.730276461690664291e-02
-5.517858313396573067e-02 -6.624277494847774506e-02
-5.239665322005748749e-02 -7.348453765735030174e-02
-5.538973142392933369e-02 -6.893483409658074379e-02
-5.916094291023910046e-02 -6.584228761494159698e-02
-5.717071890830993652e-02 -7.433010358363389969e-02
-5.872861144598573446e-02 -6.953206798061728477e-02
-5.855748651083558798e-02 -6.615216517820954323e-02
-5.634773976635187864e-02 -7.126717874780297279e-02
-5.714458826696500182e-02 -7.917681196704506874e-02
-6.459660682594403625e-02 -8.103148848749697208e-02
-6.246030138572677970e-02 -8.433821401558816433e-02
-5.778489535441622138e-02 -7.892294856719672680e-02
-6.240410538157448173e-02 -8.613289915956556797e-02
-6.193231316865421832e-02 -8.069271058775484562e-02
-5.769586554379202425e-02 -7.526166294701397419e-02
-5.059987065033055842e-02 -7.441045617451891303e-02
-5.826392667950130999e-02 -7.777152390917763114e-02
-5.630353945889510214e-02 -7.343051530187949538e-02
-5.913937572040595114e-02 -7.067153317620977759e-02
-5.430679689743556082e-02 -7.312598096905276179e-02
-5.568097953801043332e-02 -7.980520854471251369e-02
-5.505756262573413551e-02 -7.802213804097846150e-02
-6.311505168559961021e-02 -7.077066350029781461e-02
-5.952121361042372882e-02 -7.627117569791153073e-02
-5.682745084050111473e-02 -6.964295340003445745e-02
-5.868493960588239133e-02 -6.625790317775681615e-02
-6.062431141617707908e-02 -6.859738851198926568e-02
-6.361729066702537239e-02 -6.943959498312324286e-02
-6.759412700193934143e-02 -7.693629327695816755e-02
-5.982918079826049507e-02 -7.547894062008708715e-02
-5.498024422558955848e-02 -8.234494912903755903e-02
-5.770484401728026569e-02 -7.584655180107802153e-02
-5.966617350350134075e-02 -7.490704196970909834e-02
-6.637718525598756969e-02 -7.089862262364476919e-02
-6.023890848155133426e-02 -7.450622098986059427e-02
-6.177153284079395235e-02 -7.479098814656026661e-02
-6.147469813004136086e-02 -7.549077525618486106e-02
-6.555383000522851944e-02 -7.162396327476017177e-02
-6.223711534403264523e-02 -7.226089134928770363e-02
-5.779326497577130795e-02 -8.137035861727781594e-02
-6.095317541621625423e-02 -7.798921017092652619e-02
-5.217123939655721188e-02 -8.551811406505294144e-02
-5.915842880494892597e-02 -8.259193020057864487e-02
-6.423582159914076328e-02 -8.655934807029552758e-02
