-8.702709847295221623e-02 -9.925732566206857399e-02
-6.880866829305887222e-03 -9.953011758625507355e-03
-1.563097303733229637e-02 -1.980406884104013443e-02
-2.131273690611124039e-02 -2.925466559827327728e-02
-1.923290081322193146e-02 -3.883524145931005478e-02
-2.760654408484697342e-02 -4.861185699701309204e-02
-3.247133502736687660e-02 -5.844137072563171387e-02
-2.624372020363807678e-02 -6.799786351621150970e-02
-2.763170795515179634e-02 -7.665249798446893692e-02
-1.992824766784906387e-02 -8.557351678609848022e-02
-1.521000498905777931e-02 -9.327100589871406555e-02
-1.764524099417030811e-02 -9.813157701864838600e-02
-2.151557197794318199e-02 -1.073819515295326710e-01
-1.881068712100386620e-02 -1.001518820412456989e-01
-1.996418356429785490e-02 -9.525385359302163124e-02
-2.650797448586672544e-02 -1.023890371434390545e-01
-1.930404023732990026e-02 -1.060751539189368486e-01
-2.139803173486143351e-02 -1.086526433937251568e-01
-2.621198643464595079e-02 -1.107378141023218632e-01
-2.527852047933265567e-02 -1.109008846542565152e-01
-2.255254023475572467e-02 -1.031618534325389192e-01
-2.118385554058477283e-02 -1.001330781000433490e-01
-2.605995180783793330e-02 -1.059549133497057483e-01
-3.182334889424964786e-02 -1.029437095130560920e-01
-3.067425958579406142e-02 -1.087228021788178012e-01
-3.438989626010879874e-02 -1.054177497717319056e-01
-2.942534670000895858e-02 -1.088604234828380868e-01
-2.367493970086798072e-02 -1.061352360266027972e-01
-2.596224815351888537e-02 -1.073727511538891122e-01
-2.443011320428922772e-02 -1.009918215422658250e-01
-2.998940070392563939e-02 -1.063696720375446603e-01
-2.459327067481353879e-02 -1.009665566234616563e-01
-2.152784314239397645e-02 -1.073133909812895581e-01
-2.744041156256571412e-02 -1.018809547385899350e-01
-3.601117205107584596e-02 -1.066683555691270158e-01
-3.706229937961325049e-02 -1.081842804996995255e-01
-2.855536056449636817e-02 -1.087491364305606112e-01
-3.072359639918431640e-02 -1.063582164788385853e-01
-2.618447405984625220e-02 -1.011809593619545922e-01
-2.807636657962575555e-02 -9.776875317038502544e-02
-2.492907695705071092e-02 -1.065488116437336430e-01
-1.919479068601503968e-02 -1.014516035647829995e-01
-1.327901199692860246e-02 -1.084853060165187344e-01
-1.358034447184763849e-02 -1.097686738794436678e-01
-1.242931917659007013e-02 -1.070087655534734949e-01
-1.506477067596279085e-02 -1.031744751235237345e-01
-1.162610840401612222e-02 -1.066028304485371336e-01
-1.618085507652722299e-02 -1.155338414100697264e-01
-1.722591402358375490e-02 -1.192858858121326193e-01
-1.692786577041260898e-02 -1.138506840070476755e-01
-1.791061341646127403e-02 -1.133501218137098476e-01
