5.276700780397333701e-02 -1.349449403285176152e-01
9.469615295529365540e-03 -9.977579116821289062e-03
1.542036654427647591e-02 -1.997619587928056717e-02
2.399950334802269936e-02 -2.991859428584575653e-02
3.278442239388823509e-02 -3.990479651838541031e-02
3.520564292557537556e-02 -4.988144244998693466e-02
3.142549726180732250e-02 -5.985928699374198914e-02
3.186142892809584737e-02 -6.976793613284826279e-02
3.035910701146349311e-02 -7.940082903951406479e-02
3.620880929520353675e-02 -8.903327770531177521e-02
3.419251291779801250e-02 -9.582528471946716309e-02
2.933640050468966365e-02 -1.023063678294420242e-01
3.542278817621991038e-02 -1.080170143395662308e-01
2.890149800805374980e-02 -1.098788183880969882e-01
3.102589579066261649e-02 -1.090397972147911787e-01
3.739107347792014480e-02 -1.037771601695567369e-01
3.785772182163782418e-02 -1.061723805032670498e-01
4.051287498441524804e-02 -1.061530769438832067e-01
4.729808520642109215e-02 -1.095201861680834554e-01
4.478723069769330323e-02 -1.130831783739267848e-01
4.085505686816759408e-02 -1.157550590214668773e-01
3.362821068731136620e-02 -1.065119842169224285e-01
2.684486730140633881e-02 -1.029788665109663270e-01
2.757623771321959794e-02 -1.064335086484788917e-01
2.740929226274602115e-02 -1.069625314776203595e-01
2.256685352767817676e-02 -1.057092616320005618e-01
2.337723705568350852e-02 -1.034521196488640271e-01
2.207980133243836462e-02 -1.044370864037773572e-01
1.563674039789475501e-02 -1.061758563373587094e-01
1.266887263045646250e-02 -1.097460111122927628e-01
7.457365194568410516e-03 -1.131416197385988198e-01
1.166925244615413249e-02 -1.130137498912517913e-01
1.571794776828028262e-02 -1.117105944504146464e-01
2.298183311359025538e-02 -1.039678058077697642e-01
2.328691829461604357e-02 -1.055903497108374722e-01
2.367154110106639564e-02 -1.085130650972132571e-01
3.061527220415882766e-02 -1.070075209208880551e-01
2.425844475510530174e-02 -1.155586798631702550e-01
2.626382626476697624e-02 -1.091946896121953614e-01
2.346934235538356006e-02 -1.115668280472164042e-01
3.089461239869706333e-02 -1.087516077750478871e-01
2.527500732685439289e-02 -1.101151593684335239e-01
2.606317025492899120e-02 -1.152260541639407165e-01
3.003343424643389881e-02 -1.197788878998835571e-01
3.582605902920477092e-02 -1.179440054766018875e-01
3.206844764645211399e-02 -1.137344311646302231e-01
2.873016681405715644e-02 -1.100244401677628048e-01
3.191051559406332672e-02 -1.030804943948169239e-01
3.753068411606363952e-02 -1.015240252672811039e-01
3.064725428703241050e-02 -9.974819311901228502e-02
3.305228261160664260e-02 -9.798937926098005846e-02
