9.771740515600824128e-02 -7.124402809206709097e-02
9.715997613966464996e-03 -9.976536035537719727e-03
1.928800996392965317e-02 -1.996552478522062302e-02
2.892912551760673523e-02 -2.955950051546096802e-02
3.720780555158853531e-02 -3.954014275223016739e-02
4.251562524586915970e-02 -4.949664510786533356e-02
5.193339474499225616e-02 -5.946886818856000900e-02
5.657923826947808266e-02 -6.919118203222751617e-02
5.509306082967668772e-02 -7.880640029907226562e-02
5.482014667359180748e-02 -8.541288645938038826e-02
5.761312021058984101e-02 -9.489745507016777992e-02
5.902460942161269486e-02 -1.018202258273959160e-01
5.710042783175595105e-02 -1.010106707690283656e-01
5.667070575873367488e-02 -1.002758575486950576e-01
5.377718407544307411e-02 -1.014404761954210699e-01
5.312753279577009380e-02 -1.015957302006427199e-01
4.754748565028421581e-02 -1.019049865135457367e-01
4.758289557867101394e-02 -1.052872579020913690e-01
4.687360391471884213e-02 -1.144145190191920847e-01
5.471602730904123746e-02 -1.103292143379803747e-01
5.364126499262056313e-02 -1.110722726734820753e-01
5.679009851519367658e-02 -1.089832539728377014e-01
5.758900337605155073e-02 -1.093167014187201858e-01
6.402748732580221258e-02 -1.077943607233464718e-01
5.943561301319277845e-02 -1.032400676049292088e-01
5.571750158196664415e-02 -1.048070557881146669e-01
5.772451756274676882e-02 -1.007123135495930910e-01
6.156202897182083689e-02 -1.036643772386014462e-01
5.697650860747671686e-02 -9.866093937307596207e-02
5.488840306861675344e-02 -9.474311536177992821e-02
5.885175431831157766e-02 -9.821404982358217239e-02
6.659421047879732214e-02 -9.926646691747009754e-02
6.830203850040561520e-02 -9.860586508875712752e-02
7.062280844183987938e-02 -9.419160842662677169e-02
6.733527444521314465e-02 -8.868136903038248420e-02
6.587155130910105072e-02 -9.530400618677958846e-02
7.037044284152216278e-02 -1.009349696687422693e-01
6.406584396245307289e-02 -9.577104769414290786e-02
6.804631478371447884e-02 -8.849131822353228927e-02
6.427098219501203857e-02 -9.429778571939095855e-02
6.019616327466792427e-02 -9.525141649646684527e-02
6.346270269932574593e-02 -1.009954183246009052e-01
6.692674467558390461e-02 -9.781045367708429694e-02
6.412138710948056541e-02 -9.899948287056759000e-02
5.798466052146977745e-02 -1.002774970256723464e-01
6.221584850209183060e-02 -9.582004469120875001e-02
6.196836524395621382e-02 -8.982559392461553216e-02
5.652599644599831663e-02 -9.415150951826944947e-02
6.277953463359153830e-02 -9.610399970551952720e-02
6.525694208903587423e-02 -1.016996795660816133e-01
6.438529988736263476e-02 -9.963896701810881495e-02
