9.999714990570560125e-02 -5.075499055347885979e-02
9.816116653382778168e-03 -9.951937943696975708e-03
1.959658507257699966e-02 -1.981354970484972000e-02
2.933903224766254425e-02 -2.977559529244899750e-02
3.921933192759752274e-02 -3.915289323776960373e-02
4.837461747229099274e-02 -4.880858398973941803e-02
5.711919814348220825e-02 -5.085739935748279095e-02
6.529361288994550705e-02 -5.762304808013141155e-02
7.098317192867398262e-02 -5.503897578455507755e-02
7.343491585925221443e-02 -5.590040772221982479e-02
8.157637761905789375e-02 -5.446359131019562483e-02
8.363507431931793690e-02 -5.172711343038827181e-02
9.024723176844418049e-02 -4.364741046447306871e-02
9.475950966589152813e-02 -4.021195613313466311e-02
9.013879555277526379e-02 -4.365147312637418509e-02
9.094753401586785913e-02 -4.595109366346150637e-02
8.671356184640899301e-02 -4.416380787733942270e-02
8.493017655564472079e-02 -5.068101419601589441e-02
8.131070475792512298e-02 -4.412474075797945261e-02
8.109366755525115877e-02 -5.147822631988674402e-02
8.621612146089319140e-02 -5.343368591275066137e-02
8.397331136802677065e-02 -5.497877777088433504e-02
9.017022979969624430e-02 -4.753538558725267649e-02
9.600150726328138262e-02 -4.534575308207422495e-02
1.037773406278574839e-01 -4.300112824421375990e-02
9.493395128811243922e-02 -3.516721806954592466e-02
9.008410853857640177e-02 -3.440757119096815586e-02
9.449979804048780352e-02 -2.913274266757071018e-02
9.783211840840522200e-02 -3.366413456387817860e-02
9.526471399294678122e-02 -2.774551766924560070e-02
8.976624930801335722e-02 -3.503676527179777622e-02
8.636666160600725561e-02 -3.544030897319316864e-02
8.968706826271954924e-02 -4.393939487636089325e-02
8.968032340135323466e-02 -3.989048488438129425e-02
9.226465437177466811e-02 -3.803488856647163630e-02
9.322125647531720460e-02 -3.909428953193128109e-02
9.658592190908166231e-02 -4.240236803889274597e-02
8.994927253888818086e-02 -4.383614344988018274e-02
9.172220315167578519e-02 -3.536323609296232462e-02
9.123931850854205550e-02 -4.366777802351862192e-02
8.705127497751163901e-02 -4.055066022556275129e-02
8.944667482364820899e-02 -4.280536563601344824e-02
8.237787222105907858e-02 -3.840630443301051855e-02
9.023655278224396170e-02 -3.714854747522622347e-02
8.330558359239148558e-02 -4.254907940048724413e-02
9.130022421095418395e-02 -4.634707898367196321e-02
8.834610951680588187e-02 -4.430591210257261992e-02
9.166472687002169550e-02 -3.993597615044564009e-02
9.338425172109054984e-02 -4.712980322074145079e-02
9.603478435974466265e-02 -5.036418966483324766e-02
9.936316243920373381e-02 -4.288990318309515715e-02
