9.236372809044193777e-02 -1.167322433030781176e-02
9.895277209579944611e-03 -9.854768402874469757e-03
1.925007067620754242e-02 -1.908550783991813660e-02
2.895597834140062332e-02 -2.892144676297903061e-02
3.841280657798051834e-02 -3.220839379355311394e-02
4.701601807028055191e-02 -3.949861647561192513e-02
5.671568680554628372e-02 -3.566983481869101524e-02
6.587236747145652771e-02 -3.331947582773864269e-02
7.465791702270507812e-02 -3.498394263442605734e-02
7.343714719172567129e-02 -3.778785711620002985e-02
7.707081444095820189e-02 -3.207653772551566362e-02
7.840869191568344831e-02 -2.961657790001481771e-02
7.977133512031286955e-02 -2.502737322356551886e-02
8.076382160652428865e-02 -2.769051829818636179e-02
7.762421981897205114e-02 -2.330443647224456072e-02
8.039034612011164427e-02 -2.282912400551140308e-02
8.085143929929472506e-02 -2.898380882106721401e-02
7.403047234402038157e-02 -2.579720388166606426e-02
8.315007612691260874e-02 -2.628918120171874762e-02
8.663824587711133063e-02 -2.964474621694535017e-02
9.148934870609082282e-02 -2.989632668322883546e-02
8.438083218061365187e-02 -2.592271039611659944e-02
8.927622219198383391e-02 -2.334183160564862192e-02
8.974052208941429853e-02 -1.964707448496483266e-02
8.659598615486174822e-02 -2.177407391718588769e-02
8.173783693928271532e-02 -2.440369254327379167e-02
8.829343935940414667e-02 -2.887933034799061716e-02
9.280105505604296923e-02 -3.020269711851142347e-02
8.929060201626271009e-02 -2.658179620630107820e-02
8.323664020281285048e-02 -2.306911823689006269e-02
8.420739480061456561e-02 -2.547794985002838075e-02
8.508283679839223623e-02 -2.469293880858458579e-02
9.258086502086371183e-02 -2.184049427160061896e-02
8.908181253354996443e-02 -1.758636921294964850e-02
8.853965706657618284e-02 -1.900427849614061415e-02
8.987620298285037279e-02 -2.284161225543357432e-02
9.273496677633374929e-02 -2.093069572583772242e-02
9.185362927382811904e-02 -2.369329394423402846e-02
8.528490917524322867e-02 -2.436842324095778167e-02
8.391092676902189851e-02 -1.872073786216787994e-02
8.929299475857988000e-02 -1.788734216825105250e-02
8.878406649455428123e-02 -2.250016518519259989e-02
8.512070914730429649e-02 -2.911190027953125536e-02
8.100421912968158722e-02 -2.980530491913668811e-02
8.682082034647464752e-02 -2.434687034110538661e-02
8.757147408323362470e-02 -2.591368564753793180e-02
8.588999783387407660e-02 -2.436979310004971921e-02
8.801370061701163650e-02 -1.962786083458922803e-02
8.543541765538975596e-02 -2.723162350594066083e-02
8.704113337444141507e-02 -2.926493631093762815e-02
8.493599999928846955e-02 -2.439932720153592527e-02
