9.287905788793913986e-02 -1.293950073395055272e-02
6.808021105825901031e-03 -9.320388548076152802e-03
1.639071013778448105e-02 -1.866872794926166534e-02
2.634815126657485962e-02 -1.981540746055543423e-02
3.418039437383413315e-02 -2.933465479873120785e-02
4.363327380269765854e-02 -3.697867481969296932e-02
5.273230094462633133e-02 -3.451675758697092533e-02
6.240520440042018890e-02 -3.992849937640130520e-02
6.843312224373221397e-02 -4.026644100667908788e-02
7.648533722385764122e-02 -3.348168014781549573e-02
7.926887413486838341e-02 -3.906366770388558507e-02
7.853552361484616995e-02 -3.613276436226442456e-02
7.326218334492295980e-02 -3.157562931301072240e-02
7.939132384490221739e-02 -3.824972111033275723e-02
8.004987647291272879e-02 -3.249241580488160253e-02
8.697686099912971258e-02 -3.009279357502236962e-02
8.314163365866988897e-02 -3.046480641933158040e-02
9.045922185759991407e-02 -3.119254752527922392e-02
9.249238402117043734e-02 -2.383174130227416754e-02
9.712666517589241266e-02 -2.910778799559921026e-02
9.598418418318033218e-02 -2.483775175642222166e-02
9.472089889459311962e-02 -2.573430811753496528e-02
8.696215157397091389e-02 -3.379554668208584189e-02
8.696179633028577882e-02 -2.865370450308546424e-02
8.259820966981124002e-02 -3.273092297604307532e-02
8.164410799275856334e-02 -3.198443917790427804e-02
8.638106559868674594e-02 -3.980434784898534417e-02
8.740715362131368238e-02 -4.065826482838019729e-02
8.871901483274768907e-02 -3.381609771167859435e-02
9.261510340496670324e-02 -2.919018868124112487e-02
8.693066896870504934e-02 -2.582369459560140967e-02
9.210859337821375448e-02 -3.021595621248707175e-02
9.094757301267009098e-02 -3.399753052508458495e-02
8.541451621334772426e-02 -2.952654700493440032e-02
8.426971063948940355e-02 -2.976943056273739785e-02
7.974022283218573648e-02 -3.533194788906257600e-02
8.502840884960960466e-02 -3.961221098143141717e-02
7.943125982768606264e-02 -4.063055098231416196e-02
8.104100724216323215e-02 -4.440358087595086545e-02
7.931321166455518323e-02 -3.671551395382266492e-02
8.030274294782202560e-02 -3.604940940567757934e-02
8.448807726148288566e-02 -2.870669086405541748e-02
8.933630230370681602e-02 -2.416227674984838814e-02
9.747897571418207008e-02 -2.495850475679617375e-02
9.495200583245377857e-02 -2.875519536610227078e-02
9.164801257196586448e-02 -2.517325074586551636e-02
9.362115984316687900e-02 -3.021412498492281884e-02
8.885461085941415149e-02 -2.786298764112871140e-02
9.187716239597421009e-02 -3.313311391684692353e-02
9.591108787338953334e-02 -3.379568031232338399e-02
9.312012669164460021e-02 -3.413513531268108636e-02
