3.932218963549707902e-02 4.194436036141645230e-02
9.510499425232410431e-03 -9.982449002563953400e-03
1.822840794920921326e-02 -1.995887886732816696e-02
2.812453079968690872e-02 -2.984680514782667160e-02
3.786308318376541138e-02 -3.847867064177989960e-02
4.764058254659175873e-02 -4.097495414316654205e-02
5.477062007412314415e-02 -3.496326552703976631e-02
6.272129295393824577e-02 -4.339633183553814888e-02
7.252167211845517159e-02 -3.632411919534206390e-02
7.429903489537537098e-02 -4.024156183004379272e-02
8.116489392705261707e-02 -3.600711701437830925e-02
7.484230236150324345e-02 -3.846349241212010384e-02
7.770843943580985069e-02 -4.605765454471111298e-02
7.776320179982576519e-02 -4.262021649628877640e-02
7.511198254360351712e-02 -3.502360964193940163e-02
7.860345080553088337e-02 -3.713508206419646740e-02
7.241668053029570729e-02 -3.696330863749608397e-02
7.786955790652427822e-02 -3.253699507331475616e-02
7.896552876627538353e-02 -3.900699730729684234e-02
7.640219050517771393e-02 -3.244012960931286216e-02
7.716059523227158934e-02 -3.107112663565203547e-02
7.490313310700003058e-02 -3.773642721353098750e-02
8.014422912674490362e-02 -2.862223814008757472e-02
8.060047526669222862e-02 -2.876435586949810386e-02
8.008754633192438632e-02 -2.452255313983187079e-02
8.181234852236229926e-02 -2.215259632794186473e-02
7.701355296012479812e-02 -2.958789671538397670e-02
8.087477514345664531e-02 -3.582091879798099399e-02
7.519032161508221179e-02 -4.154280730290338397e-02
8.128181107167620212e-02 -4.407910531153902411e-02
8.136197454587090760e-02 -4.063143435632809997e-02
8.614109265909064561e-02 -4.666601627832278609e-02
9.126244061917532235e-02 -4.191053746035322547e-02
8.387787821993697435e-02 -3.969366796081885695e-02
7.593282214656937867e-02 -3.940451034577563405e-02
7.464290021744091064e-02 -4.523669957416132092e-02
6.885711041104514152e-02 -4.614675161428749561e-02
6.487357181322295219e-02 -4.773952125106006861e-02
7.050820237782318145e-02 -4.131569771561771631e-02
7.706769353535491973e-02 -3.558363125193864107e-02
8.239923587825614959e-02 -3.836977633181959391e-02
8.605708817776758224e-02 -3.994890896137803793e-02
8.315693850454408675e-02 -4.600632924120873213e-02
8.364399905258323997e-02 -5.185819172766059637e-02
8.303869956580456346e-02 -4.504465858917683363e-02
7.799788772535976022e-02 -3.878282371442764997e-02
7.612384260573890060e-02 -4.522065992932766676e-02
7.272262532205786556e-02 -3.997576830442994833e-02
7.434441764780785888e-02 -4.296835896093398333e-02
7.597146111947949976e-02 -3.824369201902300119e-02
7.863125645963009447e-02 -3.321572544518858194e-02
