2.020769261967707286e-02 4.793696523268754783e-02
9.579603560268878937e-03 -9.802969172596931458e-03
1.925131492316722870e-02 -1.513858977705240250e-02
2.923199534416198730e-02 -2.265006769448518753e-02
3.665263997390866280e-02 -1.773959165439009666e-02
4.650818882510066032e-02 -2.374676801264286041e-02
4.753410152625292540e-02 -2.745713386684656143e-02
5.641178681980818510e-02 -2.729558502323925495e-02
6.135257787536829710e-02 -2.854104549624025822e-02
6.622642313595861197e-02 -3.518620575778186321e-02
6.852609652560204268e-02 -2.860569325275719166e-02
7.115988258738070726e-02 -3.235513158142566681e-02
7.697312592063099146e-02 -2.554309926927089691e-02
7.555633364245295525e-02 -2.706350944936275482e-02
7.097118208184838295e-02 -2.571853657718747854e-02
6.869959551841020584e-02 -2.626491029513999820e-02
6.760090787429362535e-02 -3.288349619833752513e-02
6.960549915675073862e-02 -2.967659820569679141e-02
7.214425888378173113e-02 -3.236601100070402026e-02
6.629317125771194696e-02 -2.579934120876714587e-02
6.923210446257144213e-02 -2.487381582614034414e-02
7.414396444801241159e-02 -2.417305595008656383e-02
6.991545727942138910e-02 -2.042523765703663230e-02
6.692434370052069426e-02 -1.885830430546775460e-02
7.333839440252631903e-02 -2.478415524819865823e-02
6.693427299614995718e-02 -2.213883568765595555e-02
6.434508354868739843e-02 -1.575622271047905087e-02
7.004596374463289976e-02 -2.026476926403120160e-02
6.443538505118340254e-02 -2.398565347539260983e-02
6.004371854942291975e-02 -2.536469750339165330e-02
5.715919833164662123e-02 -2.327386784600093961e-02
6.021772127132862806e-02 -2.002775837900117040e-02
6.744615163188427687e-02 -2.087244560243561864e-02
5.988002324011176825e-02 -2.413314377190545201e-02
6.633272196631878614e-02 -2.262145205168053508e-02
6.290518736932426691e-02 -2.205803559627383947e-02
6.771556811872869730e-02 -3.065464494284242392e-02
6.989463174249976873e-02 -2.950454002711921930e-02
6.482797756325453520e-02 -2.146435307804495096e-02
6.793175835628062487e-02 -1.508889731485396624e-02
7.282845641020685434e-02 -1.660174597054719925e-02
7.212770014302805066e-02 -2.070907549932599068e-02
7.335967331891879439e-02 -2.031212885049171746e-02
7.731931837042793632e-02 -2.676755309221334755e-02
7.536863844143226743e-02 -2.394298210856504738e-02
7.104885886656120420e-02 -2.465853522880934179e-02
6.540563172893598676e-02 -1.834503476857207716e-02
6.468163500539958477e-02 -1.269071790738962591e-02
7.063434016890823841e-02 -1.065842490061186254e-02
7.374263531528413296e-02 -4.359793470939621329e-03
7.231915427837520838e-02 -1.039123078226111829e-02
