-2.077232836546011666e-02 4.781876289484293663e-02
9.181444533169269562e-03 -9.973638691008090973e-03
1.905461959540843964e-02 -1.983769517391920090e-02
2.892119996249675751e-02 -2.975840959697961807e-02
3.493350604549050331e-02 -3.960909042507410049e-02
3.896893467754125595e-02 -4.947766754776239395e-02
4.177104192785918713e-02 -5.884680245071649551e-02
4.714131797663867474e-02 -6.876081787049770355e-02
4.483334510587155819e-02 -7.298583397641777992e-02
4.793927865102887154e-02 -8.057672716677188873e-02
5.190326273441314697e-02 -8.663514675572514534e-02
5.253978073596954346e-02 -8.113639894872903824e-02
5.011868057772517204e-02 -8.566585602238774300e-02
5.249084765091538429e-02 -8.270590379834175110e-02
5.312826210865750909e-02 -8.170706231612712145e-02
4.771574732149019837e-02 -7.400626654271036386e-02
4.582091449992731214e-02 -6.625188107136636972e-02
4.753895272733643651e-02 -7.529288588557392359e-02
4.380772361764684319e-02 -7.512100636085961014e-02
4.299491120036691427e-02 -8.165345936140511185e-02
4.333368252264335752e-02 -8.511124634242150933e-02
4.372891734237782657e-02 -7.696875733381602913e-02
5.218034281278960407e-02 -7.934088505862746388e-02
5.940958249266259372e-02 -8.493788693158421665e-02
5.392607345129363239e-02 -8.740893997310195118e-02
5.543258317629806697e-02 -8.994541679567191750e-02
5.626314287655986845e-02 -8.881921089778188616e-02
5.357219293364323676e-02 -8.148979350517038256e-02
6.006421628990210593e-02 -8.367279266531113535e-02
6.069271508022211492e-02 -8.072791319864336401e-02
5.690889069228433073e-02 -7.296200493874493986e-02
5.200904709636233747e-02 -7.891298715549055487e-02
5.646133524714969099e-02 -8.524097573535982519e-02
6.256976685835979879e-02 -7.899489651026669890e-02
6.649580327211879194e-02 -7.634183416666928679e-02
6.726767742657102644e-02 -8.135292238148394972e-02
6.149546909728087485e-02 -7.764683432469610125e-02
5.978374418918974698e-02 -7.759009427900309674e-02
5.577955444459803402e-02 -6.962437495167250745e-02
6.200532618095166981e-02 -7.377994745547766797e-02
6.335365111590363085e-02 -8.014948745767469518e-02
5.637037605629302561e-02 -8.362142448822851293e-02
5.481750695616938174e-02 -8.798155920158023946e-02
4.941397570655681193e-02 -9.429993094454403035e-02
5.363696013228036463e-02 -9.561081287029082887e-02
5.154991793096996844e-02 -9.676865754227037542e-02
5.424568327725864947e-02 -9.107662630776758306e-02
5.270322659634985030e-02 -8.747720076280529611e-02
4.591622776933945715e-02 -8.829222454733098857e-02
5.137895295047201216e-02 -8.169256125620449893e-02
4.894290413358248770e-02 -8.855921936265076511e-02
