-9.841873600397521571e-02 -3.228694257391363787e-02
-8.707728236913681030e-03 -9.284288622438907623e-03
-1.688384171575307846e-02 -1.838928554207086563e-02
-2.538986690342426300e-02 -2.828617393970489502e-02
-3.028582083061337471e-02 -3.795612975955009460e-02
-3.192706801928579807e-02 -4.731633421033620834e-02
-3.297471022233366966e-02 -5.617887433618307114e-02
-3.829853329807519913e-02 -6.533030234277248383e-02
-4.085814510472118855e-02 -7.487106323242187500e-02
-4.136233840836212039e-02 -8.441244065761566162e-02
-4.528150957776233554e-02 -8.870205143466591835e-02
-3.768113086698576808e-02 -9.588336898013949394e-02
-4.631652327952906489e-02 -1.004661507904529572e-01
-4.808020201744511724e-02 -1.042782503645867109e-01
-4.498262732522562146e-02 -1.027516049798578024e-01
-4.639571212464943528e-02 -1.056299626361578703e-01
-4.862057167338207364e-02 -9.689410845749080181e-02
-5.054090457269921899e-02 -9.973635524511337280e-02
-4.778235271805897355e-02 -9.872607805300503969e-02
-5.145274993265047669e-02 -9.613499382976442575e-02
-5.619935604045167565e-02 -9.196742263156920671e-02
-4.971656441921368241e-02 -8.699497778434306383e-02
-5.029241082957014441e-02 -9.376703260932117701e-02
-4.197989677777513862e-02 -9.432610805379226804e-02
-4.424053750699386001e-02 -9.893220459343865514e-02
-4.265414323890581727e-02 -1.044414064963348210e-01
-4.559977009193971753e-02 -1.072451116633601487e-01
-4.913134273374453187e-02 -1.067158606019802392e-01
-4.524521046550944448e-02 -9.977471764432266355e-02
-4.295450501376762986e-02 -1.004895108053460717e-01
-4.342705479939468205e-02 -1.019577907864004374e-01
-4.547244778950698674e-02 -1.018363522889558226e-01
-5.196805021842010319e-02 -9.375191075378097594e-02
-4.479235692997463048e-02 -9.627070176065899432e-02
-3.974323443253524601e-02 -9.095600378350354731e-02
-4.848315197159536183e-02 -8.996585864224471152e-02
-4.613384677213616669e-02 -8.363806750276125968e-02
-4.648311447817832232e-02 -9.079253781237639487e-02
-4.203949042130261660e-02 -9.700757698738016188e-02
-3.661105234641581774e-02 -9.337550136842764914e-02
-4.401180904824286699e-02 -9.221734982565976679e-02
-4.491518775466829538e-02 -9.034744245582260191e-02
-3.923834126908332109e-02 -9.134347960934974253e-02
-4.373277502600103617e-02 -9.774612114415504038e-02
-5.056341702584177256e-02 -9.125981983379460871e-02
-4.456173500511795282e-02 -9.177895003813318908e-02
-3.983368829358369112e-02 -9.974636437254957855e-02
-4.044253187021240592e-02 -9.575364246848039329e-02
-4.053995685535483062e-02 -8.848193913581781089e-02
-4.416137395310215652e-02 -8.706220422754995525e-02
-4.052410551230423152e-02 -9.294885161216370761e-02
