-9.995497471689923641e-02 -5.300050484819424090e-02
-8.900774642825126648e-03 -9.927017614245414734e-03
-1.631533727049827576e-02 -1.978053338825702667e-02
-2.533819060772657394e-02 -2.476045256480574608e-02
-3.402979671955108643e-02 -3.218923509120941162e-02
-4.340264480561017990e-02 -4.105562623590230942e-02
-4.757206840440630913e-02 -4.673909349367022514e-02
-5.235311668366193771e-02 -5.382258538156747818e-02
-5.547717656008899212e-02 -5.819651018828153610e-02
-6.083042477257549763e-02 -6.352663738653063774e-02
-6.873553548939526081e-02 -6.693186727352440357e-02
-7.272160216234624386e-02 -6.755699421046301723e-02
-6.869863928295671940e-02 -6.581918388837948442e-02
-7.371157710440456867e-02 -6.414205225883051753e-02
-6.836790894158184528e-02 -6.655548251001164317e-02
-6.098023033700883389e-02 -7.229504379210993648e-02
-6.580050452612340450e-02 -6.854686181759461761e-02
-6.816073576919734478e-02 -7.060686865588650107e-02
-7.237896719016134739e-02 -6.954789202427491546e-02
-7.108108804095536470e-02 -7.676825713133439422e-02
-6.356810138095170259e-02 -8.058280654950067401e-02
-6.294812489068135619e-02 -7.374430744675919414e-02
-6.235561898211017251e-02 -7.336300821043550968e-02
-6.292827473953366280e-02 -6.584350834600627422e-02
-6.399340310599654913e-02 -6.950146914459764957e-02
-6.881055131088942289e-02 -6.469993828795850277e-02
-7.410717091988772154e-02 -7.107139215804636478e-02
-6.915031874086707830e-02 -7.484647259116172791e-02
-6.146216613706201315e-02 -7.168315513990819454e-02
-6.879330601077526808e-02 -7.557723973877727985e-02
-6.765676941722631454e-02 -7.889170129783451557e-02
-6.703224981902167201e-02 -8.110547740943729877e-02
-6.472445110557600856e-02 -7.306430791504681110e-02
-6.691771716577932239e-02 -8.085371251218020916e-02
-6.826726760482415557e-02 -7.253793138079345226e-02
-6.270799500634893775e-02 -6.698167487047612667e-02
-6.641218223376199603e-02 -7.295955694280564785e-02
-7.104910648195073009e-02 -7.035640277899801731e-02
-6.637722410960122943e-02 -6.957900442648679018e-02
-7.306287408573552966e-02 -6.755097082350403070e-02
-7.111642725067213178e-02 -6.462966150138527155e-02
-7.679278386058285832e-02 -7.177681254688650370e-02
-8.070612960727885365e-02 -6.798995553981512785e-02
-7.285678182961419225e-02 -6.336635432671755552e-02
-6.474650447489693761e-02 -5.889975035097450018e-02
-6.517481271293945611e-02 -6.414788158144801855e-02
-7.255289496970362961e-02 -6.237754144240170717e-02
-6.964789217454381287e-02 -6.123885547276586294e-02
-6.905979578732512891e-02 -6.730581342708319426e-02
-7.517340136109851301e-02 -6.740660726063651964e-02
-6.829110355465672910e-02 -5.990608309366507456e-02
