-9.720270774272138370e-02 -7.348688160405922321e-02
-7.112007588148117065e-03 -9.773624129593372345e-03
-1.662278361618518829e-02 -1.968816481530666351e-02
-2.522740513086318970e-02 -2.951998915523290634e-02
-3.445273451507091522e-02 -3.922894224524497986e-02
-4.382234439253807068e-02 -4.666943522170186043e-02
-4.303814517334103584e-02 -5.644929083064198494e-02
-4.635374946519732475e-02 -6.541051482781767845e-02
-5.184895312413573265e-02 -7.495744759216904640e-02
-5.427555111236870289e-02 -7.833785633556544781e-02
-5.660465150140225887e-02 -8.661904162727296352e-02
-5.331951542757451534e-02 -7.720242138020694256e-02
-5.500602163374423981e-02 -7.515333057381212711e-02
-6.082527013495564461e-02 -8.408141159452497959e-02
-5.785168381407856941e-02 -7.841822202317416668e-02
-5.480777123011648655e-02 -7.485228846780955791e-02
-5.445912102004513144e-02 -7.961384882219135761e-02
-5.101849179482087493e-02 -8.422804879955947399e-02
-5.558456847211346030e-02 -8.390695977141149342e-02
-6.069133983692154288e-02 -8.237129615736193955e-02
-5.575372226303443313e-02 -8.025852849823422730e-02
-5.927976494422182441e-02 -7.306608397630043328e-02
-5.275833740597590804e-02 -8.212336272117681801e-02
-5.345721973571926355e-02 -7.787614667904563248e-02
-5.623955430928617716e-02 -8.023596674320288002e-02
-5.437679123133420944e-02 -7.444332519662566483e-02
-6.045241374522447586e-02 -7.991521924850530922e-02
-5.674715316854417324e-02 -8.418522102874703705e-02
-6.072825123555958271e-02 -7.819268599268980324e-02
-6.370516214519739151e-02 -8.239550076541490853e-02
-5.715752532705664635e-02 -8.728214472648687661e-02
-5.954650393687188625e-02 -8.881908029434271157e-02
-6.656121532432734966e-02 -8.860216826724354178e-02
-5.999686405993998051e-02 -8.934452386165503412e-02
-5.660448968410491943e-02 -8.126489074493292719e-02
-5.134879285469651222e-02 -8.966598754341248423e-02
-5.158253901754505932e-02 -8.744629636930767447e-02
-5.432893268880434334e-02 -9.237848572956863791e-02
-5.833669545245356858e-02 -9.122419649793300778e-02
-5.484337106463499367e-02 -8.453288966848049313e-02
-5.846959355403669178e-02 -7.926733804924879223e-02
-6.117163415183313191e-02 -7.166022168530616909e-02
-5.299611951340921223e-02 -7.571469539834652096e-02
-5.810519310762174428e-02 -7.768959681561682373e-02
-5.505279757198877633e-02 -8.117194812803063542e-02
-5.782018860918469727e-02 -7.488808095513377339e-02
-6.354508528602309525e-02 -8.164178779406938702e-02
-5.516123844427056611e-02 -8.836216306372079998e-02
-5.193487487849779427e-02 -8.083508595882449299e-02
-5.821066608768887818e-02 -7.794594987353775650e-02
-5.270818460849113762e-02 -7.681930881517473608e-02
