-9.091086190594163674e-02 -9.165591419617161173e-02
-7.221106905490159988e-03 -9.905717335641384125e-03
-1.631415961310267448e-02 -1.896234042942523956e-02
-2.281616907566785812e-02 -2.819411456584930420e-02
-3.225229494273662567e-02 -3.805416729301214218e-02
-4.002038296312093735e-02 -4.327598819509148598e-02
-4.729076381772756577e-02 -5.130301741883158684e-02
-5.327406013384461403e-02 -5.798290017992258072e-02
-5.262701713945716619e-02 -5.928300623781979084e-02
-4.919824691023677588e-02 -6.320277112536132336e-02
-5.281423765700310469e-02 -5.531955393962562084e-02
-5.969065742101520300e-02 -6.433972227387130260e-02
-5.175569409038871527e-02 -7.223156630061566830e-02
-5.102055426687002182e-02 -6.686238828115165234e-02
-4.899125220254063606e-02 -6.950397603213787079e-02
-5.690904101356863976e-02 -7.624868862330913544e-02
-6.326478486880660057e-02 -7.234167819842696190e-02
-6.809301720932126045e-02 -7.316257897764444351e-02
-6.726788508240133524e-02 -7.108923513442277908e-02
-7.129575696308165789e-02 -7.511273678392171860e-02
-6.900426361244171858e-02 -7.420928776264190674e-02
-6.677805527579039335e-02 -6.613888777792453766e-02
-7.321292476262897253e-02 -6.963830371387302876e-02
-7.571721018757671118e-02 -6.575675401836633682e-02
-6.929392169695347548e-02 -6.229671160690486431e-02
-6.507933221291750669e-02 -6.156829756218940020e-02
-6.914312799926847219e-02 -6.520104093942791224e-02
-6.955860456218943000e-02 -7.209042098838835955e-02
-6.651643005898222327e-02 -6.674996542278677225e-02
-6.676128890831023455e-02 -6.688946949725504965e-02
-6.985394551884382963e-02 -7.295874458213802427e-02
-7.370634691324084997e-02 -6.845942603831645101e-02
-7.377361552062211558e-02 -7.343400920217391104e-02
-7.197322625870583579e-02 -6.763929127191659063e-02
-6.722175864706514403e-02 -7.025395984237547964e-02
-7.368318805674789473e-02 -7.498464079981204122e-02
-7.718905340152559802e-02 -7.778352334571536630e-02
-7.337324041145620868e-02 -7.425504292768891901e-02
-7.109770317765651271e-02 -8.189858378318604082e-02
-7.452593812922714278e-02 -7.332182837126310915e-02
-7.473163256508996710e-02 -6.621604155225213617e-02
-7.249225509440293536e-02 -6.937775782716926187e-02
-6.613111655315151438e-02 -7.500603816879447550e-02
-6.902599843306234106e-02 -7.464937232725787908e-02
-6.985790820181136951e-02 -6.730087306641507894e-02
-6.484564186393981799e-02 -7.206246927671600133e-02
-5.964258338644867763e-02 -6.420628559135366231e-02
-6.248907118424540386e-02 -5.868236320384312421e-02
-6.572311117633944377e-02 -5.907928482338320464e-02
-6.666570141533156857e-02 -6.843694210692774504e-02
-6.260510425636311993e-02 -6.848258317040745169e-02
