5.007844297503244273e-03 -1.498745287623023947e-01
1.812069327570497990e-03 -9.961949661374092102e-03
9.777256869710981846e-03 -1.972882449626922607e-02
1.938743388745933771e-02 -2.967965137213468552e-02
2.800962666515260935e-02 -3.952344227582216263e-02
2.841508010169491172e-02 -4.925576783716678619e-02
3.601783834164962173e-02 -5.843088496476411819e-02
4.319812118774279952e-02 -6.841130554676055908e-02
3.973071760265156627e-02 -7.827400323003530502e-02
3.677567554404959083e-02 -8.807953260838985443e-02
4.342013638233765960e-02 -9.628758300095796585e-02
3.590451221680268645e-02 -1.061970731243491173e-01
3.149702999508008361e-02 -1.126603046432137489e-01
3.137882623559562489e-02 -1.224985318258404732e-01
2.663360872975317761e-02 -1.260988083668053150e-01
3.081705245858756825e-02 -1.322778817266225815e-01
3.329945482983021066e-02 -1.259511038661003113e-01
3.806389250530628487e-02 -1.282498468644917011e-01
3.291906590311555192e-02 -1.239623036235570908e-01
3.313672656804556027e-02 -1.218370606657117605e-01
3.228752132417866960e-02 -1.143879916053265333e-01
2.801065988751361147e-02 -1.181066441349685192e-01
2.968829699238995090e-02 -1.254841778427362442e-01
2.631053157529095188e-02 -1.311229006387293339e-01
3.242162630340317264e-02 -1.252306574024260044e-01
2.483068934088805690e-02 -1.262043541064485908e-01
2.679314363194862381e-02 -1.229978542542085052e-01
2.358620885206619278e-02 -1.218373411102220416e-01
2.388717295980313793e-02 -1.230104581918567419e-01
2.742245552508393303e-02 -1.264877167996019125e-01
2.941958528390387073e-02 -1.351417086552828550e-01
3.192952965764561668e-02 -1.267060709651559591e-01
2.758187746076146141e-02 -1.211800219025462866e-01
2.807207799196476117e-02 -1.304502270650118589e-01
2.150048243493074551e-02 -1.228305434342473745e-01
2.007561314530903473e-02 -1.210081159370020032e-01
2.469898897834355012e-02 -1.279066220158711076e-01
3.046089967392617837e-02 -1.268635980086401105e-01
2.995537300739670172e-02 -1.260284320451319218e-01
2.284301151667023078e-02 -1.229256514925509691e-01
1.621700949181104079e-02 -1.249965045135468245e-01
1.831439426314318553e-02 -1.220321129076182842e-01
2.167847319651627913e-02 -1.175882839597761631e-01
2.503519444871926680e-02 -1.247424553148448467e-01
2.293648743216181174e-02 -1.272409830708056688e-01
2.387498875759774819e-02 -1.236082732211798429e-01
2.660723331064218655e-02 -1.193894387688487768e-01
2.952493305929237977e-02 -1.276846237014979124e-01
2.804377975553506985e-02 -1.313520735129714012e-01
3.380053697765106335e-02 -1.314656483737053350e-01
2.926710082829231396e-02 -1.272626720165135339e-01
