2.707884446866903536e-02 -1.462638882564050169e-01
9.824765846133232117e-03 -9.907062165439128876e-03
1.977105438709259033e-02 -1.986797153949737549e-02
2.868178673088550568e-02 -2.956248633563518524e-02
3.800205141305923462e-02 -3.954434767365455627e-02
3.929772763513028622e-02 -4.952014703303575516e-02
4.690895206294953823e-02 -5.942506529390811920e-02
4.714698321186006069e-02 -6.930044107139110565e-02
5.156686319969594479e-02 -7.923828251659870148e-02
5.714666866697371006e-02 -8.555188216269016266e-02
5.501497420482337475e-02 -9.516516793519258499e-02
5.539761693216860294e-02 -1.021692310459911823e-01
5.508522482705302536e-02 -9.795650606974959373e-02
4.936871517566032708e-02 -9.740848426008597016e-02
5.659719675895757973e-02 -9.786833290127106011e-02
6.372035926324315369e-02 -9.992533017066307366e-02
6.129339829203672707e-02 -1.008145450323354453e-01
5.612397080403752625e-02 -1.056548189080785960e-01
5.620802646444644779e-02 -1.020321000542026013e-01
4.981961693556513637e-02 -1.038536787673365325e-01
4.811456227616872638e-02 -1.046502179524395615e-01
4.712006122281309217e-02 -1.006156168004963547e-01
5.399502160435076803e-02 -9.609862082288600504e-02
5.058275464398320764e-02 -1.018693232035730034e-01
5.324449784529861063e-02 -9.494802486733533442e-02
4.952295495604630560e-02 -1.035102888999972492e-01
4.748081530851777643e-02 -9.717581505537964404e-02
4.483222564158495516e-02 -9.137969734729267657e-02
4.262894227576907724e-02 -9.394675554358400404e-02
4.712360327539499849e-02 -1.011793759244028479e-01
4.708765332907205448e-02 -9.644203228526748717e-02
4.538775749824708328e-02 -9.059455679380334914e-02
4.868445338070159778e-02 -8.661627458059228957e-02
4.528171734273200855e-02 -8.933494836674071848e-02
4.977670477092033252e-02 -9.518553680391050875e-02
4.979501650996098761e-02 -9.960029079229570925e-02
4.558741520486364607e-02 -9.718433106900192797e-02
4.294120273880253080e-02 -9.750247740885242820e-02
4.455562667317281011e-02 -9.445967472856864333e-02
5.270195552475342993e-02 -1.022934452048502862e-01
5.543180285349080805e-02 -9.397445101058110595e-02
5.882796328842232469e-02 -9.918887255480512977e-02
5.344981057896802668e-02 -9.564566746121272445e-02
5.670593246213684324e-02 -8.796043781330808997e-02
5.397724672548065428e-02 -9.473480604356154799e-02
5.250550967502931599e-02 -9.698710934026166797e-02
5.776619420248607639e-02 -9.783658222295343876e-02
6.055327642570773605e-02 -9.473941638134419918e-02
6.199146968174318317e-02 -1.026807806920260191e-01
5.695421875316242222e-02 -1.014853189699351788e-01
5.941825334775785450e-02 -1.017422590812202543e-01
