8.721924699171405837e-02 -9.891628516351563816e-02
9.706361219286918640e-03 -9.962415322661399841e-03
1.817052345722913742e-02 -1.956040039658546448e-02
2.800093870609998703e-02 -2.936554513871669769e-02
3.790196590125560760e-02 -3.900513425469398499e-02
4.577052500098943710e-02 -4.747922159731388092e-02
5.244103074073791504e-02 -5.713939480483531952e-02
5.432950367685407400e-02 -6.677340343594551086e-02
5.917623254936188459e-02 -7.576662022620439529e-02
6.470162130426615477e-02 -8.375033922493457794e-02
6.562979076988995075e-02 -8.250040723942220211e-02
6.282966001890599728e-02 -8.654394629411399364e-02
6.960218655876815319e-02 -9.354625153355300426e-02
6.504548364318907261e-02 -9.332965064095333219e-02
5.858500418253242970e-02 -8.625194273190572858e-02
5.639267270453274250e-02 -9.055208350764587522e-02
5.528583656996488571e-02 -8.574873377801850438e-02
5.760291824117302895e-02 -8.990398544119670987e-02
5.798401005449704826e-02 -9.881634387420490384e-02
6.159886365639977157e-02 -9.243228362174704671e-02
5.812559250625781715e-02 -9.722524444805458188e-02
5.936478017247281969e-02 -9.136684966506436467e-02
6.093327162670902908e-02 -8.727892377646639943e-02
5.833768492448143661e-02 -8.646269538439810276e-02
6.145504114101640880e-02 -8.583991270279511809e-02
6.791923378477804363e-02 -8.769162331009283662e-02
6.617357590585015714e-02 -8.381058374652639031e-02
6.500454104389064014e-02 -8.877262013265863061e-02
6.395434236037544906e-02 -9.140501619549468160e-02
6.953854273888282478e-02 -9.630581858800724149e-02
6.239542757975868881e-02 -8.969697850989177823e-02
6.088430804084055126e-02 -9.326689370209351182e-02
5.924757823231630027e-02 -8.647153532365337014e-02
6.488467913004569709e-02 -8.896910288603976369e-02
6.514140943181701005e-02 -9.216675005154684186e-02
6.358711284701712430e-02 -8.647519332589581609e-02
6.511094133020378649e-02 -8.613142115063965321e-02
6.392466943361796439e-02 -8.727617783006280661e-02
6.318613808252848685e-02 -8.957025094423443079e-02
6.674663574085570872e-02 -9.003749888506717980e-02
7.168112546787597239e-02 -9.161522719659842551e-02
7.112010274431668222e-02 -9.810569943510927260e-02
6.488591418019495904e-02 -9.785598100279457867e-02
6.318214765633456409e-02 -9.911582645145244896e-02
6.466520889080129564e-02 -9.831767858122475445e-02
6.068937791860662401e-02 -9.368637998704798520e-02
6.670115221641026437e-02 -1.005518944293726236e-01
6.039326902828179300e-02 -9.553473538835532963e-02
6.205489623243920505e-02 -9.581091708969324827e-02
6.534857137012295425e-02 -9.739677491597831249e-02
6.369941573939286172e-02 -9.071428398601710796e-02
