9.567376880763373004e-02 -7.909518795511474853e-02
9.923817589879035950e-03 -9.827560745179653168e-03
1.951633859425783157e-02 -1.332602370530366898e-02
2.944196015596389771e-02 -2.154311910271644592e-02
3.855872899293899536e-02 -3.006690647453069687e-02
4.851290956139564514e-02 -3.102342213969677687e-02
5.730232689529657364e-02 -2.458775497507303953e-02
6.639969069510698318e-02 -3.188302402850240469e-02
7.549045234918594360e-02 -2.772150409873574972e-02
8.162757288664579391e-02 -2.713942300761118531e-02
8.854454848915338516e-02 -1.895646523917093873e-02
9.402611944824457169e-02 -1.973407098557800055e-02
9.531143750064074993e-02 -2.117606590036302805e-02
9.740082221105694771e-02 -1.486757502425462008e-02
9.128924692049622536e-02 -1.902947539929300547e-02
9.104730273247696459e-02 -2.317612443584948778e-02
8.315905267954804003e-02 -2.301170144346542656e-02
8.922053957940079272e-02 -2.106979166273958981e-02
8.886791137047111988e-02 -1.598187632043845952e-02
8.622824633494019508e-02 -1.849821981159038842e-02
8.506758243311196566e-02 -1.552936018561013043e-02
8.622556237969547510e-02 -1.501052084495313466e-02
8.722326427232474089e-02 -1.460134450462646782e-02
9.317103901412338018e-02 -2.284605268505401909e-02
9.051007556263357401e-02 -1.756837245193310082e-02
9.394042997155338526e-02 -1.217181820538826287e-02
9.483499435009434819e-02 -1.474622150999493897e-02
9.613118792185559869e-02 -1.314595728763379157e-02
8.971567318076267838e-02 -1.150134953786619008e-02
9.302498010220006108e-02 -1.080225504119880497e-02
9.063342359149828553e-02 -4.411211732076480985e-03
9.669957176083698869e-02 -8.308796939672902226e-03
1.015258660190738738e-01 -1.666805034619756043e-02
1.041716100298799574e-01 -1.256995581206865609e-02
9.816312423208728433e-02 -1.389650665805675089e-02
9.352580650011077523e-02 -1.081307386630214751e-02
8.956315607065334916e-02 -8.457641495624557137e-03
8.753589476691558957e-02 -7.696963468333706260e-03
9.435780375497415662e-02 -1.394787486060522497e-02
9.902712405892089009e-02 -1.419585163239389658e-02
9.977878507925197482e-02 -1.699762919452041388e-02
9.836203273152932525e-02 -1.055963279213756323e-02
1.015084378304891288e-01 -1.727502315770834684e-02
1.029962043394334614e-01 -1.061990938615053892e-02
1.046779779135249555e-01 -1.007689320249482989e-02
9.791308263083919883e-02 -1.284281205153092742e-02
9.925565222511067986e-02 -1.802708621835336089e-02
1.031468352884985507e-01 -8.927056042011827230e-03
1.005430808872915804e-01 -2.117871714290231466e-03
1.032114592962898314e-01 -5.908246093895286322e-03
1.008627866976894438e-01 -1.077337277820333838e-02
