9.571061991423972237e-02 -7.897373354664428968e-02
9.937779977917671204e-03 -7.696558721363544464e-03
1.991346850991249084e-02 -1.739497669041156769e-02
2.975914441049098969e-02 -2.448160760104656219e-02
3.822739981114864349e-02 -3.386559057980775833e-02
4.808189067989587784e-02 -3.842070605605840683e-02
5.783268809318542480e-02 -3.858798589499201626e-02
6.201076973229646683e-02 -4.594373410509433597e-02
7.088585849851369858e-02 -3.957721298502292484e-02
7.567184418439865112e-02 -3.849268505291547626e-02
8.339955285191535950e-02 -4.489941509382333606e-02
8.456197450868785381e-02 -4.448499831778462976e-02
8.758698520250618458e-02 -4.440132532181451097e-02
8.889571006875485182e-02 -4.175673871213803068e-02
9.013352089095860720e-02 -3.313857762987026945e-02
8.906578121241182089e-02 -3.716350513423094526e-02
9.375087206717580557e-02 -3.163149560714373365e-02
8.774525613989681005e-02 -2.876975507388124242e-02
8.975269633810967207e-02 -2.844697447289945558e-02
9.186429565306752920e-02 -3.575083683972479776e-02
9.443639090750366449e-02 -2.897590236534597352e-02
8.810958091635257006e-02 -2.811008890421362594e-02
8.911195583641529083e-02 -3.534159356058808044e-02
9.662497090175747871e-02 -3.827782569715054706e-02
8.905686903744935989e-02 -4.163661890925141051e-02
9.279152541421353817e-02 -3.520610288978787139e-02
9.148173360154032707e-02 -3.611693636776180938e-02
8.849117741920053959e-02 -4.147325654776068404e-02
8.359284815378487110e-02 -4.724145320506067947e-02
8.227680856361985207e-02 -5.323394959123106673e-02
7.974975160323083401e-02 -4.919685808272333816e-02
8.735872316174209118e-02 -5.053891568240942433e-02
8.567740733269602060e-02 -4.783006339130224660e-02
8.596569235669448972e-02 -4.953519663104088977e-02
8.609399374108761549e-02 -4.580515821726294234e-02
9.012684493791311979e-02 -3.959090554417343810e-02
8.470694057177752256e-02 -4.551122815610142425e-02
8.734351268503814936e-02 -4.855584644974442199e-02
8.838189952075481415e-02 -4.092631128878565505e-02
9.160383092239499092e-02 -4.660184181557269767e-02
9.183017717441543937e-02 -3.779041919187875465e-02
9.140208529424853623e-02 -3.218844824732514098e-02
9.461397564155049622e-02 -3.176995571266161278e-02
9.190727144596166909e-02 -2.458136872883187607e-02
8.623161425930447876e-02 -2.610129194363253191e-02
8.766659957473166287e-02 -3.225927783205406740e-02
9.286477792193181813e-02 -3.989097831799881533e-02
9.149990012519992888e-02 -3.789769049762981012e-02
8.375884234555996954e-02 -3.027546901284949854e-02
8.996556341298855841e-02 -3.701711243047611788e-02
9.631423759856261313e-02 -4.585906753345625475e-02
