9.566828150945635989e-02 -2.088677425932653625e-02
9.655401110649108887e-03 -9.968860074877738953e-03
1.867196615785360336e-02 -1.992814894765615463e-02
2.802632562816143036e-02 -2.973767369985580444e-02
3.722019959241151810e-02 -3.937067836523056030e-02
4.558469168841838837e-02 -4.934766329824924469e-02
4.776776069775223732e-02 -5.921657010912895203e-02
5.413127178326249123e-02 -6.897862628102302551e-02
5.622935295104980469e-02 -7.874000258743762970e-02
5.681539175566285849e-02 -8.313263254240155220e-02
6.007227289956063032e-02 -8.611955121159553528e-02
5.429599096532911062e-02 -9.136038133874535561e-02
5.550290271639823914e-02 -9.908920619636774063e-02
5.116603802889585495e-02 -9.383689519017934799e-02
5.779784964397549629e-02 -9.192708844784647226e-02
5.889920517802238464e-02 -9.892839717213064432e-02
6.068516767118126154e-02 -9.448712656740099192e-02
5.521443963516503572e-02 -9.510682593099772930e-02
5.018827191088348627e-02 -9.880218678154051304e-02
5.388992640655487776e-02 -1.007769040297716856e-01
6.119370309170335531e-02 -9.552269033156335354e-02
6.330300879199057817e-02 -9.400880034081637859e-02
6.186177150812000036e-02 -9.677854226902127266e-02
6.465813645627349615e-02 -9.098937688395380974e-02
6.227388407569378614e-02 -9.940223908051848412e-02
6.794768699910491705e-02 -9.850194194586947560e-02
6.100998248439282179e-02 -9.849478581236326136e-02
5.937155219726264477e-02 -9.990837608711444773e-02
6.089176272507756948e-02 -9.587398215444409288e-02
5.891845270525664091e-02 -1.013066116465779487e-01
6.578157551120966673e-02 -1.028320429359155241e-01
5.860975745599716902e-02 -9.577343924684100784e-02
6.277137377765029669e-02 -9.871346093495958485e-02
6.737975671421736479e-02 -9.966986513245501556e-02
6.204706139396876097e-02 -9.316589709851541556e-02
5.532933387439697981e-02 -8.983384727980592288e-02
5.107897089328616858e-02 -9.554674898754456080e-02
5.184883996844291687e-02 -8.978061707239248790e-02
5.196444555622292683e-02 -8.942197711803601123e-02
5.427419585612369701e-02 -9.100354340989724733e-02
5.594900767755461857e-02 -9.597311326433555223e-02
5.700808081746799871e-02 -1.026884645143582020e-01
5.556118528329534456e-02 -1.088933303872181568e-01
6.172107013844652101e-02 -1.022581832403375302e-01
6.174891742739418987e-02 -1.011033468566893134e-01
6.634570120695570949e-02 -9.288810199723229744e-02
5.930130950036982540e-02 -1.012291797123907600e-01
5.976036657557415310e-02 -9.767140128315077163e-02
5.651141587622987572e-02 -1.023815246917365585e-01
5.914921454132127110e-02 -9.545534575954661705e-02
6.311195996568130795e-02 -9.905193822123692371e-02
