8.731503426490593023e-02 -1.254899822461068293e-03
9.607592597603797913e-03 -9.389902465045452118e-03
1.921748928725719452e-02 -1.780454535037279129e-02
2.883237600326538086e-02 -2.761476766318082809e-02
3.665195964276790619e-02 -3.728133253753185272e-02
4.569112416356801987e-02 -4.664830490946769714e-02
5.458337441086769104e-02 -5.517523735761642456e-02
6.402200832962989807e-02 -6.121471943333745003e-02
7.323409989476203918e-02 -6.314696185290813446e-02
7.780302222818136215e-02 -6.951891211792826653e-02
7.954038074240088463e-02 -7.254994777031242847e-02
7.676967326551675797e-02 -6.610295572318136692e-02
8.143145730718970299e-02 -6.989614036865532398e-02
8.401651540771126747e-02 -6.491623190231621265e-02
8.022403763607144356e-02 -5.858918814919888973e-02
8.088092849357053638e-02 -6.049733899999409914e-02
7.998624787433072925e-02 -6.861179240513592958e-02
7.469382713316008449e-02 -6.701468362007290125e-02
7.411127997329458594e-02 -7.278864330146461725e-02
7.380860758712515235e-02 -7.633998699020594358e-02
7.624093600315973163e-02 -7.238939346279948950e-02
7.705944008193910122e-02 -7.202751937438733876e-02
7.000307762064039707e-02 -7.070018470403738320e-02
7.725879154168069363e-02 -6.360040631261654198e-02
8.326575602404773235e-02 -6.876631712657399476e-02
7.558849477209150791e-02 -7.241567576420493424e-02
6.890512281097471714e-02 -7.431321698823012412e-02
7.233011280186474323e-02 -7.416574556555133313e-02
6.522430223412811756e-02 -7.244299496232997626e-02
6.382633070461452007e-02 -6.883421754173468798e-02
6.541938753798604012e-02 -6.531556956178974360e-02
6.726847973186522722e-02 -6.225709784484934062e-02
6.935821485240012407e-02 -6.227951336222758982e-02
6.350545922759920359e-02 -6.442707593123486731e-02
6.713327427860349417e-02 -5.829206763337424491e-02
6.581938348244875669e-02 -5.736877503841242287e-02
6.542416953016072512e-02 -6.258518681897839997e-02
7.241280435118824244e-02 -6.598813519849500153e-02
7.100380898918956518e-02 -6.644059286372794304e-02
7.275546784512698650e-02 -6.383176904091669712e-02
7.683373778127133846e-02 -6.742611212575866375e-02
7.607872335938736796e-02 -6.962247762749029789e-02
7.551729830447584391e-02 -6.833285244101716671e-02
7.480650336947292089e-02 -6.963581824129505549e-02
7.296356477309018373e-02 -6.615278263961954508e-02
7.232216757256537676e-02 -6.708111304942576680e-02
7.581139949616044760e-02 -6.938075803373067174e-02
7.300719048362225294e-02 -6.666720419343619142e-02
7.430752774234861135e-02 -6.024484655972628389e-02
7.962985045742243528e-02 -6.406893854182271753e-02
7.868416199926286936e-02 -6.403541212239360902e-02
