6.329669147125575879e-02 2.741788455384620848e-02
9.843925945460796356e-03 -9.664169512689113617e-03
1.960422936826944351e-02 -1.941218692809343338e-02
2.938946429640054703e-02 -2.893629949539899826e-02
3.897379990667104721e-02 -3.805036190897226334e-02
4.602697212249040604e-02 -4.747394565492868423e-02
5.472132284194231033e-02 -5.631909519433975220e-02
6.228844681754708290e-02 -6.626522634178400040e-02
6.515072844922542572e-02 -6.950707640498876572e-02
6.432334508281201124e-02 -7.100135413929820061e-02
6.763462151866406202e-02 -7.839917298406362534e-02
7.104106864426285028e-02 -7.405210984870791435e-02
6.481179886031895876e-02 -8.169140107929706573e-02
6.723290134686976671e-02 -7.598986057564616203e-02
6.149910914245992899e-02 -8.131185173988342285e-02
5.442355817649513483e-02 -7.466741697862744331e-02
5.068255390506237745e-02 -6.639941269531846046e-02
5.736220290418714285e-02 -7.129396265372633934e-02
5.857266834937036037e-02 -7.928173569962382317e-02
5.634309654124081135e-02 -8.708327123895287514e-02
5.462624621577560902e-02 -8.056340552866458893e-02
5.371313763316720724e-02 -8.691493002697825432e-02
5.735165171790868044e-02 -8.168699732050299644e-02
6.042555847670882940e-02 -8.250372158363461494e-02
6.313412694726139307e-02 -7.489832397550344467e-02
5.535764445085078478e-02 -7.626835105475038290e-02
5.652401433326303959e-02 -7.923179131466895342e-02
6.017672992311418056e-02 -8.776002575177699327e-02
6.627594563178718090e-02 -8.466677123215049505e-02
6.527619576081633568e-02 -7.776508980896323919e-02
6.401657499372959137e-02 -7.892011036165058613e-02
6.557014852296561003e-02 -7.583735813386738300e-02
7.291427010204643011e-02 -7.998444908298552036e-02
7.551194529514759779e-02 -7.600140222348272800e-02
7.342193659860640764e-02 -7.542433746857568622e-02
6.832821725402027369e-02 -7.693934027338400483e-02
6.954432837665081024e-02 -7.439908577362075448e-02
6.882177171064540744e-02 -8.145462820539250970e-02
6.733341159997507930e-02 -8.970140950987115502e-02
6.117068062303587794e-02 -8.525125641608610749e-02
6.844725384144112468e-02 -9.203124890336766839e-02
6.377387436805292964e-02 -8.309258805820718408e-02
6.650064018322154880e-02 -8.955067541683092713e-02
6.500816548941656947e-02 -9.622353228041902184e-02
7.031473581446334720e-02 -9.428852476412430406e-02
6.385053758276626468e-02 -8.890256338054314256e-02
6.003841658821329474e-02 -9.065095946425572038e-02
5.686301965033635497e-02 -8.529366092989221215e-02
5.954918399220332503e-02 -8.329219423467293382e-02
5.791375174885615706e-02 -8.837845741072669625e-02
6.144610879709944129e-02 -8.672302431659772992e-02
