2.804334764541027356e-02 4.598734631626537339e-02
9.982424788177013397e-03 -9.514291770756244659e-03
1.932702306658029556e-02 -1.946827489882707596e-02
2.872406505048274994e-02 -2.939262147992849350e-02
3.832442779093980789e-02 -3.924369998276233673e-02
4.762842040508985519e-02 -4.910192079842090607e-02
5.589418020099401474e-02 -5.844032112509012222e-02
6.298792921006679535e-02 -6.416971236467361450e-02
6.728330906480550766e-02 -7.004404440522193909e-02
6.983577902428805828e-02 -6.246473221108317375e-02
7.497073081322014332e-02 -6.737950677052140236e-02
7.813781639561057091e-02 -5.971498135477304459e-02
7.070537609979510307e-02 -6.689906632527709007e-02
7.792152790352702141e-02 -5.856300843879580498e-02
8.116802712902426720e-02 -6.562042422592639923e-02
8.148106714361347258e-02 -5.805152747780084610e-02
8.000815837294794619e-02 -4.983174428343772888e-02
7.730617388733662665e-02 -5.378295527771115303e-02
7.665539372828789055e-02 -5.270532832946628332e-02
8.458631139365024865e-02 -5.394428176805377007e-02
8.355261493124999106e-02 -6.192591553553938866e-02
8.473942443379200995e-02 -6.706536514684557915e-02
8.173045926378108561e-02 -7.094219001010060310e-02
8.412991571822203696e-02 -6.385783012956380844e-02
8.675195966497994959e-02 -5.656494805589318275e-02
8.831878568162210286e-02 -6.127641443163156509e-02
8.150389514048583806e-02 -6.265350466128438711e-02
8.505252542090602219e-02 -5.573076370637863874e-02
8.876199301448650658e-02 -5.913358798716217279e-02
8.012247949955053627e-02 -5.925775817013345659e-02
7.525039723259396851e-02 -6.198008343926630914e-02
7.870893765357322991e-02 -5.940218627802096307e-02
8.558929458376951516e-02 -5.535239059827290475e-02
8.169385863584466279e-02 -5.837480499758385122e-02
7.862533655134029686e-02 -5.293302526115439832e-02
7.784048051689751446e-02 -5.236054174019955099e-02
7.270286700804717839e-02 -5.395852736546657979e-02
7.530588403460569680e-02 -5.379040888510644436e-02
8.080334195983596146e-02 -5.397963216819334775e-02
7.268798330915160477e-02 -4.874710990407038480e-02
7.306515076197683811e-02 -5.250578113191295415e-02
8.124627475626766682e-02 -5.795245031185913831e-02
8.647636999376118183e-02 -5.217579724558163434e-02
8.103183447383344173e-02 -5.123442180047277361e-02
7.737090415321290493e-02 -5.268214283569250256e-02
8.110020821914076805e-02 -5.770842790661845356e-02
8.414260926656424999e-02 -6.403331611363682896e-02
7.773089711554348469e-02 -6.226900081674102694e-02
8.070355956442654133e-02 -6.999310852552298456e-02
8.066015904114465229e-02 -7.187138673907611519e-02
7.795219965555588715e-02 -6.798832294589374214e-02
