-9.672254236102140190e-02 -2.460807610242141119e-02
-9.747091680765151978e-03 -9.707990102469921112e-03
-1.937496755272150040e-02 -1.954031921923160553e-02
-2.686995361000299454e-02 -2.929200325161218643e-02
-3.674890752881765366e-02 -3.903877642005681992e-02
-4.624692816287279129e-02 -4.841656051576137543e-02
-5.552851688116788864e-02 -5.773933604359626770e-02
-6.004723254591226578e-02 -6.608475744724273682e-02
-6.292577623389661312e-02 -6.096484139561653137e-02
-6.956650200299918652e-02 -6.711357645690441132e-02
-7.278090296313166618e-02 -7.023973274044692516e-02
-8.024101844057440758e-02 -7.341764122247695923e-02
-8.580581471323966980e-02 -7.438872067723423243e-02
-8.123085089027881622e-02 -7.964039326179772615e-02
-8.506382815539836884e-02 -6.978737481404095888e-02
-7.906167162582278252e-02 -6.453258276451379061e-02
-7.766923564486205578e-02 -7.199370732996612787e-02
-8.034668467007577419e-02 -6.976681936066597700e-02
-7.692628540098667145e-02 -7.792761630844324827e-02
-8.075864822603762150e-02 -7.376353943254798651e-02
-8.028438719338737428e-02 -7.320620381506159902e-02
-7.894508398021571338e-02 -7.047472806880250573e-02
-8.454172403435222805e-02 -6.351998919853940606e-02
-9.207891064579598606e-02 -7.105349708581343293e-02
-8.483590694959275424e-02 -7.010144047671929002e-02
-8.789397796499542892e-02 -7.574700989061966538e-02
-8.207942100125364959e-02 -6.734056916320696473e-02
-7.914041492040269077e-02 -7.341828435892239213e-02
-7.156292904983274639e-02 -7.474925898713991046e-02
-7.868995887110941112e-02 -6.991437607211992145e-02
-8.497562209959141910e-02 -7.553762960014864802e-02
-9.296687642927281559e-02 -7.837051077513024211e-02
-8.687862331862561405e-02 -7.336306729121133685e-02
-8.807909893221221864e-02 -7.646231091348454356e-02
-8.615051207016222179e-02 -7.647549248031282332e-02
-8.317812622408382595e-02 -8.101698736390972044e-02
-8.645238747703842819e-02 -8.727168085715675261e-02
-8.635775675793411210e-02 -7.854556551865243819e-02
-8.374613407795550302e-02 -8.301256297818326857e-02
-8.035009029117645696e-02 -7.327023687503242400e-02
-7.661306043883087113e-02 -7.189898196338617709e-02
-7.149382611532928422e-02 -7.045428819219523575e-02
-7.574177231435896829e-02 -7.242156929532939103e-02
-8.249327378143789247e-02 -6.506820620234066155e-02
-8.327861026191385463e-02 -6.885420965227240231e-02
-8.358238294749753550e-02 -7.464115662696713116e-02
-7.529709983646171167e-02 -7.138527572351449635e-02
-7.712978049676166847e-02 -7.159079968369042035e-02
-7.534703898272709921e-02 -6.986612263972347137e-02
-7.024159847787814215e-02 -7.730069706121867057e-02
-6.823451707168715075e-02 -7.516223863603954669e-02
