-9.408586718526434911e-02 -8.387992910259400858e-02
-8.526153862476348877e-03 -9.781206957995891571e-03
-1.832770928740501404e-02 -1.835699379444122314e-02
-2.784872706979513168e-02 -2.789278049021959305e-02
-3.472011256963014603e-02 -3.775378689169883728e-02
-3.719884506426751614e-02 -4.759480990469455719e-02
-4.647657717578113079e-02 -5.712211038917303085e-02
-5.107109737582504749e-02 -6.702248100191354752e-02
-5.220551555976271629e-02 -7.630506902933120728e-02
-4.581456957384943962e-02 -8.515114244073629379e-02
-4.709370248019695282e-02 -9.461015276610851288e-02
-4.479717602953314781e-02 -9.316882665734738111e-02
-4.424136155284941196e-02 -8.936431223992258310e-02
-5.202077305875718594e-02 -8.899768526316620409e-02
-5.203944778986624442e-02 -9.172153510735370219e-02
-5.320939162265858613e-02 -9.132865467108786106e-02
-5.837158785652718507e-02 -8.584145712666213512e-02
-5.583862537969253026e-02 -9.293288388289511204e-02
-4.726151047725579701e-02 -9.618005901575088501e-02
-5.317368261967203580e-02 -9.077650960534811020e-02
-5.260195248047239147e-02 -8.796414197422564030e-02
-5.684454357469803654e-02 -9.160836879163980484e-02
-4.817763986284262501e-02 -8.990344475023448467e-02
-5.370040694469935261e-02 -9.181985200848430395e-02
-5.385035076687927358e-02 -1.005473186960443854e-01
-5.398049273571814410e-02 -9.841628710273653269e-02
-6.124000878116930835e-02 -9.570471697952598333e-02
-5.619517688683117740e-02 -8.727181644644588232e-02
-5.763735655273194425e-02 -9.515567158814519644e-02
-5.828967694469611160e-02 -1.010053128702566028e-01
-6.088882083349744789e-02 -9.639548498671501875e-02
-5.620571043618838303e-02 -9.024446352850645781e-02
-5.445529128701309673e-02 -9.420280426274985075e-02
-4.643807727188686840e-02 -9.989189764019101858e-02
-4.341392479182104580e-02 -9.335895709227770567e-02
-4.424198587003047578e-02 -9.000857302453368902e-02
-4.787415462124045007e-02 -9.393288183491677046e-02
-5.561010828751022927e-02 -9.379318285209592432e-02
-5.077040065589244477e-02 -8.872386881557758898e-02
-5.104459811627748422e-02 -9.632386661542113870e-02
-5.463186245106044225e-02 -9.865420380083378404e-02
-5.713365123301628046e-02 -9.324840850604232401e-02
-6.075384410723927431e-02 -9.131784153578337282e-02
-5.242253130927565508e-02 -9.246249984425958246e-02
-5.686524080738308839e-02 -8.568269594979938120e-02
-4.982176831617834978e-02 -9.449698704702313989e-02
-4.648317386090639047e-02 -8.997748860565479845e-02
-4.353157699733856134e-02 -9.093728968582581729e-02
-4.390849232368054800e-02 -9.783162949315737933e-02
-5.253467209331574850e-02 -9.259251951880287379e-02
-5.618748477354529314e-02 -8.669385108805727214e-02
