-7.398197048160262690e-02 -1.172805175638481495e-01
-9.362702257931232452e-03 -9.960643015801906586e-03
-1.575177535414695740e-02 -1.977847330272197723e-02
-2.128912881016731262e-02 -2.972590830177068710e-02
-2.309793664608150721e-02 -3.939187992364168167e-02
-2.670840208884328604e-02 -4.885642789304256439e-02
-3.170851652976125479e-02 -5.856354534626007080e-02
-3.238019649870693684e-02 -6.814125925302505493e-02
-2.956580580212175846e-02 -7.798643317073583603e-02
-3.420402598567306995e-02 -8.541096420958638191e-02
-3.281699260696768761e-02 -9.310247562825679779e-02
-3.500809636898338795e-02 -9.665067028254270554e-02
-3.373367758467793465e-02 -9.851548320148140192e-02
-2.925685606896877289e-02 -9.277568489778786898e-02
-2.402451960369944572e-02 -8.908167632762342691e-02
-2.489363518543541431e-02 -9.762487525586038828e-02
-3.021520352922379971e-02 -1.065225178608670831e-01
-2.816038113087415695e-02 -1.026146645890548825e-01
-2.751847967738285661e-02 -9.849651076365262270e-02
-3.169292822713032365e-02 -1.000192556530237198e-01
-2.707518223905935884e-02 -9.980722286854870617e-02
-3.090176876867190003e-02 -9.220083247055299580e-02
-3.580321610206738114e-02 -8.792877712403424084e-02
-3.236461948836222291e-02 -9.253149901633150876e-02
-2.567717019701376557e-02 -9.170631089364178479e-02
-3.289490385213866830e-02 -8.998679803335107863e-02
-3.069736162433400750e-02 -9.455994112067855895e-02
-3.693507710704579949e-02 -9.736602046177722514e-02
-3.069459233665838838e-02 -9.717578509298618883e-02
-3.598745731869712472e-02 -9.443500380439218134e-02
-4.446163220563903451e-02 -8.717974902538117021e-02
-3.730846341932192445e-02 -9.234395924431737512e-02
-3.746969338681083173e-02 -9.488457509723957628e-02
-4.360876085411291569e-02 -9.823149022122379392e-02
-3.682619000028353184e-02 -1.005750768672442064e-01
-4.052262676123064011e-02 -1.085987486731028184e-01
-3.328388852241914719e-02 -1.028939979005372152e-01
-3.957913552585523576e-02 -9.727451157232280821e-02
-3.345551916572730988e-02 -9.275352301483508199e-02
-3.697715645830612630e-02 -8.921981415187474340e-02
-3.343806035991292447e-02 -9.445093803515192121e-02
-3.153782260778825730e-02 -9.303715881833340973e-02
-3.405176654632668942e-02 -9.877938694262411445e-02
-3.403015271032927558e-02 -9.907833284523803741e-02
-3.313511271699098870e-02 -9.835895961441565305e-02
-3.840015769674209878e-02 -9.678619571786839515e-02
-3.884468136675423011e-02 -9.643892118765506893e-02
-3.784261052351212129e-02 -9.357631987950298935e-02
-4.169372366595780477e-02 -9.794770822918508202e-02
-3.364733783382689580e-02 -9.430263763351831585e-02
-3.028494575846707448e-02 -9.672015243268106133e-02
