-4.180879490411948396e-02 -1.408406553733804467e-01
-9.445268660783767700e-03 -9.829740040004253387e-03
-1.814890187233686447e-02 -1.973959710448980331e-02
-2.794068679213523865e-02 -2.915928605943918228e-02
-3.588707931339740753e-02 -3.898657951503992081e-02
-3.538128267973661423e-02 -4.890632908791303635e-02
-4.414148256182670593e-02 -5.864448100328445435e-02
-4.601001960691064596e-02 -6.858063023537397385e-02
-5.168062949087470770e-02 -7.845263648778200150e-02
-4.857694532256573439e-02 -8.779745642095804214e-02
-4.055179550778120756e-02 -9.628908429294824600e-02
-4.345158638898283243e-02 -1.001671662088483572e-01
-4.688332311343401670e-02 -1.046399285551160574e-01
-4.832806752528995275e-02 -1.019272699486464262e-01
-4.717032960616052151e-02 -1.070773459505289793e-01
-5.338412919081747532e-02 -1.079792595701292157e-01
-4.664323036558926105e-02 -1.000739374430850148e-01
-5.321595654822885990e-02 -1.088303719880059361e-01
-4.765339591540396214e-02 -1.112002400914207101e-01
-5.418774369172751904e-02 -1.179548284271731973e-01
-5.230102781206369400e-02 -1.210262641543522477e-01
-5.555740301497280598e-02 -1.257481822976842523e-01
-4.898079135455191135e-02 -1.215391253354027867e-01
-4.415442445315420628e-02 -1.202090060105547309e-01
-3.909383271820843220e-02 -1.124051477527245879e-01
-4.091575706843286753e-02 -1.166493868222460151e-01
-4.370650777127593756e-02 -1.148850130848586559e-01
-4.745619057212024927e-02 -1.200245451182126999e-01
-4.825240129139274359e-02 -1.211568581638857722e-01
-4.259570350404828787e-02 -1.153185869334265590e-01
-3.803827275987714529e-02 -1.093001210829243064e-01
-3.766793719842098653e-02 -1.092929804467530630e-01
-4.577857124968431890e-02 -1.101629888757997833e-01
-5.400718151940964162e-02 -1.062149024687641941e-01
-5.382971226936206222e-02 -1.141633448310130916e-01
-5.773496505571529269e-02 -1.201214931093090854e-01
-4.998703504679724574e-02 -1.243673345193201385e-01
-5.018939400906674564e-02 -1.164927292734319053e-01
-4.699600368621759117e-02 -1.183649641347983561e-01
-4.358054322074167430e-02 -1.095411223245719157e-01
-4.827881228993646801e-02 -1.032883101029256068e-01
-4.518435263889841735e-02 -1.012015992196211300e-01
-4.260545989382080734e-02 -1.058881587700852833e-01
-4.337780075729824603e-02 -1.028548343924740038e-01
-4.345334487152285874e-02 -1.044477148566329561e-01
-4.359450655465479940e-02 -9.810351241640091757e-02
-5.121315129508730024e-02 -1.010355601206356368e-01
-4.652654052188154310e-02 -1.088690362989837013e-01
-4.819262678211089224e-02 -1.081662069659614644e-01
-4.583520836604293436e-02 -1.046293376598441682e-01
-5.194906120595987886e-02 -1.085572432380104146e-01
