3.745187456601998394e-02 -1.427219342523176060e-01
9.792222641408443451e-03 -9.391075000166893005e-03
1.861138641834259033e-02 -1.926842611283063889e-02
2.745594736188650131e-02 -2.919972408562898636e-02
3.155885916203260422e-02 -3.878441546112298965e-02
4.040054511278867722e-02 -4.850661661475896835e-02
4.827299155294895172e-02 -5.837812647223472595e-02
5.204204120673239231e-02 -6.813378259539604187e-02
5.808017053641378880e-02 -7.794629316776990891e-02
5.717809119960293174e-02 -8.784955367445945740e-02
6.156243610894307494e-02 -9.687248151749372482e-02
6.528457807144150138e-02 -9.380554128438234329e-02
6.682224193355068564e-02 -1.026743929833173752e-01
6.174543494125828147e-02 -1.065136538818478584e-01
6.039153452729806304e-02 -1.066716002242174000e-01
5.265110259642824531e-02 -1.015724633762147278e-01
5.537832499248906970e-02 -1.082096333557274193e-01
6.361747131450101733e-02 -1.066443557792808861e-01
6.898669077781960368e-02 -9.929166510119102895e-02
6.751978531247004867e-02 -1.050290238054003567e-01
6.359556637471541762e-02 -1.115147462987806648e-01
6.713036861037835479e-02 -1.066445262113120407e-01
6.678283301880583167e-02 -1.044451362395193428e-01
6.086938263615593314e-02 -1.128321952128317207e-01
6.598524557193741202e-02 -1.097569461853709072e-01
6.511966098332777619e-02 -1.107877328468021005e-01
6.047989946091547608e-02 -1.029435725358780473e-01
6.367852544644847512e-02 -1.061168861051555723e-01
6.318884168285876513e-02 -1.081265752145554870e-01
5.973213247489184141e-02 -1.048837738053407520e-01
6.249595677945762873e-02 -1.124329013691749424e-01
5.892746907193213701e-02 -1.103097552841063589e-01
5.744414613582193851e-02 -1.030013857816811651e-01
5.916872783564031124e-02 -1.103366220777388662e-01
6.387028121389448643e-02 -1.127093828690703958e-01
6.098785856738686562e-02 -1.056178629805799574e-01
5.793766235001385212e-02 -1.150799429451581091e-01
6.038182950578629971e-02 -1.198900186864193529e-01
5.793492775410413742e-02 -1.116970184666570276e-01
5.828228572499938309e-02 -1.042154457827564329e-01
5.497835928690619767e-02 -1.095284589973744005e-01
5.545625620288774371e-02 -1.102475931693334132e-01
5.703990865731611848e-02 -1.026327458966989070e-01
5.851224710932001472e-02 -9.929868139442987740e-02
5.978220031829550862e-02 -1.068854492914397269e-01
6.317638192558661103e-02 -1.064895588206127286e-01
6.762484094360843301e-02 -1.065101110980322119e-01
6.165607139701023698e-02 -1.110175037429144140e-01
5.779577913926914334e-02 -1.087807023104687687e-01
5.270563327940180898e-02 -1.020593798857589718e-01
5.459007463650777936e-02 -1.017400134260242339e-01
