5.604295626988861634e-02 -1.328202092036198101e-01
9.046359919011592865e-03 -9.438415989279747009e-03
1.896049082279205322e-02 -1.932255178689956665e-02
2.862152364104986191e-02 -2.916381880640983582e-02
3.846887219697237015e-02 -3.844000026583671570e-02
4.732819367200136185e-02 -4.771785624325275421e-02
5.519981682300567627e-02 -5.610450264066457748e-02
6.148793036118149757e-02 -6.602343637496232986e-02
6.536957062780857086e-02 -6.090382207185029984e-02
6.832419196143746376e-02 -6.472883978858590126e-02
7.096223626285791397e-02 -6.665379495825618505e-02
7.800282957032322884e-02 -6.393148039933294058e-02
7.434587716124951839e-02 -7.064520602580159903e-02
7.009992585517466068e-02 -6.471334479283541441e-02
6.678535463288426399e-02 -7.078944973181933165e-02
6.495941046159714460e-02 -7.398803287651389837e-02
7.229604094754904509e-02 -7.891338912304490805e-02
6.642775691580027342e-02 -8.232970617245882750e-02
6.543514353688806295e-02 -7.726080191787332296e-02
6.360292783938348293e-02 -7.490497000981122255e-02
6.807133438996970654e-02 -7.937258726451545954e-02
6.963267922401428223e-02 -7.227526942733675241e-02
7.752201147377490997e-02 -7.163157267495989799e-02
7.667787978425621986e-02 -6.500219181180000305e-02
6.997340032830834389e-02 -7.317152153700590134e-02
7.261818833649158478e-02 -7.217820535879582167e-02
7.700313488021492958e-02 -7.939668314065784216e-02
8.016751916147768497e-02 -7.300733483862131834e-02
7.415714650414884090e-02 -7.952404383104294538e-02
7.864640117622911930e-02 -8.078922866843640804e-02
7.852951229870086536e-02 -8.085323213163064793e-02
7.931122599256923422e-02 -7.558724511909531429e-02
7.582538664428284392e-02 -7.580872107791947201e-02
7.723433427599957213e-02 -7.877160580392228439e-02
7.070036554796388373e-02 -7.727898151642875746e-02
6.901930594904115424e-02 -7.954690192855196074e-02
6.308747870934894308e-02 -7.202411263278918341e-02
6.909368136984994635e-02 -7.321986644092248753e-02
7.343875240621855482e-02 -7.077298494550632313e-02
6.950779022736242041e-02 -7.901237899932311848e-02
6.697364287538221106e-02 -8.375464141863631085e-02
6.811018657026579604e-02 -8.102692192915128544e-02
7.386358311487128958e-02 -8.190898126485990360e-02
7.854698361916234717e-02 -7.777091715979622677e-02
8.415538255212595686e-02 -8.429884532961295918e-02
7.879993734968593344e-02 -7.574857859435724095e-02
7.492613020440330729e-02 -8.031614678475307301e-02
7.022806835448136553e-02 -8.607539250078843907e-02
7.531461791222682223e-02 -8.613353921464295126e-02
7.031831816857447848e-02 -9.343649447328061797e-02
7.682578005915274844e-02 -9.452614130350411870e-02
