7.113029631863718172e-02 -1.202885548693588547e-01
6.770818028599023819e-03 -9.596826508641242981e-03
1.642641285434365273e-02 -1.945472136139869690e-02
2.614207426086068153e-02 -2.895525190979242325e-02
3.512489655986428261e-02 -3.838665783405303955e-02
4.491518856957554817e-02 -4.773421678692102432e-02
5.465254979208111763e-02 -5.724447127431631088e-02
6.238328386098146439e-02 -6.344141950830817223e-02
6.453200266696512699e-02 -6.775343650951981544e-02
6.624651956371963024e-02 -6.907606299500912428e-02
6.538650917354971170e-02 -7.379097992088645697e-02
7.281735085416585207e-02 -7.028634718153625727e-02
7.318411252344958484e-02 -6.253848841879516840e-02
7.721766500617377460e-02 -7.008699851576238871e-02
7.712354450632119551e-02 -6.652948458213359118e-02
7.772923020093003288e-02 -6.975201552268117666e-02
8.500443251250544563e-02 -6.610538077075034380e-02
7.930138373194495216e-02 -5.968463525641709566e-02
7.604379804251948372e-02 -6.029330118326470256e-02
7.262531427113572136e-02 -6.576052511809393764e-02
6.580411401955643669e-02 -6.256213149754330516e-02
6.401603556150803342e-02 -5.832926108269020915e-02
6.605776868673274294e-02 -6.458085606573149562e-02
7.017798259767005220e-02 -6.835924502229318023e-02
6.805294173682341352e-02 -6.455508962972089648e-02
6.523998993361601606e-02 -6.872531556291505694e-02
7.069197882810840383e-02 -6.581830413779243827e-02
6.416091070423135534e-02 -6.374619872076436877e-02
6.638577793637523428e-02 -6.073808827204629779e-02
6.833401768381008878e-02 -6.625078635988757014e-02
6.756436496652895585e-02 -6.928875454468652606e-02
5.895708452590042725e-02 -6.220227031735703349e-02
6.421894903905922547e-02 -6.024723680457100272e-02
6.905542498134309426e-02 -5.993619354558177292e-02
6.578778403491014615e-02 -5.846168313291855156e-02
7.325862182915443555e-02 -6.660795237985439599e-02
7.624785180814797059e-02 -5.962625172105617821e-02
7.758522380754584447e-02 -6.890854917583055794e-02
7.991392605617875233e-02 -7.210623685386963189e-02
7.634994571708375588e-02 -6.929317771573550999e-02
7.277497018367284909e-02 -6.148810920421965420e-02
7.898291081801289693e-02 -7.045351856504566967e-02
7.803488345962250605e-02 -6.753622766700573266e-02
7.611767561320448294e-02 -6.568828821764327586e-02
7.235519155074143782e-02 -6.766307880752719939e-02
6.942925029579782858e-02 -6.246068995096720755e-02
7.212546640221262351e-02 -6.291891972068697214e-02
6.998436860885703936e-02 -7.094339991454035044e-02
6.565638967003906146e-02 -7.338911725673824549e-02
5.741781518008792773e-02 -7.831869192887097597e-02
6.223359387513482943e-02 -7.830925770576868672e-02
