9.313294962724569248e-02 -8.641776618257795972e-02
9.617812000215053558e-03 -8.918120525777339935e-03
1.697939541190862656e-02 -1.868738979101181030e-02
2.677883394062519073e-02 -2.866406366229057312e-02
3.657194878906011581e-02 -3.855265118181705475e-02
4.557678662240505219e-02 -4.844341985881328583e-02
5.374030489474534988e-02 -5.737858172506093979e-02
6.265651620924472809e-02 -6.419157981872558594e-02
6.478396221064031124e-02 -7.055245433002710342e-02
6.460015937045682222e-02 -7.949186861515045166e-02
6.643324061587918550e-02 -8.579914458096027374e-02
6.140891644463408738e-02 -9.502348117530345917e-02
5.670566899061668664e-02 -9.274390386417508125e-02
6.165066683024633676e-02 -8.501885598525404930e-02
7.041334682435262948e-02 -8.192593045532703400e-02
6.402638783038128167e-02 -8.997737895697355270e-02
5.919311517209280282e-02 -9.049340494675561786e-02
5.577563164115417749e-02 -9.447729232488200068e-02
6.098642568395007402e-02 -9.279538044938817620e-02
6.479472616047132760e-02 -9.319215902360156178e-02
5.631495495617855340e-02 -1.007175872218795121e-01
6.010318170592654496e-02 -1.022065916913561523e-01
5.969931733852718025e-02 -9.970861364854499698e-02
5.462910038477275521e-02 -1.014127467642538249e-01
6.124291046580765396e-02 -9.447058913065120578e-02
5.772379985137376934e-02 -9.718464774778112769e-02
6.448488323076162487e-02 -9.867133124498650432e-02
6.325363904761616141e-02 -1.003804908250458539e-01
6.017580187472049147e-02 -9.678934566909447312e-02
6.574764639663044363e-02 -9.361276874551549554e-02
6.078302652167622000e-02 -8.952065702760592103e-02
5.816964014957193285e-02 -8.821558003546670079e-02
5.609014026413206011e-02 -9.354206017451360822e-02
5.475797889812383801e-02 -9.468394151190295815e-02
5.427786528889555484e-02 -9.317461837781593204e-02
5.648137752723414451e-02 -9.162016381742432714e-02
4.970099155616480857e-02 -8.951384184183552861e-02
5.156305369746405631e-02 -9.020966046955436468e-02
5.653056067239958793e-02 -8.519223926123231649e-02
5.696486514352727681e-02 -8.369132282678037882e-02
5.751239457458723336e-02 -9.111316048074513674e-02
6.098690182261634618e-02 -9.505127661395817995e-02
5.888409838371444494e-02 -8.858784672338515520e-02
5.278812600590754300e-02 -9.138281329069286585e-02
5.494664744765032083e-02 -9.168775542639195919e-02
5.832865317643154413e-02 -9.329885162878781557e-02
5.870638090709690005e-02 -9.250957291806116700e-02
5.951467827253509313e-02 -8.795275032753124833e-02
6.682170434214640409e-02 -8.871961355907842517e-02
6.241548126854468137e-02 -8.956606744322925806e-02
6.897516288154292852e-02 -8.892057777848094702e-02
