9.853624001787932019e-02 -6.704726966815738320e-02
9.325365535914897919e-03 -9.973483160138130188e-03
1.857535261660814285e-02 -1.993102859705686569e-02
2.844631113111972809e-02 -2.975299488753080368e-02
3.797536902129650116e-02 -3.911606315523386002e-02
4.761294554919004440e-02 -4.813768807798624039e-02
5.442141927778720856e-02 -5.796786025166511536e-02
5.207670200616121292e-02 -6.621671095490455627e-02
6.098382640630006790e-02 -7.096360344439744949e-02
6.903919111937284470e-02 -6.168237142264842987e-02
7.340754149481654167e-02 -6.846547825261950493e-02
7.361827728163916618e-02 -6.692389119416475296e-02
6.771975227457005531e-02 -7.519269455224275589e-02
6.694166433589998633e-02 -8.302084263414144516e-02
6.177848648803774267e-02 -8.032548613846302032e-02
6.086931181198451668e-02 -8.372345915995538235e-02
5.920133787731174380e-02 -8.133149263449013233e-02
6.517894940043333918e-02 -7.791924965567886829e-02
6.290286617877427489e-02 -7.668972271494567394e-02
6.147162280103657395e-02 -7.455916423350572586e-02
6.748722995689604431e-02 -7.572594599332660437e-02
6.574292331060860306e-02 -7.989601453300565481e-02
7.153817302605602890e-02 -7.501800393220037222e-02
7.702479966974351555e-02 -8.357789774890989065e-02
7.502417931391391903e-02 -8.144843124318867922e-02
7.186184906458947808e-02 -7.317971822340041399e-02
7.283677360101137310e-02 -7.663150771986693144e-02
7.598110697290394455e-02 -7.154190063010901213e-02
7.282613137795124203e-02 -7.231623766710981727e-02
6.637039002089295536e-02 -6.672812573378905654e-02
7.298196120245847851e-02 -6.225034728413447738e-02
7.399041579628828913e-02 -6.798623729264363647e-02
7.283051779086235911e-02 -7.330070430180057883e-02
6.791231689567212015e-02 -7.257825665874406695e-02
6.239488023857120425e-02 -6.808332976652309299e-02
6.832733379269484431e-02 -6.915020634187385440e-02
6.796988415590021759e-02 -6.432461197255179286e-02
7.527748717984650284e-02 -7.122632599202916026e-02
7.894143940939102322e-02 -6.814361311262473464e-02
7.097953757329378277e-02 -6.937481561908498406e-02
6.791413635073695332e-02 -7.097497739596292377e-02
7.353755565418396145e-02 -7.525597623316571116e-02
7.752755343972239643e-02 -7.105555216548964381e-02
8.380087664409074932e-02 -7.009989063953980803e-02
8.201518528221640736e-02 -7.348317786818370223e-02
7.958355605660472065e-02 -6.539712980156764388e-02
7.904304385010618716e-02 -7.035964116221293807e-02
7.485839545552153140e-02 -6.574028957402333617e-02
7.638789231714326888e-02 -6.650904048001393676e-02
7.973775670689065009e-02 -5.745690729236230254e-02
7.582793508481699973e-02 -6.285593978827819228e-02
