9.175231199156665129e-02 -1.023175583204338074e-02
9.256588295102119446e-03 -9.321914054453372955e-03
1.841063611209392548e-02 -1.879851892590522766e-02
2.819879166781902313e-02 -2.874907106161117554e-02
3.810885362327098846e-02 -3.701869677752256393e-02
4.808880481868982315e-02 -4.667265526950359344e-02
5.785141047090291977e-02 -4.932635766454041004e-02
6.651671882718801498e-02 -4.782759060617536306e-02
6.835823529399931431e-02 -4.461604112293571234e-02
7.487446279264986515e-02 -5.157444195356220007e-02
8.248473121784627438e-02 -5.780879303347319365e-02
8.763526869006454945e-02 -5.428331892471760511e-02
8.527343953028321266e-02 -4.591018042992800474e-02
8.571280920295976102e-02 -4.409760201815515757e-02
8.659289681236259639e-02 -4.865954967681318521e-02
8.915725557017140090e-02 -4.546899895649403334e-02
9.000910844770260155e-02 -4.365313996095210314e-02
8.913460522308014333e-02 -4.308829654473811388e-02
8.287087976350449026e-02 -4.995806294027715921e-02
7.635621968074701726e-02 -4.781163285952061415e-02
8.366202758043073118e-02 -5.210086877923458815e-02
8.191359331249259412e-02 -4.721166787203401327e-02
8.388393567292951047e-02 -5.075621593277901411e-02
8.421130225178785622e-02 -5.213258729781955481e-02
8.122792284120805562e-02 -4.651292308699339628e-02
8.985816224594600499e-02 -5.019859282765537500e-02
9.580814329092390835e-02 -4.601683944929391146e-02
9.681202252977527678e-02 -4.791052849031984806e-02
9.297440145746804774e-02 -4.303404153324663639e-02
8.843443161458708346e-02 -4.896132112480700016e-02
8.702576233190484345e-02 -4.421988618560135365e-02
8.664347842568531632e-02 -4.814004083164036274e-02
7.906024536350741982e-02 -4.732323071220889688e-02
7.847866736119613051e-02 -4.784158966504037380e-02
8.093965722946450114e-02 -4.918019077740609646e-02
8.475022268248721957e-02 -4.936345120950136334e-02
8.527321286965161562e-02 -5.470320874883327633e-02
8.088515291456133127e-02 -4.629753543122205883e-02
8.266709453891962767e-02 -5.388297898753080517e-02
7.918934838380664587e-02 -5.351358397456351668e-02
8.151955145876854658e-02 -4.799855478631798178e-02
7.780456577893346548e-02 -4.487599853018764406e-02
8.069613121915608644e-02 -4.180345196800772101e-02
8.881152060348540545e-02 -3.881673004070762545e-02
8.547467330936342478e-02 -4.454887799511197954e-02
8.528141240822151303e-02 -3.856293160060886294e-02
8.443542639724910259e-02 -4.077526998298708349e-02
8.037056797184050083e-02 -4.753251025977078825e-02
7.681628107093274593e-02 -5.133090681920293719e-02
7.643240809557028115e-02 -5.360517791996244341e-02
7.594297765172086656e-02 -5.997947930882219225e-02
