5.145232228915713052e-02 3.574764446358107139e-02
9.942910633981227875e-03 -9.585127234458923340e-03
1.954882312566041946e-02 -1.950386818498373032e-02
2.868770528584718704e-02 -2.947916742414236069e-02
3.627606527879834175e-02 -3.938839398324489594e-02
3.990713017992675304e-02 -4.855278227478265762e-02
4.804802103899419308e-02 -5.849326588213443756e-02
4.569014720618724823e-02 -6.827754620462656021e-02
4.543094747350551188e-02 -7.707538083195686340e-02
4.571420422871597111e-02 -8.577127009630203247e-02
5.071341994334943593e-02 -9.372487198561429977e-02
4.219667709548957646e-02 -1.017626132816076279e-01
4.296635303762741387e-02 -1.004747166298329830e-01
5.016695873928256333e-02 -1.006111337774200365e-01
4.545493869227357209e-02 -9.167860569141339511e-02
4.948294188943691552e-02 -9.954685372940730304e-02
4.902924207272008061e-02 -9.734724932059179991e-02
4.958440689370036125e-02 -1.019444019038928673e-01
4.349781619384884834e-02 -1.034662193123949692e-01
3.684974554926156998e-02 -1.018496996694011614e-01
3.659144524135626853e-02 -9.904904202267061919e-02
3.325298210256733000e-02 -9.580609393015038222e-02
3.866435788222588599e-02 -9.722943259112071246e-02
3.913391253445297480e-02 -1.064641338743967935e-01
4.322275903541594744e-02 -1.024986107804579660e-01
4.834960692096501589e-02 -1.049700899020535871e-01
4.586904577445238829e-02 -1.028474851482314989e-01
4.249108128715306520e-02 -1.007703659561229870e-01
4.153177019907161593e-02 -1.041771779273403808e-01
4.265855782432481647e-02 -1.040415499446680769e-01
4.653356777271255851e-02 -9.549180754402186722e-02
4.107405612012371421e-02 -1.045875415293266997e-01
4.540840903064236045e-02 -1.075951595412334427e-01
4.111192136770114303e-02 -1.153042911173542961e-01
3.762427129549905658e-02 -1.128451860131463036e-01
3.936754498863592744e-02 -1.096293796872487292e-01
4.695648193592205644e-02 -1.034033802425255999e-01
4.955056059407070279e-02 -1.020448187919100747e-01
4.244799382286146283e-02 -1.021554736216785386e-01
4.465882416116073728e-02 -9.871009046037215739e-02
4.318642913131043315e-02 -9.879851395089644939e-02
4.256104351952672005e-02 -9.882652455780771561e-02
4.483801126480102539e-02 -1.020277100506064016e-01
4.090484650805592537e-02 -1.025952958625566680e-01
4.896893771365284920e-02 -1.070920001839112956e-01
4.379629064351320267e-02 -1.064320074983697850e-01
5.021144682541489601e-02 -9.719360048256930895e-02
4.486154066398739815e-02 -9.768538170101237483e-02
4.144682409241795540e-02 -9.378999418186140247e-02
4.899103613570332527e-02 -1.021357340978283901e-01
4.053979972377419472e-02 -1.044021792949934024e-01
