3.617646421094930509e-02 4.322694587507361352e-02
9.498120285570621490e-03 -9.851710870862007141e-03
1.903656311333179474e-02 -1.957797817885875702e-02
2.874661050736904144e-02 -2.916344627737998962e-02
3.730324655771255493e-02 -3.910283930599689484e-02
4.454308655112981796e-02 -4.908455815166234970e-02
5.303410813212394714e-02 -5.903942789882421494e-02
5.386428040219470859e-02 -6.886424683034420013e-02
5.677447718335315585e-02 -7.858197949826717377e-02
5.637596113956533372e-02 -8.534452505409717560e-02
5.143898850656114519e-02 -8.976152585819363594e-02
5.583193045458756387e-02 -9.269247809424996376e-02
5.083445910713635385e-02 -9.682528860867023468e-02
5.174871088820509613e-02 -9.962296253070235252e-02
5.366305352072231472e-02 -9.475019946694374084e-02
6.187737357686273754e-02 -1.031856294721364975e-01
5.532606222550384700e-02 -9.739228943362832069e-02
5.165911067160777748e-02 -9.263432631269097328e-02
5.260981785249896348e-02 -9.751676674932241440e-02
6.191568335634656250e-02 -1.063163382932543755e-01
6.670445649069733918e-02 -9.900972712785005569e-02
6.143077116576023400e-02 -1.024084137752652168e-01
5.948896569316275418e-02 -9.721142053604125977e-02
6.199605742585845292e-02 -9.338713414035737514e-02
6.363665024400688708e-02 -9.851739625446498394e-02
5.766321942792274058e-02 -9.925553837092593312e-02
5.940064592869020998e-02 -1.035548879881389439e-01
6.037666960037313402e-02 -1.061705460888333619e-01
5.717698097578249872e-02 -1.062754758895607665e-01
5.456484630121849477e-02 -1.037795015872688964e-01
5.426257624640129507e-02 -9.590558272611815482e-02
5.251910581137053668e-02 -9.458551632997114211e-02
5.708974224398843944e-02 -1.031301252805860713e-01
5.671248538419604301e-02 -1.027682726416969672e-01
5.731995328096672893e-02 -9.798450629750732332e-02
5.791887384839355946e-02 -9.476673651079181582e-02
6.423201994039118290e-02 -9.220459034258965403e-02
6.108701671473681927e-02 -8.952320880780462176e-02
5.363356624729931355e-02 -9.376757779682520777e-02
5.018252180889248848e-02 -9.359231391863431782e-02
5.271183769218623638e-02 -9.159932528564240783e-02
5.538149876520037651e-02 -9.646719844022300094e-02
5.478725000284612179e-02 -9.618921430956106633e-02
5.044256127439439297e-02 -9.729213330138009042e-02
5.478621157817542553e-02 -1.016401026136009023e-01
6.194729008711874485e-02 -1.048198041244177148e-01
5.732273985631763935e-02 -1.122613238840131089e-01
5.116263474337756634e-02 -1.104081654193578288e-01
5.237412534188479185e-02 -1.024956395121989772e-01
5.248232445592293516e-02 -1.021049620612757280e-01
5.195227705553406850e-02 -9.648217931680846959e-02
