-6.056063981159178627e-03 4.981645199593154327e-02
2.786933211609721184e-03 -8.540550246834754944e-03
-4.741977201774716377e-03 -1.570323063060641289e-02
-1.113744056783616543e-02 -2.427521208301186562e-02
-2.045150077901780605e-02 -2.979243174195289612e-02
-2.461147378198802471e-02 -3.890004288405179977e-02
-3.339384286664426327e-02 -4.102424276061356068e-02
-3.813806292600929737e-02 -4.893294651992619038e-02
-3.524833917617797852e-02 -5.040613492019474506e-02
-3.867133799940347672e-02 -5.078001160291023552e-02
-3.790733881760388613e-02 -5.476458722841925919e-02
-4.153841140214353800e-02 -5.124263235484249890e-02
-3.630995622370392084e-02 -4.417313638259656727e-02
-4.445391765329986811e-02 -4.033598492969758809e-02
-4.142554628197103739e-02 -4.798769767512567341e-02
-3.609291661996394396e-02 -4.660044729826040566e-02
-3.832652780693024397e-02 -4.978468109038658440e-02
-3.113534196745604277e-02 -5.555460022878833115e-02
-2.406065107788890600e-02 -5.443464443669654429e-02
-3.106561570893973112e-02 -5.881648315698839724e-02
-3.958397067617624998e-02 -5.892011894320603460e-02
-4.182711394969373941e-02 -6.798228992556687444e-02
-3.952915698755532503e-02 -7.161226867174264044e-02
-4.617373610381036997e-02 -6.742894042690750211e-02
-3.922266897279769182e-02 -6.238318093528505415e-02
-4.672940273303538561e-02 -5.318784013797994703e-02
-3.959815774578601122e-02 -5.563873120991047472e-02
-3.793249407317489386e-02 -5.720365465094801039e-02
-4.512419912498444319e-02 -5.391322447394486517e-02
-3.822177171241492033e-02 -4.666655881737824529e-02
-3.325750853400677443e-02 -4.428460587223526090e-02
-3.922041726764291525e-02 -3.975767594238277525e-02
-3.978884231764823198e-02 -4.904345561226364225e-02
-3.557184489909559488e-02 -4.997200237994547933e-02
-3.202285210136324167e-02 -5.421863774245139211e-02
-3.936425701249390841e-02 -5.703699796868022531e-02
-4.580217890907078981e-02 -5.451439948228653520e-02
-4.495520051568746567e-02 -5.903703182411845773e-02
-3.762072511017322540e-02 -5.470981331018265337e-02
-4.064956842921674252e-02 -6.175470187736209482e-02
-3.888343635480850935e-02 -5.767170873878058046e-02
-4.288530291523784399e-02 -5.543583606777247041e-02
-3.732076741289347410e-02 -6.017491848615463823e-02
-3.747755743097513914e-02 -5.306212719005998224e-02
-3.832954500103369355e-02 -5.192433051706757396e-02
-3.929726453498005867e-02 -4.917878691048827022e-02
-3.733699303120374680e-02 -5.787479165883269161e-02
-3.413862222805619240e-02 -5.722820763185154647e-02
-3.813723567873239517e-02 -6.429716716229449958e-02
-3.447861573658883572e-02 -6.035380721732508391e-02
-4.182004206813871861e-02 -5.762686258822213858e-02
