-2.321343505654430150e-02 4.726837324061505807e-02
-8.687330409884452820e-03 -9.713870473206043243e-03
-1.145159220322966576e-02 -1.755305752158164978e-02
-2.072398504242300987e-02 -2.722999639809131622e-02
-2.707585506141185760e-02 -3.675136342644691467e-02
-3.628531377762556076e-02 -4.155424376949667931e-02
-3.821858565788716078e-02 -4.326497984584420919e-02
-3.864397207507863641e-02 -5.039060942362993956e-02
-4.272386577213183045e-02 -5.201889562886208296e-02
-4.926851630443707108e-02 -6.085561390500515699e-02
-4.153355263406410813e-02 -6.008386251050978899e-02
-4.786801949376240373e-02 -6.445363641250878572e-02
-4.341439629206433892e-02 -6.101788638625293970e-02
-5.046832707012072206e-02 -5.625981569755822420e-02
-4.333855776349082589e-02 -5.224088777322322130e-02
-3.646267118165269494e-02 -4.879543173592537642e-02
-4.283651156583800912e-02 -5.247225973289459944e-02
-3.895101236412301660e-02 -5.112099507823586464e-02
-4.382435610750690103e-02 -4.580822447314858437e-02
-4.274912289110943675e-02 -5.408425675705075264e-02
-3.974854404805228114e-02 -5.764064169488847256e-02
-3.363489796174690127e-02 -5.373850325122475624e-02
-3.728624613722786307e-02 -5.447620904305949807e-02
-3.867959283525124192e-02 -5.739372764946892858e-02
-3.449629578972235322e-02 -5.914783984189853072e-02
-2.844172302866354585e-02 -5.675885238451883197e-02
-3.692996181780472398e-02 -6.134449708042666316e-02
-3.989087609807029366e-02 -6.489211012376472354e-02
-4.066224722191691399e-02 -5.797496269224211574e-02
-3.553417744114995003e-02 -5.147363030118867755e-02
-4.015445988625288010e-02 -5.692561873001977801e-02
-4.254490998573601246e-02 -5.479731335071846843e-02
-4.132725868839770555e-02 -5.158063204726204276e-02
-3.773361735511571169e-02 -5.208168714307248592e-02
-3.988184488844126463e-02 -5.497153964824974537e-02
-4.594283492770045996e-02 -5.833039595745503902e-02
-3.938471002038568258e-02 -5.074828839860856533e-02
-4.376060178037732840e-02 -5.570705630816519260e-02
-4.235746199265122414e-02 -5.027504893951117992e-02
-3.862055833451449871e-02 -5.050488146662246436e-02
-4.503801488317549229e-02 -5.903531009971629828e-02
-4.451941989827901125e-02 -5.595556208572816104e-02
-3.917532472405582666e-02 -5.830422769940923899e-02
-4.486830451060086489e-02 -5.878378280613105744e-02
-3.925484663341194391e-02 -5.122671012941282243e-02
-3.632282384205609560e-02 -4.764211310248356313e-02
-3.333953639958053827e-02 -4.838384936738293618e-02
-3.793779865372925997e-02 -5.286661691206973046e-02
-4.690406762529164553e-02 -5.470166150189470500e-02
-3.929447161499410868e-02 -5.710242087661754340e-02
-4.038363858126103878e-02 -5.953169990971218795e-02
