-9.941628363185839312e-02 -3.921099871026579448e-02
-9.704158641397953033e-03 -9.919653646647930145e-03
-1.582214562222361565e-02 -1.865700446069240570e-02
-2.470522047951817513e-02 -2.859756350517272949e-02
-3.373013017699122429e-02 -3.818877693265676498e-02
-3.617378650233149529e-02 -4.817752167582511902e-02
-4.424620280042290688e-02 -5.809387378394603729e-02
-4.634236753918230534e-02 -6.581449741497635841e-02
-5.043745436705648899e-02 -7.539885165169835091e-02
-5.533711542375385761e-02 -8.487164741382002831e-02
-5.559966017608530819e-02 -9.180275350809097290e-02
-4.855118555133230984e-02 -8.935827761888504028e-02
-5.430091221933253109e-02 -9.713333984836935997e-02
-4.773159467731602490e-02 -9.261390101164579391e-02
-4.489492627908475697e-02 -8.895592112094163895e-02
-5.021711115841753781e-02 -8.805355452932417393e-02
-4.799149770406074822e-02 -9.240219253115355968e-02
-4.739342947141267359e-02 -9.635902452282607555e-02
-4.887727278401143849e-02 -9.180427133105695248e-02
-4.228434574906714261e-02 -1.008044180925935507e-01
-4.342275569797493517e-02 -1.033618601504713297e-01
-4.862160692573525012e-02 -9.652648796327412128e-02
-5.400509005994535983e-02 -9.775355982128530741e-02
-5.001341496245004237e-02 -1.032337836222723126e-01
-4.530596398399211466e-02 -1.092400817433372140e-01
-4.574639818747527897e-02 -1.006497439229860902e-01
-4.727429468766786158e-02 -9.607886627782136202e-02
-4.767084438935853541e-02 -8.995407691691070795e-02
-4.157463638694025576e-02 -9.409127815160900354e-02
-4.007542939507402480e-02 -9.588427108246833086e-02
-4.168038515490479767e-02 -8.972948614973574877e-02
-4.569604646530933678e-02 -9.757587697822600603e-02
-4.551440489012748003e-02 -9.434277575928717852e-02
-4.570524644805118442e-02 -9.821600944269448519e-02
-5.162809713510796428e-02 -9.623340156394988298e-02
-4.933061701012775302e-02 -8.938052237499505281e-02
-5.376569106010720134e-02 -8.486532617826014757e-02
-5.606853071367368102e-02 -8.625397016294300556e-02
-5.001653725048527122e-02 -9.077325020916759968e-02
-5.382234853459522128e-02 -9.410456335172057152e-02
-4.618680401472374797e-02 -9.556363313458859921e-02
-4.719395673600956798e-02 -8.735773316584527493e-02
-4.726675427082227543e-02 -9.476053272373974323e-02
-5.246456102031515911e-02 -8.575958502478897572e-02
-4.558364855620311573e-02 -8.928650384768843651e-02
-4.300240631710039452e-02 -9.745119744911789894e-02
-4.468631436611758545e-02 -1.039663334377110004e-01
-4.715829826454864815e-02 -1.045987834222614765e-01
-4.476874921965645626e-02 -1.012287798803299665e-01
-4.980828840780304745e-02 -9.881643205881118774e-02
-4.264790652814554051e-02 -1.023674693424254656e-01
