-9.962749153268035673e-02 -5.862339439581091410e-02
-9.444832801818847656e-03 -8.886574767529964447e-03
-1.716407807543873787e-02 -1.846971083432435989e-02
-2.420892985537648201e-02 -2.837666496634483337e-02
-2.888208627700805664e-02 -3.830162063241004944e-02
-3.641242906451225281e-02 -4.707929305732250214e-02
-4.565025679767131805e-02 -5.506153404712677002e-02
-4.766032216139137745e-02 -6.386485695838928223e-02
-5.440340680070221424e-02 -6.285979389213025570e-02
-5.119907320477068424e-02 -6.546314829029142857e-02
-5.675384285859763622e-02 -6.939070927910506725e-02
-5.706079068477265537e-02 -6.395850307308137417e-02
-5.981164748664014041e-02 -6.258707889355719090e-02
-6.629302303190343082e-02 -6.593275791965425014e-02
-5.817552233929745853e-02 -7.436712528578937054e-02
-5.767384674982167780e-02 -7.982359942980110645e-02
-5.703570155310444534e-02 -7.603113004006445408e-02
-6.131834417465142906e-02 -7.840195111930370331e-02
-6.447959036449901760e-02 -7.133608404546976089e-02
-6.799317194963805377e-02 -7.318599522113800049e-02
-6.977089479914866388e-02 -7.262999593513086438e-02
-6.283813793561421335e-02 -6.602745858253911138e-02
-6.031044814153574407e-02 -7.454232667805626988e-02
-6.242040297365747392e-02 -7.579330954467877746e-02
-5.703950099996291101e-02 -7.086258934577926993e-02
-5.532664360362105072e-02 -6.352587504079565406e-02
-6.450555307674221694e-02 -6.782765727257356048e-02
-6.949805116164498031e-02 -6.262882560258731246e-02
-6.265785099822096527e-02 -5.974407767644152045e-02
-5.702274685609154403e-02 -6.375275593018159270e-02
-6.128962870570831001e-02 -6.356003027758561075e-02
-5.461940189707092941e-02 -6.889963601133786142e-02
-5.991229016217403114e-02 -6.773739794152788818e-02
-6.088584798271767795e-02 -6.719663241528905928e-02
-5.453762222896330059e-02 -7.214847175055183470e-02
-6.043040563235990703e-02 -7.433047369704581797e-02
-6.119391546235419810e-02 -7.077041236334480345e-02
-6.025815833709202707e-02 -6.699041943647898734e-02
-5.158424269757233560e-02 -7.471751249977387488e-02
-5.781383332214318216e-02 -8.071978218504227698e-02
-6.291287470958195627e-02 -8.187291622743941844e-02
-6.744229732430540025e-02 -7.423077468411065638e-02
-7.001267615123651922e-02 -6.912658354849554598e-02
-6.473811678006313741e-02 -7.258883249596692622e-02
-6.128098195767961442e-02 -7.228583228425122797e-02
-6.817529708496294916e-02 -7.503007646300829947e-02
-6.572283650166355073e-02 -8.171520908945240080e-02
-6.020826971507631242e-02 -7.859619348892010748e-02
-6.431913035339675844e-02 -7.608438227907754481e-02
-5.892041357583366334e-02 -7.314992757164873183e-02
-5.756164944614283741e-02 -6.995571000152267516e-02
