-8.824040850238040745e-02 -9.704923280281020637e-02
-9.567500092089176178e-03 -9.931420907378196716e-03
-1.830744370818138123e-02 -1.988845318555831909e-02
-2.747350279241800308e-02 -2.958058938384056091e-02
-3.623016364872455597e-02 -3.947198856621980667e-02
-4.419358167797327042e-02 -4.934944026172161102e-02
-5.048776231706142426e-02 -5.901160836219787598e-02
-5.343008413910865784e-02 -6.747881229966878891e-02
-5.992050049826502800e-02 -7.420529983937740326e-02
-6.487656384706497192e-02 -7.254288345575332642e-02
-6.077284039929509163e-02 -7.329584326362237334e-02
-6.392272585071623325e-02 -7.734293065732344985e-02
-6.218058825470507145e-02 -8.710670511936768889e-02
-6.117667444050312042e-02 -9.358489647274836898e-02
-5.927526962477713823e-02 -8.415417134528979659e-02
-6.389979238156229258e-02 -8.088837814284488559e-02
-6.427300386712886393e-02 -8.977821812732145190e-02
-5.528427325771190226e-02 -8.909648284316062927e-02
-5.643912396044470370e-02 -9.475959697738289833e-02
-5.137953619123436511e-02 -9.025495918467640877e-02
-5.693996037007309496e-02 -8.700228622183203697e-02
-5.368653629557229578e-02 -8.875238941982388496e-02
-5.097933989600278437e-02 -8.886272357631241903e-02
-5.557091432274319232e-02 -9.271454848203575239e-02
-5.453636488527990878e-02 -9.580430844653164968e-02
-5.982250571832992136e-02 -8.865571990463649854e-02
-6.464634128496982157e-02 -8.421769868436967954e-02
-6.238416387350298464e-02 -9.188846582401311025e-02
-6.061686240718699992e-02 -8.406286211538827047e-02
-6.399501106352545321e-02 -8.554288234881823882e-02
-5.860590972588397563e-02 -8.200041160307591781e-02
-5.261567179695703089e-02 -7.545821091480320320e-02
-5.756263798684813082e-02 -7.434247750643407926e-02
-6.090390510507859290e-02 -8.018372850347077474e-02
-5.901452971738763154e-02 -8.777834651846205816e-02
-6.555955743533559144e-02 -8.880665353353833780e-02
-6.617314313189126551e-02 -8.575916234258329496e-02
-6.419527754769660532e-02 -8.551931563852122054e-02
-6.857469482929445803e-02 -8.936500964773586020e-02
-5.983097749412991107e-02 -8.178263014269759879e-02
-6.039307374157942832e-02 -9.004576267761876807e-02
-6.428666846477426589e-02 -8.747180291538825259e-02
-6.189426561468280852e-02 -8.459494794806232676e-02
-6.545401216135360301e-02 -8.839727538725128397e-02
-6.587330461479723454e-02 -8.247378627856960520e-02
-6.566847444628365338e-02 -7.825918142771115527e-02
-6.852696536225266755e-02 -8.129325319168856367e-02
-6.966417844523675740e-02 -8.913612920878222212e-02
-6.372590598766691983e-02 -8.589293804107001051e-02
-6.141480387304909527e-02 -8.650202061835443601e-02
-6.023755369824357331e-02 -8.391303326789056882e-02
