-7.870811848734382554e-02 -1.116849421186584812e-01
-9.463646449148654938e-03 -9.348132647573947906e-03
-1.717290049418807030e-02 -1.904893200844526291e-02
-2.438472304493188858e-02 -2.882455009967088699e-02
-3.311415016651153564e-02 -3.870809730142354965e-02
-2.883776603266596794e-02 -4.797219205647706985e-02
-3.867383254691958427e-02 -5.712011642754077911e-02
-3.544395836070179939e-02 -6.705487612634897232e-02
-4.166284063830971718e-02 -7.683099899441003799e-02
-3.842432727105915546e-02 -8.667047973722219467e-02
-3.469100478105247021e-02 -8.959255577065050602e-02
-3.570246335584670305e-02 -9.906366490758955479e-02
-3.436593408696353436e-02 -1.056384572293609381e-01
-4.242994519881904125e-02 -9.890369162894785404e-02
-4.570098593831062317e-02 -1.079331936780363321e-01
-4.310742346569895744e-02 -1.070834985002875328e-01
-5.011646635830402374e-02 -1.067506864492315799e-01
-4.676658054813742638e-02 -1.044204500794876367e-01
-4.120496660470962524e-02 -1.123290178657043725e-01
-4.308252478949725628e-02 -1.062632371031213552e-01
-3.735971474088728428e-02 -1.046765484206844121e-01
-3.008423349820077419e-02 -1.054050023958552629e-01
-3.922486561350524426e-02 -1.141850319982040673e-01
-4.075942293275147676e-02 -1.126816503528971225e-01
-4.310581216122955084e-02 -1.099970476061571389e-01
-3.830345056485384703e-02 -1.055569737509358674e-01
-3.487500583287328482e-02 -1.070656834926921874e-01
-4.002154327463358641e-02 -1.089947591826785356e-01
-4.106179694645106792e-02 -1.123639385041315109e-01
-3.365519526414573193e-02 -1.099157086864579469e-01
-2.894105785526335239e-02 -1.184033570170868188e-01
-3.223799029365181923e-02 -1.127862916619051248e-01
-3.186687390552833676e-02 -1.087219715409446508e-01
-3.888707497389987111e-02 -1.023845793970394880e-01
-3.796041349414736032e-02 -9.533066538278944790e-02
-4.075239284429699183e-02 -1.026735380582977086e-01
-4.364088026341050863e-02 -1.044538321730215102e-01
-3.819569793995469809e-02 -9.634304445353336632e-02
-3.947676985990256071e-02 -9.871395330992527306e-02
-4.202948405873030424e-02 -9.423127982881851494e-02
-3.657993150409311056e-02 -9.385241245036013424e-02
-3.980982245411723852e-02 -1.024156189814675599e-01
-4.658914904575794935e-02 -1.040181267599109560e-01
-4.059571481775492430e-02 -1.045230991148855537e-01
-4.497156327124685049e-02 -9.752307980670593679e-02
-4.366319847758859396e-02 -1.058000061602797359e-01
-3.671972022857517004e-02 -1.049770114768762141e-01
-4.432473878841847181e-02 -1.127978281874675304e-01
-4.138351080473512411e-02 -1.040407007385510951e-01
-4.412437661085277796e-02 -1.114045952272135764e-01
-4.118851886596530676e-02 -1.024698599067050964e-01
