-4.873749595473025192e-02 -1.373192790170799094e-01
8.813288062810897827e-03 -9.387302212417125702e-03
1.721419766545295715e-02 -1.931978855282068253e-02
2.260522544384002686e-02 -2.857462037354707718e-02
3.241638373583555222e-02 -3.771880269050598145e-02
4.079471062868833542e-02 -4.754660278558731079e-02
4.956807941198348999e-02 -5.694506969302892685e-02
5.121298402082175016e-02 -6.687263585627079010e-02
5.573948321398347616e-02 -7.683842629194259644e-02
5.850452475715428591e-02 -8.666504081338644028e-02
5.165386490989476442e-02 -9.549610409885644913e-02
4.811823426280170679e-02 -1.044527534395456314e-01
5.126158765051513910e-02 -9.700972866266965866e-02
5.266536760609596968e-02 -9.910233691334724426e-02
5.842232739087194204e-02 -9.894210771017242223e-02
5.365321680437773466e-02 -9.636428924568463117e-02
5.287462042178958654e-02 -1.058424205548362806e-01
4.848616046365350485e-02 -1.016027198202209547e-01
5.545692925807088614e-02 -1.060302673868136480e-01
6.037521490361541510e-02 -9.925387259863782674e-02
6.500624993350356817e-02 -1.079747287585632876e-01
6.529260493698529899e-02 -1.021308225608663633e-01
6.110585268470458686e-02 -1.035424489091383293e-01
5.985979977413080633e-02 -1.091394433315144852e-01
5.778243610984645784e-02 -1.058617769303964451e-01
6.173687972477637231e-02 -1.104722497548209503e-01
6.276052267639897764e-02 -1.078218768379883841e-01
5.496315573691390455e-02 -1.144754525303142145e-01
5.113698946661315858e-02 -1.113763460452901199e-01
5.580290532088838518e-02 -1.059892316843615845e-01
5.672458265325985849e-02 -1.129637797857867554e-01
6.030552004813216627e-02 -1.040201391588198021e-01
6.184154361835680902e-02 -1.099023646238492802e-01
5.594184281653724611e-02 -1.135298991139279678e-01
5.235419454402290285e-02 -1.040707248757826164e-01
4.741109753376804292e-02 -9.483621544495690614e-02
5.000948565430007875e-02 -1.012996825884329155e-01
4.956363516976125538e-02 -1.057236883352743462e-01
4.691826718044467270e-02 -1.010772762383567169e-01
4.543741783709265292e-02 -1.090362173999892548e-01
5.411213720799423754e-02 -1.113244171283440664e-01
4.702336332411505282e-02 -1.095942862593801692e-01
4.219431188539601862e-02 -1.086445923574501649e-01
4.697562698856927454e-02 -1.157937406242126599e-01
5.181927551166154444e-02 -1.120225917693460360e-01
5.131789259030483663e-02 -1.058110776502871886e-01
5.388502878486178815e-02 -1.062842765386449173e-01
5.692799956887029111e-02 -1.079437735752435401e-01
5.756818680674768984e-02 -1.131718338729115203e-01
5.020362130017019808e-02 -1.166062902921112254e-01
4.771434553549624979e-02 -1.157488167082192376e-01
