6.511001999830905163e-02 -1.258991784923907953e-01
9.754722006618976593e-03 -9.595253504812717438e-03
1.793995127081871033e-02 -1.942130737006664276e-02
2.516432013362646103e-02 -2.906626556068658829e-02
3.433648776262998581e-02 -3.902009874582290649e-02
4.371513519436120987e-02 -4.890178795903921127e-02
5.031219730153679848e-02 -5.869276635348796844e-02
5.386385926976799965e-02 -6.858454737812280655e-02
4.907079599797725677e-02 -7.855245284736156464e-02
4.697423358447849751e-02 -8.850292954593896866e-02
5.016614799387753010e-02 -9.764423035085201263e-02
5.208348156884312630e-02 -1.042432328686118126e-01
5.040138249751180410e-02 -1.096312100999057293e-01
5.214428785257041454e-02 -1.072715267073363066e-01
5.264111876022070646e-02 -1.123436999041587114e-01
5.097464146092534065e-02 -1.180194469634443521e-01
5.018896522233262658e-02 -1.110830113757401705e-01
4.985964955994859338e-02 -1.127416560193523765e-01
5.004876317980233580e-02 -1.154735215241089463e-01
5.639132649230305105e-02 -1.114357096375897527e-01
5.293024169804994017e-02 -1.062724977964535356e-01
5.096158130618277937e-02 -1.142837764928117394e-01
5.547084404679480940e-02 -1.142586662481335225e-01
5.321760500373784453e-02 -1.126257851301488699e-01
5.063947524467948824e-02 -1.094990851870534243e-01
5.511038844997528940e-02 -1.150807668036577525e-01
5.918115565145853907e-02 -1.167896212591585936e-01
6.278646296414081007e-02 -1.139700987423566403e-01
5.836795807408634573e-02 -1.164885111666080775e-01
6.053491706552449614e-02 -1.215052208444831194e-01
6.327454677375499159e-02 -1.127882417804357829e-01
5.796547398495022207e-02 -1.046148980549332919e-01
5.738726364506874233e-02 -1.087059094152209582e-01
5.477065443119499832e-02 -1.089358951303438516e-01
5.555085775267798454e-02 -1.066392734519467922e-01
5.173954072233755141e-02 -1.118775177619681926e-01
5.034829567011911422e-02 -1.161643983668909641e-01
4.641941313457209617e-02 -1.126574519894347759e-01
4.962378491472918540e-02 -1.100371568336413475e-01
5.741989130910951644e-02 -1.164009915537462803e-01
6.263520459469873458e-02 -1.131198918319569202e-01
6.381444197904784232e-02 -1.194401518314407440e-01
5.967808498826343566e-02 -1.202535871289001079e-01
5.997591149935033172e-02 -1.182703750546352239e-01
5.939172876242082566e-02 -1.144312138076202245e-01
5.475191974255722016e-02 -1.197438032704667421e-01
5.196125658403616399e-02 -1.213087274099962087e-01
5.622609744023066014e-02 -1.195731463249103399e-01
5.912048944446723908e-02 -1.145209709520713659e-01
5.245698911312501878e-02 -1.130920223531575175e-01
5.488343808974605054e-02 -1.131648914106335724e-01
