7.950879772348845576e-02 -1.106494112466510082e-01
9.121708571910858154e-03 -9.935178793966770172e-03
1.893494091928005219e-02 -1.987752038985490799e-02
2.831692434847354889e-02 -2.976906020194292068e-02
3.504682285711169243e-02 -3.970727883279323578e-02
4.413076816126704216e-02 -4.966444522142410278e-02
4.672279767692089081e-02 -5.964652728289365768e-02
5.337514542043209076e-02 -6.943042855709791183e-02
5.422873515635728836e-02 -7.930470164865255356e-02
4.806350218132138252e-02 -8.742415904998779297e-02
4.804854797203006456e-02 -9.506291244179010391e-02
5.055737778548063943e-02 -9.670792846009135246e-02
5.453682089228095720e-02 -9.742291714064776897e-02
5.006656007844867418e-02 -1.039794313255697489e-01
4.776620659049513051e-02 -1.015781974419951439e-01
4.801166567722248146e-02 -9.669786086305975914e-02
5.507427964130329201e-02 -1.031297515146434307e-01
5.653131995586591074e-02 -1.017327557783573866e-01
5.561960969589563319e-02 -1.072748985607177019e-01
6.229678649924608180e-02 -1.075197878235485405e-01
5.767651988662692020e-02 -1.125078416371252388e-01
5.527845948472531745e-02 -1.150495017354842275e-01
5.098910621836694190e-02 -1.066183334623929113e-01
5.263458778154017637e-02 -1.005261809041257948e-01
5.788789064627053449e-02 -9.710959749645553529e-02
5.857600124090822646e-02 -9.284848286188207567e-02
6.084502131216140697e-02 -9.668299867189489305e-02
5.469672164417715976e-02 -1.025653200631495565e-01
5.575919108468951890e-02 -9.948109913966618478e-02
5.721296979118051240e-02 -1.013263802451547235e-01
5.541031322445633123e-02 -1.032260219508316368e-01
5.377562603916885564e-02 -1.037760541948955506e-01
5.708629688251676271e-02 -1.016212522226851434e-01
5.707995137208854430e-02 -1.034380541823338717e-01
5.459185629160856479e-02 -1.049965034180786461e-01
5.386479947492261999e-02 -1.012210665212478489e-01
5.391907188686673180e-02 -1.035718741768505424e-01
5.674209803919438855e-02 -1.046196731913369149e-01
5.476155187579934136e-02 -9.745025748270563781e-02
6.103045129793827073e-02 -1.000493012543302029e-01
6.038533358014319674e-02 -1.016510222980286926e-01
6.148374101258013980e-02 -1.092029610590543598e-01
5.442628797254656092e-02 -1.104060384386684746e-01
5.895199461019728915e-02 -1.027584453986492008e-01
5.733665926027242676e-02 -1.081593326234724373e-01
4.957982068526689545e-02 -1.015588288137223572e-01
5.605111838895027176e-02 -9.694764678715728223e-02
6.243001911434475915e-02 -9.856384221347980201e-02
6.206011449330617324e-02 -1.068447369325440377e-01
6.139322076569442288e-02 -1.044282335496973246e-01
6.029849205742721097e-02 -1.028777868195902556e-01
