9.641941174349447086e-02 -7.651974809530592836e-02
9.828097186982631683e-03 -9.870308451354503632e-03
1.939694769680500031e-02 -1.971091609448194504e-02
2.925719693303108215e-02 -2.893766295164823532e-02
3.917455207556486130e-02 -3.869688790291547775e-02
4.738956689834594727e-02 -4.769779834896326065e-02
5.680548679083585739e-02 -5.743234977126121521e-02
6.485463399440050125e-02 -6.611345522105693817e-02
7.304998114705085754e-02 -6.927272654138505459e-02
6.430259253829717636e-02 -7.662301859818398952e-02
6.725722574628889561e-02 -8.466633106581866741e-02
7.173270941711962223e-02 -8.782642032019793987e-02
6.321417191065847874e-02 -9.175319573841989040e-02
6.965019530616700649e-02 -9.640369680710136890e-02
6.066638766787946224e-02 -9.483487880788743496e-02
5.839453870430588722e-02 -1.009888758417218924e-01
5.874705367023125291e-02 -1.040058531798422337e-01
5.894582919427193701e-02 -9.931365028023719788e-02
6.260146541171707213e-02 -9.846390504390001297e-02
6.604956314549781382e-02 -9.889473931980319321e-02
6.543141885777004063e-02 -9.599663273547776043e-02
6.426133800414390862e-02 -9.611075238353805616e-02
6.131307667237706482e-02 -1.018720889187534340e-01
5.811466046725399792e-02 -9.655768384254770353e-02
5.586476766620762646e-02 -1.013657269722898491e-01
6.005641541560180485e-02 -1.025899985761498101e-01
5.916978084133006632e-02 -9.560818243335234001e-02
5.430952869937755167e-02 -1.030396560163353570e-01
5.983289555297233164e-02 -1.021789959704619832e-01
5.548247406841255724e-02 -9.497788223234238103e-02
5.226027328171767294e-02 -9.742802358960034326e-02
4.968701084726490080e-02 -9.242609260400058702e-02
5.683935122215189040e-02 -9.939074121211888269e-02
5.890402864315547049e-02 -1.065619213113677688e-01
5.713780657970346510e-02 -1.036688822860014625e-01
5.326481317752040923e-02 -1.044110620350693353e-01
5.453576418221928179e-02 -1.029654372905497439e-01
5.770404907525517046e-02 -1.034764577125315554e-01
5.896284306072629988e-02 -9.897802392515586689e-02
5.579144219518639147e-02 -1.008044424888794310e-01
5.211514807888306677e-02 -1.002617791600641795e-01
5.394141052966006100e-02 -1.057118928365525790e-01
5.754764869925566018e-02 -1.069018346097436734e-01
5.334849029895849526e-02 -1.034760194670525379e-01
5.584896475193090737e-02 -9.951394133531721309e-02
5.278177469153888524e-02 -1.044468953114119358e-01
5.351378410705365241e-02 -1.120727000597980805e-01
5.271819923655129969e-02 -1.167288263168302365e-01
5.774354646564461291e-02 -1.077420803558197804e-01
5.730327259516343474e-02 -1.069603773721610196e-01
5.654801975470036268e-02 -9.970310208882438019e-02
