9.979997904025578181e-02 -5.632172314835975913e-02
9.870969690382480621e-03 -9.481864981353282928e-03
1.941288635134696960e-02 -1.873054075986146927e-02
2.882622182369232178e-02 -2.773404773324728012e-02
3.840420674532651901e-02 -3.600656613707542419e-02
4.814526531845331192e-02 -4.567949194461107254e-02
5.722421407699584961e-02 -5.254399124532938004e-02
6.460927566513419151e-02 -5.717958789318799973e-02
7.092422666028141975e-02 -6.534185912460088730e-02
7.616114802658557892e-02 -6.369710830040276051e-02
7.731916964985430241e-02 -5.539423064328730106e-02
8.215035381726920605e-02 -5.342149105854332447e-02
8.479724475182592869e-02 -5.302215187111869454e-02
8.171809930354356766e-02 -5.137382360408082604e-02
7.660987088456749916e-02 -5.064635729650035501e-02
8.308122074231505394e-02 -5.619689176091924310e-02
8.379693306051194668e-02 -5.532712052809074521e-02
7.563756196759641171e-02 -5.039428436430171132e-02
8.290284476242959499e-02 -5.501100915716961026e-02
8.185959956608712673e-02 -5.166023393394425511e-02
8.244545717025175691e-02 -4.927876853616908193e-02
8.952986734220758080e-02 -4.275263362796977162e-02
8.139526477316394448e-02 -3.950590436579659581e-02
8.248757111141458154e-02 -4.198594397166743875e-02
8.575370773905888200e-02 -4.417850245954468846e-02
8.097779290983453393e-02 -5.250287411035969853e-02
7.687609695130959153e-02 -5.646131635876372457e-02
7.695005320420023054e-02 -4.844783880980685353e-02
7.984246498381253332e-02 -5.044691782677546144e-02
8.331590656598564237e-02 -5.237826082156971097e-02
7.684991553833242506e-02 -4.805361368926241994e-02
7.470282212307211012e-02 -5.446051043691113591e-02
6.790004529466386884e-02 -5.612059513805434108e-02
6.941223294415976852e-02 -5.064341024262830615e-02
7.558401265123393387e-02 -5.354003369575366378e-02
7.843820481502916664e-02 -4.866302659502252936e-02
7.763754161715041846e-02 -4.542177257826551795e-02
8.128782761923503131e-02 -4.737146670231595635e-02
7.866604933224152774e-02 -5.016450100811198354e-02
8.007487181748729199e-02 -4.389271215768530965e-02
8.166185025766026229e-02 -4.865259007783606648e-02
8.878537504642736167e-02 -5.143921572016552091e-02
8.321546162187587470e-02 -4.377485980512574315e-02
7.581261875748168677e-02 -4.687363427365198731e-02
7.567262115480843931e-02 -5.407575709978118539e-02
7.719484264089260250e-02 -5.737205251352861524e-02
7.083080256415996701e-02 -5.289011570857837796e-02
7.443126048019621521e-02 -5.699788342462852597e-02
7.431299115705769509e-02 -5.841475137276574969e-02
8.151543528947513551e-02 -5.167193681700155139e-02
8.525333779107313603e-02 -4.946276469854637980e-02
