9.935378621374334196e-02 -3.864988259999986575e-02
9.546183981001377106e-03 -9.711898863315582275e-03
1.943210046738386154e-02 -1.811711397022008896e-02
2.930255793035030365e-02 -2.798754721879959106e-02
3.914124146103858948e-02 -3.564866492524743080e-02
4.820233210921287537e-02 -3.848555986769497395e-02
5.778082646429538727e-02 -4.161969246342778206e-02
6.731102522462606430e-02 -4.459392488934099674e-02
7.671302277594804764e-02 -3.799303737469017506e-02
7.229590695351362228e-02 -4.107007104903459549e-02
7.832035096362233162e-02 -4.443863942287862301e-02
8.048560400493443012e-02 -3.786224941723048687e-02
8.363690855912864208e-02 -3.899292624555528164e-02
8.257352898363023996e-02 -3.664036304689943790e-02
8.857155044097453356e-02 -3.924168623052537441e-02
8.423237421084195375e-02 -3.077565855346620083e-02
9.035429090727120638e-02 -3.873261041007936001e-02
8.890208275988698006e-02 -3.196419193409383297e-02
8.920601400313898921e-02 -3.671504673548042774e-02
9.035909915110096335e-02 -3.153768018819391727e-02
9.370662219589576125e-02 -3.428193344734609127e-02
9.293962188530713320e-02 -3.264102002140134573e-02
9.331448501325212419e-02 -2.821520844008773565e-02
9.161173828761093318e-02 -3.251709125470370054e-02
9.378030055086128414e-02 -3.580297005828469992e-02
8.757876741583459079e-02 -3.110368025954812765e-02
8.613864119979552925e-02 -3.482373605947941542e-02
8.540597735554911196e-02 -3.055998811032623053e-02
8.603905022027902305e-02 -3.103561885654926300e-02
8.160596314701251686e-02 -3.055028922972269356e-02
8.228289787075482309e-02 -3.866889074561186135e-02
7.683079628623090684e-02 -3.822615818353369832e-02
7.879610927193425596e-02 -4.102625075029209256e-02
8.388664163067005575e-02 -4.441800346830859780e-02
8.348102428135462105e-02 -4.722941742511466146e-02
9.006878946092911065e-02 -4.489919409388676286e-02
8.964385246508754790e-02 -4.562054260168224573e-02
8.498301371582783759e-02 -4.424066178034991026e-02
8.271881160908378661e-02 -4.359925381140783429e-02
8.628478102036751807e-02 -3.617005498381331563e-02
9.312140257679857314e-02 -3.725406917510554194e-02
9.152525514946319163e-02 -3.953797550639137626e-02
9.605198577628470957e-02 -4.212759173242375255e-02
9.670299125718884170e-02 -3.500953986076638103e-02
8.770491296309046447e-02 -3.060983511386439204e-02
8.738050158717669547e-02 -3.291677794186398387e-02
9.297349970438517630e-02 -3.465176239842548966e-02
9.154799269163049757e-02 -3.485724702477455139e-02
9.620593595900572836e-02 -3.634140919893980026e-02
9.291378423222340643e-02 -3.538879111874848604e-02
9.420792505261488259e-02 -3.484747366746887565e-02
