2.377277256107635309e-02 4.713318323188701864e-02
5.129482597112655640e-03 -7.425281684845685959e-03
1.216346817091107368e-02 -1.380275143310427666e-02
1.918529346585273743e-02 -2.197684952989220619e-02
2.404384454712271690e-02 -2.091672725509852171e-02
2.591947745531797409e-02 -1.949935860466212034e-02
2.426829596515744925e-02 -1.878003904130309820e-02
3.210929722990840673e-02 -2.406967559363692999e-02
3.643181535881012678e-02 -2.850594918709248304e-02
4.140410840045660734e-02 -2.294473338406533003e-02
4.798278247471898794e-02 -1.994262507651001215e-02
4.254710802342742682e-02 -1.353430107701569796e-02
4.804835689719766378e-02 -1.443309854948893189e-02
5.441962589975446463e-02 -1.799231354380026460e-02
4.975620040204375982e-02 -1.618053024867549539e-02
5.190862657036632299e-02 -8.436482923571020365e-03
4.942723584827035666e-02 -6.859347631689161062e-03
4.843680933117866516e-02 -4.818682500626891851e-03
4.790934815537184477e-02 -8.752034453209489584e-03
4.870116605889052153e-02 -1.583390956511721015e-02
5.395162699278444052e-02 -1.680491270963102579e-02
4.545460583176463842e-02 -1.306824747007340193e-02
4.195586859714239836e-02 -1.782108831685036421e-02
4.268305003643035889e-02 -2.495610935147851706e-02
3.951053926721215248e-02 -2.448614343302324414e-02
4.879298014566302299e-02 -2.141754614422097802e-02
4.568958445452153683e-02 -2.539978368440642953e-02
4.991341964341700077e-02 -2.185289614135399461e-02
5.229127896018326283e-02 -1.537199976155534387e-02
4.892330965958535671e-02 -1.088955538580194116e-02
4.845340215251781046e-02 -1.078189271356677637e-02
4.775478926603682339e-02 -1.695806407224154100e-02
4.664903008961118758e-02 -1.596473124664044008e-02
4.333841885090805590e-02 -2.064369353320216760e-02
3.659715867252089083e-02 -1.636039060394978151e-02
4.131667214096523821e-02 -1.748498240340268239e-02
3.942798278876580298e-02 -1.894230281322961673e-02
3.317508209147490561e-02 -1.558308887615567073e-02
2.780879815691150725e-02 -2.100879864156013355e-02
2.819289048784412444e-02 -2.577532573923235759e-02
3.191217142739333212e-02 -3.324787204473977908e-02
3.165075858123600483e-02 -2.961924138799076900e-02
3.335616784170269966e-02 -2.466538015141850337e-02
3.631206462159752846e-02 -1.941442934185033664e-02
3.701769775943830609e-02 -1.956945684651145712e-02
3.499239921802654862e-02 -2.303211348043987527e-02
3.667944780318066478e-02 -2.738576013507554308e-02
3.723970166174694896e-02 -2.831338361283997074e-02
3.815243829740211368e-02 -3.725437555840471759e-02
3.524432651465758681e-02 -3.042903604364255443e-02
4.275827383389696479e-02 -3.255602173885563388e-02
