-5.285403886027317810e-02 3.489081561721935065e-02
9.719954803586006165e-03 -9.646315127611160278e-03
1.925911009311676025e-02 -1.935589220374822617e-02
2.488183556124567986e-02 -2.897548396140336990e-02
3.182363323867321014e-02 -3.695326205343008041e-02
4.047379735857248306e-02 -4.196200938895344734e-02
4.051267150862258859e-02 -4.758035670965909958e-02
4.361133445127052255e-02 -5.516531923785805702e-02
4.832909191100043245e-02 -6.382117001339793205e-02
4.745005454242345877e-02 -6.713927118107676506e-02
5.085560154475388117e-02 -7.359794573858380318e-02
4.636385418780264445e-02 -7.162139727734029293e-02
5.341598239101585932e-02 -6.910320231691002846e-02
5.309359995953855105e-02 -7.398046692833304405e-02
5.215149907235172577e-02 -7.428724726196378469e-02
4.595404978681472130e-02 -6.831941555719822645e-02
4.922845958571997471e-02 -6.580573169048875570e-02
4.552149771552649327e-02 -6.923317455220967531e-02
4.823643550116685219e-02 -6.996590871131047606e-02
4.502328041780856438e-02 -6.335693731671199203e-02
5.067220538694527932e-02 -6.104405544465407729e-02
5.758633440200355835e-02 -5.895117198815569282e-02
6.335909640256431885e-02 -6.822689337423071265e-02
5.703695885677007027e-02 -6.099545158213004470e-02
5.524471214812365361e-02 -6.782033288618549705e-02
5.690619639426586218e-02 -7.275071454932913184e-02
5.042508301630732603e-02 -6.844169687246903777e-02
5.681981948509928770e-02 -7.384318759432062507e-02
6.231577891230699606e-02 -7.790339266648516059e-02
5.458871239170548506e-02 -7.236266642576083541e-02
5.262779827535268851e-02 -6.814645224949344993e-02
4.601310250654933043e-02 -7.043591485125944018e-02
5.384209157273289748e-02 -6.383387575624510646e-02
5.154029965706286021e-02 -7.267848326591774821e-02
5.135004938711063005e-02 -7.679786783410236239e-02
5.327329220381216146e-02 -7.292911288095638156e-02
5.042286398020223714e-02 -7.549208699492737651e-02
5.024905922255129553e-02 -7.013972586719319224e-02
5.355902179508120753e-02 -7.572253159014508128e-02
5.116000515772611834e-02 -7.726966304471716285e-02
5.620385031579644419e-02 -7.139484112849459052e-02
5.182710686131031252e-02 -6.532162841176614165e-02
5.710253515644581057e-02 -6.458226020913571119e-02
5.137851904510171153e-02 -6.288835348095744848e-02
4.943875561366439797e-02 -5.994220438878983259e-02
4.736335005509317853e-02 -6.596625677775591612e-02
4.047376138987601735e-02 -7.377818680834025145e-02
3.614779597046435811e-02 -7.420446671312674880e-02
3.845295182327390648e-02 -7.381228604936040938e-02
3.868452181995962746e-02 -6.932025370770134032e-02
3.482253129550372250e-02 -7.595193586894311011e-02
