-6.871205897599048928e-02 2.265433883313512642e-02
9.407498873770236969e-03 -9.830329567193984985e-03
1.909951213747262955e-02 -1.958296913653612137e-02
2.889269124716520309e-02 -2.898126281797885895e-02
3.816870879381895065e-02 -3.889059182256460190e-02
4.277788801118731499e-02 -4.569186922162771225e-02
4.611115856096148491e-02 -5.227576335892081261e-02
5.079032341018319130e-02 -6.052943738177418709e-02
5.731362383812665939e-02 -7.015020353719592094e-02
5.473352596163749695e-02 -7.875413307920098305e-02
5.587295698933303356e-02 -8.654876099899411201e-02
5.260433978401124477e-02 -8.466190448962152004e-02
4.908764199353754520e-02 -8.718138793483376503e-02
5.662691430188715458e-02 -8.038295991718769073e-02
6.007165974006056786e-02 -8.259822963736951351e-02
6.433354178443551064e-02 -8.513732254505157471e-02
5.840039951726794243e-02 -7.689116243273019791e-02
5.414526583626866341e-02 -7.216168055310845375e-02
5.990470061078667641e-02 -7.948593609035015106e-02
5.594285577535629272e-02 -7.721032970584928989e-02
6.175590818747878075e-02 -8.136542770080268383e-02
6.479640305042266846e-02 -7.892109965905547142e-02
6.118061859160661697e-02 -8.685613842681050301e-02
6.343872030265629292e-02 -8.361767022870481014e-02
6.260329147335141897e-02 -7.436620420776307583e-02
5.816966330166906118e-02 -7.465300147305242717e-02
5.992510344367474318e-02 -7.089981038006953895e-02
6.839832745026797056e-02 -6.895001136581413448e-02
6.821476660843472928e-02 -7.554791119764558971e-02
6.664175893820356578e-02 -7.039932764018885791e-02
6.749226948886644095e-02 -7.078797733993269503e-02
6.904264939657878131e-02 -7.901741555542685091e-02
6.290852166421245784e-02 -7.659181641065515578e-02
5.647488152317237109e-02 -8.222024902352131903e-02
5.716162837052252144e-02 -7.636482236557640135e-02
5.640459932328667492e-02 -7.761307773762382567e-02
6.279518023075070232e-02 -7.564232885488308966e-02
5.886075539456214756e-02 -8.028911022120155394e-02
5.712142398988362402e-02 -8.042458680574782193e-02
5.626926715194713324e-02 -8.621964466874487698e-02
5.025235847278963774e-02 -8.290013929945416749e-02
5.807200823619496077e-02 -8.136517790262587368e-02
5.032440186187159270e-02 -8.791029502754099667e-02
5.190234181645791978e-02 -8.634181079105474055e-02
5.112065972934942693e-02 -8.602772411541081965e-02
5.090370657853782177e-02 -8.688192421686835587e-02
5.356153356842696667e-02 -8.830953892902471125e-02
5.798167805187404156e-02 -8.559583002352155745e-02
6.468481407500803471e-02 -8.390885175322182477e-02
7.057718723081052303e-02 -8.354519904241897166e-02
7.031600148184224963e-02 -8.417280911817215383e-02
