-8.231554786151928926e-02 6.781604241672567479e-03
-9.711356833577156067e-03 -9.780153632164001465e-03
-1.840615831315517426e-02 -1.968767307698726654e-02
-2.800546400249004364e-02 -2.937282156199216843e-02
-3.699459414929151535e-02 -3.809511102735996246e-02
-4.636868182569742203e-02 -4.729857575148344040e-02
-5.414578551426529884e-02 -5.703335069119930267e-02
-5.485104193212464452e-02 -6.172095192596316338e-02
-6.223878479795530438e-02 -7.095870608463883400e-02
-6.849313416751101613e-02 -7.244406687095761299e-02
-7.571372232632711530e-02 -7.389808574225753546e-02
-6.994448165642097592e-02 -6.991331034805625677e-02
-7.240937795722857118e-02 -7.704964315053075552e-02
-6.776766764232888818e-02 -8.157242403831332922e-02
-6.897070986451581120e-02 -7.550073636230081320e-02
-6.801677925977855921e-02 -8.113188517745584249e-02
-6.756678089732304215e-02 -8.567347179632633924e-02
-7.048911909805610776e-02 -8.135403541382402182e-02
-6.861199362901970744e-02 -7.555417937692254782e-02
-7.538929552538320422e-02 -7.981334940996021032e-02
-7.293394784210249782e-02 -7.076651824172586203e-02
-6.800681090680882335e-02 -6.772134092170745134e-02
-6.905203679343685508e-02 -7.447459001559764147e-02
-6.697763426927849650e-02 -8.178855257574468851e-02
-6.536300649167969823e-02 -8.682772342581301928e-02
-7.087601145030930638e-02 -7.958533114288002253e-02
-7.425900181988254189e-02 -7.356833165977150202e-02
-6.855621567228808999e-02 -7.720914541278034449e-02
-7.133557304041460156e-02 -6.990922160912305117e-02
-7.359165704110637307e-02 -7.639784051571041346e-02
-7.307567395037040114e-02 -7.378642994444817305e-02
-7.019794982625171542e-02 -8.120893815066665411e-02
-6.718534155515953898e-02 -7.903563592117279768e-02
-7.299873064039275050e-02 -7.772566657513380051e-02
-7.380819506943225861e-02 -7.218706700950860977e-02
-7.529360894113779068e-02 -6.797829037532210350e-02
-7.745941635221242905e-02 -6.048151990398764610e-02
-6.839316338300704956e-02 -6.761392019689083099e-02
-6.645630451384931803e-02 -7.607422675937414169e-02
-6.849288439843803644e-02 -7.695227052317932248e-02
-6.695126160047948360e-02 -7.362457417184486985e-02
-6.101902830414474010e-02 -7.663280732231214643e-02
-6.322791310958564281e-02 -8.276390406535938382e-02
-6.802802276797592640e-02 -8.677564683603122830e-02
-7.073480193503201008e-02 -8.609317842638120055e-02
-6.447885814122855663e-02 -9.093543415656313300e-02
-6.325796910095959902e-02 -9.078795796085614711e-02
-6.906518212053924799e-02 -8.530045866791624576e-02
-7.166428782511502504e-02 -9.101879603986162692e-02
-7.002005795948207378e-02 -8.954071295738685876e-02
-6.784551846794784069e-02 -8.514370485499966890e-02
