-9.199722508873617310e-02 -1.080165085144002557e-02
-9.708518162369728088e-03 -9.888622909784317017e-03
-1.963879261165857315e-02 -1.964414585381746292e-02
-2.934687305241823196e-02 -2.950475458055734634e-02
-3.918330557644367218e-02 -3.907911013811826706e-02
-4.860914964228868484e-02 -4.887504316866397858e-02
-5.759927351027727127e-02 -5.860950797796249390e-02
-6.750581692904233932e-02 -6.814767047762870789e-02
-7.722036447376012802e-02 -7.803782634437084198e-02
-8.630269858986139297e-02 -8.461578749120235443e-02
-9.458607621490955353e-02 -9.412006754428148270e-02
-1.018854090943932533e-01 -9.574561496265232563e-02
-1.076625660061836243e-01 -1.023428698536008596e-01
-1.126501513645052910e-01 -9.871590952388942242e-02
-1.191453118808567524e-01 -9.820667846361175179e-02
-1.181796904420480132e-01 -1.065782644436694682e-01
-1.179782076796982437e-01 -1.000181963318027556e-01
-1.255123339651618153e-01 -1.037205828470177948e-01
-1.227619910205248743e-01 -1.006535781198181212e-01
-1.280185549112502486e-01 -9.678737429203465581e-02
-1.192388698982540518e-01 -9.819560666801407933e-02
-1.137656999344471842e-01 -1.016994428937323391e-01
-1.071118308755103499e-01 -9.744268917711451650e-02
-1.053597106656525284e-01 -9.446926141390576959e-02
-1.060087175865191966e-01 -9.857266215840354562e-02
-1.112591463897842914e-01 -1.032203855575062335e-01
-1.077923209231812507e-01 -9.798472799593582749e-02
-1.137070583936292678e-01 -1.019539628759957850e-01
-1.099050713528413326e-01 -9.853243461111560464e-02
-1.039388680655974895e-01 -9.817226283485069871e-02
-1.031764889194164425e-01 -9.245155943790450692e-02
-1.024870491528417915e-01 -9.445042867446318269e-02
-9.717209366499446332e-02 -1.032643071957863867e-01
-9.757695463486015797e-02 -1.038408975000493228e-01
-9.706452279351651669e-02 -1.029566840734332800e-01
-1.037895849440246820e-01 -9.502323693595826626e-02
-1.040036049525951967e-01 -9.147221990860998631e-02
-1.009365061618154868e-01 -9.596164640970528126e-02
-1.064081580698257312e-01 -1.039971422869712114e-01
-1.129059360682731494e-01 -1.073882579803466797e-01
-1.177656182408099994e-01 -1.119492994621396065e-01
-1.106054934061830863e-01 -1.074131475761532784e-01
-1.088916632434120402e-01 -1.080387173569761217e-01
-1.079026947118109092e-01 -1.015760208829306066e-01
-1.047886882297461852e-01 -1.037303460179828107e-01
-9.890258660016115755e-02 -1.086081386893056333e-01
-9.858344188251066953e-02 -1.070193995838053524e-01
-1.018463370419340208e-01 -1.086041201488114893e-01
-1.048437079443829134e-01 -1.119835698627866805e-01
-1.017140659532742575e-01 -1.077000108198262751e-01
-1.033189567533554509e-01 -1.077110150290536694e-01
