-9.210504785811864104e-02 -8.894432126836562813e-02
-8.323741145431995392e-03 -9.743232280015945435e-03
-1.743361447006464005e-02 -1.940656732767820358e-02
-2.709995768964290619e-02 -2.852158620953559875e-02
-3.519863542169332504e-02 -3.400498768314719200e-02
-3.956964612007141113e-02 -4.356532776728272438e-02
-4.277769150212407112e-02 -5.269277794286608696e-02
-4.436129808891564608e-02 -6.263121636584401131e-02
-5.017146200407296419e-02 -7.082720613107085228e-02
-4.422171099577099085e-02 -7.908855983987450600e-02
-4.668061353731900454e-02 -8.211375423707067966e-02
-5.072110251057893038e-02 -8.824971248395740986e-02
-5.335141613613814116e-02 -8.736113243503496051e-02
-5.779861973132938147e-02 -8.103730407310649753e-02
-5.959861259907484055e-02 -7.682629692135378718e-02
-5.933775645098648965e-02 -7.541469327406957746e-02
-5.717769739567302167e-02 -8.462204813258722425e-02
-5.431829331791959703e-02 -7.685120246605947614e-02
-4.745475421077571809e-02 -8.591336320387199521e-02
-5.373813011101447046e-02 -9.415501105831936002e-02
-5.197274064994417131e-02 -9.183089720318093896e-02
-4.727701036608777940e-02 -9.593205299461260438e-02
-5.056821656762622297e-02 -9.000702580669894814e-02
-5.772276976495049894e-02 -9.569465654203668237e-02
-5.344262448488734663e-02 -8.953553956234827638e-02
-4.885884615941904485e-02 -8.996024410589598119e-02
-4.574359286925755441e-02 -9.058920483221299946e-02
-4.779169950052164495e-02 -8.932580813416279852e-02
-5.706757734878920019e-02 -9.347612239071168005e-02
-4.870762358768843114e-02 -9.913530960329808295e-02
-5.368914743303321302e-02 -9.685252807685174048e-02
-4.742661639465950429e-02 -9.035297451191581786e-02
-4.758173211303073913e-02 -8.715986800962127745e-02
-4.619590502989012748e-02 -8.552486021653749049e-02
-4.355055915948469192e-02 -8.874600604758597910e-02
-5.037162623193580657e-02 -8.979104951140470803e-02
-4.260030838486272842e-02 -9.769006937858648598e-02
-4.524509522889275104e-02 -9.555744033423252404e-02
-4.365755776234436780e-02 -9.074525328469462693e-02
-4.422361771867144853e-02 -8.502165300888009369e-02
-3.830190138251055032e-02 -9.228045240161009133e-02
-4.478754890442360193e-02 -8.780259385821409523e-02
-4.755540071346331388e-02 -9.273590639350004494e-02
-4.404806434467900544e-02 -8.503748130169697106e-02
-4.751306232356000692e-02 -8.177921248716302216e-02
-4.160545412742067128e-02 -8.612490099039860070e-02
-4.877542304166126996e-02 -8.981736216810531914e-02
-4.256176781200338155e-02 -8.694999970612116158e-02
-4.913033284537959844e-02 -9.181861605611629784e-02
-5.462933164380956441e-02 -8.283733323332853615e-02
-5.092418887943495065e-02 -8.536438181181438267e-02
