-8.335483304039083274e-02 -1.052446541197297192e-01
-9.379990398883819580e-03 -9.515998885035514832e-03
-1.833319105207920074e-02 -1.816757395863533020e-02
-2.755687572062015533e-02 -2.799052931368350983e-02
-3.373731300234794617e-02 -3.766865003854036331e-02
-4.280887730419635773e-02 -4.662625305354595184e-02
-5.164486821740865707e-02 -5.412665335461497307e-02
-4.862378886900842190e-02 -5.888665653765201569e-02
-5.018682230729609728e-02 -6.851623859256505966e-02
-4.578507796395570040e-02 -7.768028788268566132e-02
-4.083339229691773653e-02 -8.105550101026892662e-02
-4.012417688500136137e-02 -8.539165044203400612e-02
-4.332540987525135279e-02 -9.467094158753752708e-02
-4.752525698859244585e-02 -8.713415358215570450e-02
-4.651269805617630482e-02 -9.140033880248665810e-02
-4.582719580503180623e-02 -9.723310079425573349e-02
-5.210352112771943212e-02 -9.144932590425014496e-02
-5.361521529266610742e-02 -9.592519514262676239e-02
-4.494240327039733529e-02 -9.087650524452328682e-02
-4.694007552461698651e-02 -9.107657120330259204e-02
-4.760321893263608217e-02 -8.659869496477767825e-02
-5.188760778401046991e-02 -9.416172251803800464e-02
-4.538786329794675112e-02 -8.706928155152127147e-02
-5.182743084151297808e-02 -9.234386886237189174e-02
-4.827953118365257978e-02 -9.315213403897359967e-02
-4.425129422452300787e-02 -8.891224610852077603e-02
-4.182667273562401533e-02 -9.099050919758155942e-02
-4.976299765985459089e-02 -9.330579853849485517e-02
-5.105428223032504320e-02 -9.012416220502927899e-02
-5.798971571493893862e-02 -9.827598865376785398e-02
-5.069489881861954927e-02 -9.610869834432378411e-02
-4.685865447390824556e-02 -9.383377275662496686e-02
-3.901324246544390917e-02 -8.705664734588935971e-02
-3.636890382040292025e-02 -9.130198211641982198e-02
-4.266286327037960291e-02 -9.005183313274756074e-02
-3.909217554610222578e-02 -8.606254222104325891e-02
-3.766818251460790634e-02 -9.301732486346736550e-02
-3.875295608304440975e-02 -8.782635402167215943e-02
-4.111573053523898125e-02 -9.046812477754428983e-02
-4.543701233342289925e-02 -9.533763473154976964e-02
-3.719697194173932076e-02 -8.933950244681909680e-02
-3.883526637218892574e-02 -8.374118973733857274e-02
-4.202483012340962887e-02 -8.268871245672926307e-02
-3.736597974784672260e-02 -8.890286175301298499e-02
-4.505877499468624592e-02 -9.145158383762463927e-02
-4.668851499445736408e-02 -8.740663615753874183e-02
-4.827378329355269670e-02 -8.519635762786492705e-02
-5.060138099361211061e-02 -8.715141139691695571e-02
-4.901975148823112249e-02 -8.312186686089262366e-02
-4.254173522349447012e-02 -7.790829654550179839e-02
-4.879653675016015768e-02 -8.762579917674884200e-02
