-6.956899406501476646e-02 -1.218342193162975789e-01
-9.452929720282554626e-03 -9.968117810785770416e-03
-1.724352966994047165e-02 -1.961866952478885651e-02
-2.522931899875402451e-02 -2.944927662611007690e-02
-1.903330767527222633e-02 -3.926183842122554779e-02
-2.841033274307847023e-02 -4.826701991260051727e-02
-3.000129386782646179e-02 -5.792395677417516708e-02
-3.742688382044434547e-02 -6.454551359638571739e-02
-4.489898215979337692e-02 -7.380921905860304832e-02
-5.078976741060614586e-02 -8.239394752308726311e-02
-4.466879740357398987e-02 -9.158588992431759834e-02
-4.445483222662005574e-02 -9.404254169203341007e-02
-4.841112544818315655e-02 -8.919369452632963657e-02
-4.795486382499802858e-02 -9.781062067486345768e-02
-5.376483588770497590e-02 -1.016109613701701164e-01
-5.711756618984509259e-02 -1.017148474929854274e-01
-4.769358104385901242e-02 -9.365715540479868650e-02
-4.786496049200650305e-02 -9.776044951286166906e-02
-4.340384480019565672e-02 -9.568827494513243437e-02
-4.375920530583243817e-02 -8.899779326748102903e-02
-4.940766088839154691e-02 -9.497590397950261831e-02
-4.985509028483647853e-02 -1.015656305244192481e-01
-5.306634407315868884e-02 -9.939150104764848948e-02
-5.225391728163231164e-02 -1.042531399289146066e-01
-4.885330791876185685e-02 -1.099571535596624017e-01
-5.196864595927763730e-02 -1.064770316006615758e-01
-5.362367439374793321e-02 -1.025047135772183537e-01
-5.255901506461668760e-02 -1.030242401757277548e-01
-4.664174253412056714e-02 -9.592392301419749856e-02
-4.504701071709860116e-02 -9.961500490317121148e-02
-4.118659203231800348e-02 -1.072512181126512587e-01
-4.306094821367878467e-02 -9.805832483107224107e-02
-3.780625767831224948e-02 -9.628733136923983693e-02
-3.929724574845749885e-02 -1.027177132782526314e-01
-4.465474544849712402e-02 -1.032487787306308746e-01
-3.984893516462761909e-02 -9.756854223087430000e-02
-4.626015650865156204e-02 -9.987622010521590710e-02
-4.738682259630877525e-02 -9.779464825987815857e-02
-4.070014956232625991e-02 -9.859918162692338228e-02
-4.695364118379075080e-02 -9.210642764810472727e-02
-4.172446748998481780e-02 -9.528034983668476343e-02
-4.370381736953277141e-02 -9.649953839834779501e-02
-3.924991523672360927e-02 -1.035300720250234008e-01
-4.766215437848586589e-02 -1.074110417393967509e-01
-4.669778463721740991e-02 -1.076246987504418939e-01
-4.537941336457151920e-02 -1.020951092650648206e-01
-4.577448127383831888e-02 -9.721533427364192903e-02
-4.639396544371265918e-02 -9.996343086822889745e-02
-4.157691595901269466e-02 -1.014545887883286923e-01
-4.603147607122082263e-02 -1.021774482505861670e-01
-4.071024533186573535e-02 -1.061161618272308260e-01
