8.379672251911433022e-04 -1.499964889930116840e-01
9.380955249071121216e-03 -9.965008124709129333e-03
1.851358357816934586e-02 -1.845785137265920639e-02
2.779573574662208557e-02 -2.835919614881277084e-02
3.618230111896991730e-02 -3.822560980916023254e-02
4.271470755338668823e-02 -4.794301651418209076e-02
3.924916312098503113e-02 -5.774185806512832642e-02
4.678547149524092674e-02 -6.711906753480434418e-02
5.349557753652334213e-02 -7.178204134106636047e-02
6.060106027871370316e-02 -7.582246372476220131e-02
5.685639684088528156e-02 -8.574195625260472298e-02
5.974045698530972004e-02 -8.148412220180034637e-02
6.083687487989664078e-02 -9.045572020113468170e-02
6.068552617216482759e-02 -9.143539040815085173e-02
6.374653225066140294e-02 -9.726790792774409056e-02
5.939824535744264722e-02 -9.829276392702013254e-02
6.340526026906445622e-02 -9.212754073087126017e-02
6.651532562682405114e-02 -9.370262140873819590e-02
5.915282067144289613e-02 -9.390467638149857521e-02
6.319204863393679261e-02 -1.018013278953731060e-01
6.349704560125246644e-02 -9.498496353626251221e-02
5.780261108884587884e-02 -9.396112267859280109e-02
5.152929859468713403e-02 -8.922086213715374470e-02
5.339129763888195157e-02 -9.174249670468270779e-02
5.056610429892316461e-02 -9.598591527901589870e-02
4.812714603031054139e-02 -1.047357635106891394e-01
5.485893512377515435e-02 -1.032229058910161257e-01
6.022279529133811593e-02 -9.749548626132309437e-02
5.481382884318009019e-02 -9.305256349034607410e-02
5.191720282891765237e-02 -9.909110446460545063e-02
5.906966474140062928e-02 -9.372743056155741215e-02
5.964498542016372085e-02 -1.030580645892769098e-01
5.475204245885834098e-02 -1.014271349413320422e-01
5.279648926807567477e-02 -9.618977259378880262e-02
5.210405017714947462e-02 -1.016495077637955546e-01
4.848420468624681234e-02 -9.585093462374061346e-02
4.686942126136273146e-02 -1.028643114259466529e-01
4.686440970272087725e-02 -1.092348097590729594e-01
4.865950963448995026e-02 -1.068009996088221669e-01
5.012383603479975136e-02 -1.035681058419868350e-01
5.074667238386609824e-02 -1.021243955474346876e-01
4.776724434213974746e-02 -9.910518070682883263e-02
5.307974765764811309e-02 -1.025593960657715797e-01
4.783712752850988181e-02 -9.598250407725572586e-02
5.237332830893137725e-02 -9.428270719945430756e-02
5.177118373558187159e-02 -9.894438413903117180e-02
5.032447772555315169e-02 -9.205458313226699829e-02
5.518649425812327536e-02 -8.658265648409724236e-02
5.259986850887798937e-02 -9.466382348909974098e-02
4.730242933601402910e-02 -9.174646460451185703e-02
4.519974440790974768e-02 -8.486972912214696407e-02
