2.344066736117737110e-02 -1.472138627648476583e-01
6.771586835384368896e-03 -9.948841296136379242e-03
1.588694192469120026e-02 -1.984024234116077423e-02
1.512076536891981959e-02 -2.980299293994903564e-02
2.306487708119675517e-02 -3.972943313419818878e-02
2.744237304432317615e-02 -4.967644717544317245e-02
3.704968810779973865e-02 -5.960857495665550232e-02
3.167394472984597087e-02 -6.907765660434961319e-02
3.486941888695582747e-02 -7.885224279016256332e-02
3.128161391941830516e-02 -8.843153808265924454e-02
2.647523971972987056e-02 -9.285016264766454697e-02
2.415102993836626410e-02 -9.236635293927974999e-02
1.817057788139209151e-02 -9.990467203897424042e-02
2.684161945944651961e-02 -1.070083610538858920e-01
2.587925898842513561e-02 -1.134537181642372161e-01
2.982316003181040287e-02 -1.083795151498634368e-01
3.271271334961056709e-02 -1.043722329486627132e-01
3.588639595545828342e-02 -1.112185183737892658e-01
3.823323827236890793e-02 -1.171264944423455745e-01
3.061405615881085396e-02 -1.162965319526847452e-01
3.460775688290596008e-02 -1.211159535159822553e-01
3.063614573329687119e-02 -1.197921355196740478e-01
3.405172191560268402e-02 -1.124844621808733791e-01
3.357844555284827948e-02 -1.122795092232991010e-01
2.916237793397158384e-02 -1.064527668349910527e-01
2.900801145005971193e-02 -1.094213344913441688e-01
3.358661115635186434e-02 -1.078540518938098103e-01
3.667680325452238321e-02 -1.102955880633089691e-01
3.196217503864318132e-02 -1.062017338408622891e-01
3.710395528469234705e-02 -1.109444707690272480e-01
3.760647604940459132e-02 -1.047112009546253830e-01
3.450936864828690886e-02 -1.056579378491733223e-01
3.027376387035474181e-02 -1.111465184076223522e-01
3.748900111531838775e-02 -1.088493519055191427e-01
3.341705858474597335e-02 -1.098301165329758078e-01
4.014139942592009902e-02 -1.107788913359399885e-01
3.250256780302152038e-02 -1.058606652950402349e-01
2.989182778401300311e-02 -1.087583301996346563e-01
3.136840643128380179e-02 -1.120317050663288683e-01
3.924358444055542350e-02 -1.141871312574949116e-01
3.333864681189879775e-02 -1.071111979836132377e-01
3.236234479118138552e-02 -1.122231093177106231e-01
3.243604593444615602e-02 -1.109938851732295007e-01
4.111709550488740206e-02 -1.073609320155810565e-01
4.684434097725898027e-02 -1.128828273795079440e-01
4.723089616163633764e-02 -1.145549331267829984e-01
4.397200988023541868e-02 -1.134559272031765431e-01
3.747553247376345098e-02 -1.164623216900508851e-01
4.350119465379975736e-02 -1.135673790413420647e-01
3.998360395780764520e-02 -1.130975919368211180e-01
4.102170231635682285e-02 -1.046603663417045027e-01
