4.141675765896224437e-02 -1.410200647385992379e-01
9.846816770732402802e-03 -9.767612442374229431e-03
1.935305260121822357e-02 -1.964919641613960266e-02
2.868026774376630783e-02 -2.947255410254001617e-02
3.781032841652631760e-02 -3.942529018968343735e-02
4.690052755177021027e-02 -4.936597775667905807e-02
5.540218297392129898e-02 -5.935305543243885040e-02
5.727646767627447844e-02 -6.840702332556247711e-02
5.897743639070540667e-02 -7.717209029942750931e-02
6.086511898320168257e-02 -8.393024839460849762e-02
5.648253613617271185e-02 -9.233134333044290543e-02
5.622710936586372554e-02 -1.011793594807386398e-01
5.694104186841286719e-02 -1.071994435042142868e-01
5.396732446388341486e-02 -1.065271841944195330e-01
5.380885598424356431e-02 -1.022744407528080046e-01
5.340947447984945029e-02 -1.098564807907678187e-01
5.450702008965890855e-02 -1.084516243427060544e-01
6.298700363549869508e-02 -1.066024666070006788e-01
6.175815912138205022e-02 -1.094972323044203222e-01
5.704469179909210652e-02 -1.113266776665113866e-01
5.777357790793757886e-02 -1.146285323775373399e-01
5.527257655921857804e-02 -1.195366777828894556e-01
5.356931364804040641e-02 -1.130021632998250425e-01
6.034545558213721961e-02 -1.159689104533754289e-01
5.811188653751742095e-02 -1.073033105931244791e-01
6.304180579900275916e-02 -1.074459689407376572e-01
6.909824213653337210e-02 -1.092744545749155805e-01
6.175203160091768950e-02 -1.099704997468506917e-01
6.247384384914766997e-02 -1.099876223725004820e-01
5.447627142712008208e-02 -1.137219700158311753e-01
5.091898357204627246e-02 -1.180712361947371392e-01
5.417138016491662711e-02 -1.134337661915196804e-01
4.949896367907058448e-02 -1.115078984421415953e-01
5.440681711479555815e-02 -1.136527608741744189e-01
5.849159140780102462e-02 -1.166167592291458277e-01
5.179907711863052100e-02 -1.104130314324720530e-01
5.708847059577237815e-02 -1.034578585658891825e-01
5.458545223518740386e-02 -1.091811673377378611e-01
6.061390419199597090e-02 -1.095317689887451706e-01
5.783315915323328227e-02 -1.100883273593353806e-01
5.573374293453525752e-02 -1.168188866413402138e-01
5.231739910959731787e-02 -1.112915584071743069e-01
4.865364711440633982e-02 -1.119714411743188975e-01
4.463841840333770961e-02 -1.072513400413299678e-01
4.959652553952764720e-02 -1.059247755747492192e-01
5.326861869252752513e-02 -1.080354230780358193e-01
5.660063987306784838e-02 -1.142359769273753045e-01
5.171686252288054675e-02 -1.081911672208661912e-01
5.620970930613111705e-02 -1.085879291185847251e-01
4.956853650219272822e-02 -1.077558089291414944e-01
5.198862454562913626e-02 -1.117149398905894486e-01
