5.688792790356699686e-02 -1.322421039300343271e-01
9.658832103013992310e-03 -9.863924235105514526e-03
1.881815586239099503e-02 -1.979924459010362625e-02
2.741162665188312531e-02 -2.963961381465196609e-02
3.727388475090265274e-02 -3.962439857423305511e-02
4.690537322312593460e-02 -4.952452704310417175e-02
5.654876586049795151e-02 -5.948079656809568405e-02
6.328912964090704918e-02 -6.946959532797336578e-02
6.313297738961409777e-02 -7.946144882589578629e-02
5.838619945279788226e-02 -8.939611725509166718e-02
5.807357189769390970e-02 -8.971075227600522339e-02
6.366640889609698206e-02 -9.808474851888604462e-02
6.594301179575268179e-02 -1.069171324197668582e-01
6.979385322483722121e-02 -1.094427737698424608e-01
7.126907528436277062e-02 -1.134769679338205606e-01
6.988667430414352566e-02 -1.108454014465678483e-01
6.535095641447696835e-02 -1.139233082358259708e-01
6.584548305545467883e-02 -1.083521361288148910e-01
5.979525724251288921e-02 -1.159318031568545848e-01
6.467711839650291950e-02 -1.202804802742321044e-01
5.894767314021009952e-02 -1.178683482867199928e-01
6.577122218732256442e-02 -1.178661405306229426e-01
5.740265089843887836e-02 -1.177131938188722415e-01
6.448036951769609004e-02 -1.180014657170431747e-01
6.302984520152676851e-02 -1.152975440804766549e-01
7.018352994055021554e-02 -1.238648409803317918e-01
7.048007733828853816e-02 -1.221797664497898950e-01
6.593092092953156680e-02 -1.170386418548332585e-01
6.189193138561677188e-02 -1.206444343865769042e-01
5.774429002485703677e-02 -1.132266223744409217e-01
5.387544077530037612e-02 -1.151646446983249916e-01
6.039537819742690772e-02 -1.151551770967671473e-01
5.639456775679718703e-02 -1.174473642827251751e-01
5.845353384211193770e-02 -1.126628389106372197e-01
6.210273392207454890e-02 -1.140260304314324458e-01
6.740988585806917399e-02 -1.117872417894432147e-01
7.002753466076683253e-02 -1.190233062011429865e-01
6.676218616485130042e-02 -1.141147519451806147e-01
6.915133706934284419e-02 -1.099512222212979395e-01
6.721068375918548554e-02 -1.025798897248932917e-01
6.703179175383411348e-02 -1.109061817628571589e-01
6.795110038365237415e-02 -1.123712924531901081e-01
6.231293451855890453e-02 -1.116165892094613810e-01
5.740274811978451908e-02 -1.051176586993278761e-01
4.961265900055877864e-02 -1.110158819578828115e-01
5.541763870860449970e-02 -1.136655014347525139e-01
5.839999273302964866e-02 -1.088777550835402508e-01
5.445418340968899429e-02 -1.133646912280710239e-01
5.533777692471630871e-02 -1.056651350450010796e-01
6.132702206377871335e-02 -1.068212886680157681e-01
6.370264387805946171e-02 -1.064668591939152975e-01
