8.486287056603220025e-02 -1.028988960120423291e-01
9.693584404885768890e-03 -8.345538750290870667e-03
1.958877034485340118e-02 -1.647246163338422775e-02
2.917941473424434662e-02 -2.342227892950177193e-02
3.874867781996726990e-02 -3.253359114751219749e-02
4.455298976972699165e-02 -4.214805038645863533e-02
5.339858820661902428e-02 -5.031673936173319817e-02
6.313970824703574181e-02 -5.282808095216751099e-02
6.950790388509631157e-02 -4.751304676756262779e-02
6.898047612048685551e-02 -4.148430051282048225e-02
7.781368424184620380e-02 -4.611822776496410370e-02
8.113974006846547127e-02 -4.272859403863549232e-02
8.690668502822518349e-02 -4.197395039955154061e-02
8.844231162220239639e-02 -4.236509752809070051e-02
8.930745156249031425e-02 -4.365374273038469255e-02
8.346704480936750770e-02 -4.423833373584784567e-02
8.054313546745106578e-02 -4.604951504734344780e-02
7.615421310765668750e-02 -5.277806406957097352e-02
7.751565711805596948e-02 -4.870368613046593964e-02
7.417407823959365487e-02 -4.026033336413092911e-02
7.638263778062537313e-02 -4.297152560320682824e-02
7.881062926026061177e-02 -3.901597557705827057e-02
8.389522490324452519e-02 -4.582612242666073143e-02
8.539871749235317111e-02 -4.986155152437277138e-02
9.278131759492680430e-02 -4.668680325266905129e-02
8.611309499246999621e-02 -5.174011903000064194e-02
7.904717669589444995e-02 -4.864142255974002182e-02
8.705715899122878909e-02 -4.882062153774313629e-02
8.462185802636668086e-02 -4.318029500427655876e-02
8.470121207210468128e-02 -4.030623051221482456e-02
8.095727157342480496e-02 -4.385602448019199073e-02
7.963091863348381594e-02 -4.500375661882571876e-02
7.793303271319018677e-02 -4.317039283341728151e-02
7.417372609052108601e-02 -4.441083755227737129e-02
7.433228875015629455e-02 -4.935310801374725997e-02
7.084577349451137707e-02 -4.601753570022992790e-02
7.978809816268039867e-02 -4.093340013059787452e-02
8.017937046679435298e-02 -4.075269792519975454e-02
8.339895214157877490e-02 -3.787019355513621122e-02
8.305987563653616235e-02 -4.193664593913126737e-02
8.433393923769472167e-02 -4.362701038189698011e-02
8.921000337431905791e-02 -4.533530208573210984e-02
9.425619313697097823e-02 -4.335087160870898515e-02
8.869228581170318648e-02 -4.236125685565639287e-02
8.502310327457962558e-02 -3.971545556851197034e-02
8.514830163767328486e-02 -3.437146283977199346e-02
8.086736799305072054e-02 -3.730905447446275502e-02
7.450033604254713282e-02 -3.346257489465642720e-02
7.706305427564075217e-02 -3.750154534645844251e-02
8.289043555123498663e-02 -3.989367764734197408e-02
8.297403344477061182e-02 -4.821665045164991170e-02
