9.645675341162253391e-02 -2.361639294392357119e-02
9.873310104012489319e-03 -9.630730375647544861e-03
1.929821819067001343e-02 -1.848915498703718185e-02
2.927572466433048248e-02 -2.805424574762582779e-02
3.868400771170854568e-02 -3.734016884118318558e-02
4.838106594979763031e-02 -4.536481294780969620e-02
5.699272546917200089e-02 -5.187759129330515862e-02
6.650966778397560120e-02 -5.610905354842543602e-02
7.459419034421443939e-02 -4.730751039460301399e-02
7.974444655701518059e-02 -4.011984122917056084e-02
8.362890151329338551e-02 -4.221991496160626411e-02
8.799561415798962116e-02 -4.577782331034541130e-02
8.123429096303880215e-02 -3.745380835607647896e-02
8.664951589889824390e-02 -3.671212273184210062e-02
8.465269347652792931e-02 -3.749006165890023112e-02
8.996982825919985771e-02 -3.546188975451514125e-02
8.907390671083703637e-02 -4.442989750532433391e-02
9.170559962512925267e-02 -4.097854549763724208e-02
8.756324258865788579e-02 -3.977993183070793748e-02
8.835921727586537600e-02 -4.480836732545867562e-02
8.716980239842087030e-02 -3.610747220227494836e-02
8.517143398057669401e-02 -3.146715048933401704e-02
8.956064830999821424e-02 -3.776024380931630731e-02
9.177273034583777189e-02 -2.954098867485299706e-02
8.642476925160735846e-02 -2.725837641628459096e-02
8.953586348798125982e-02 -2.850393351400271058e-02
9.082625398878008127e-02 -3.135962114902213216e-02
8.801001089159399271e-02 -3.352642158279195428e-02
8.712830801960080862e-02 -3.427322604693472385e-02
8.508179977070540190e-02 -3.739386168308556080e-02
8.396447612904012203e-02 -3.257665480487048626e-02
9.004114591516554356e-02 -3.806302393786609173e-02
9.334291424602270126e-02 -3.848546827794052660e-02
9.775907453149557114e-02 -3.673985812929458916e-02
9.651864646002650261e-02 -3.675873313113697805e-02
9.359835623763501644e-02 -2.839465640499838628e-02
9.096650360152125359e-02 -2.712024716674932279e-02
9.402998792938888073e-02 -2.374185706503340043e-02
9.894582838751375675e-02 -2.505834962721564807e-02
9.281270182691514492e-02 -2.290424498278298415e-02
9.186622896231710911e-02 -2.428149307161220349e-02
9.120943944435566664e-02 -2.810952501386054792e-02
9.416799468453973532e-02 -3.457932421952136792e-02
9.297389909625053406e-02 -2.845960591002949513e-02
9.850115096196532249e-02 -3.648585002883919515e-02
1.024468769319355488e-01 -3.467519212063052692e-02
9.427909040823578835e-02 -3.134509970914223231e-02
9.572460548952221870e-02 -2.770321307252743281e-02
9.253533510491251945e-02 -2.669661937761702575e-02
9.291565921739675105e-02 -2.950398324537673034e-02
8.736098968074657023e-02 -3.097770389649667777e-02
