8.931505709256369607e-02 -5.024222335215947077e-03
9.904241189360618591e-03 -9.548909030854701996e-03
1.961071882396936417e-02 -1.943564228713512421e-02
2.958019264042377472e-02 -2.920223772525787354e-02
3.956944216042757034e-02 -3.801318723708391190e-02
4.920277465134859085e-02 -4.621899873018264771e-02
5.791200138628482819e-02 -4.378343862481415272e-02
6.511187506839632988e-02 -4.429207305656746030e-02
7.285781810060143471e-02 -5.313981074141338468e-02
7.624522619880735874e-02 -4.804430279182270169e-02
8.550561615265905857e-02 -4.346218734281137586e-02
9.121553110890090466e-02 -3.822596959071233869e-02
9.306252282112836838e-02 -3.702372842235490680e-02
8.755475142970681190e-02 -2.925782388774678111e-02
9.270167676731944084e-02 -3.044377564219757915e-02
9.887835197150707245e-02 -3.864292165962979198e-02
1.021145503036677837e-01 -3.336454898817464709e-02
9.669271716848015785e-02 -2.691293664975091815e-02
9.239519387483596802e-02 -3.190776210976764560e-02
1.004546191543340683e-01 -3.128419740824028850e-02
9.257780294865369797e-02 -3.819236269919201732e-02
8.579690475016832352e-02 -3.841865470167249441e-02
8.545422393945045769e-02 -3.400966327171772718e-02
9.087588152033276856e-02 -3.808038763236254454e-02
8.898788774968124926e-02 -3.380057762842625380e-02
9.013367260922677815e-02 -3.805408754851669073e-02
9.224851804901845753e-02 -3.431945608463138342e-02
9.663183617522008717e-02 -2.722425048705190420e-02
9.451135274139232934e-02 -2.436421217862516642e-02
9.491700524813495576e-02 -2.482838751166127622e-02
9.316805363050661981e-02 -2.995477299555204809e-02
9.346197365084663033e-02 -3.020213585114106536e-02
9.182796714594587684e-02 -2.734585263533517718e-02
9.561723697697743773e-02 -2.232882258249446750e-02
9.294435376068577170e-02 -2.674175536958500743e-02
8.910270821070298553e-02 -2.398985199397429824e-02
9.123631956754252315e-02 -3.036677226191386580e-02
8.934408373897895217e-02 -3.405166551237925887e-02
8.706485590664669871e-02 -3.159630944719538093e-02
8.837912039598450065e-02 -3.588646085700020194e-02
9.068805299466475844e-02 -3.390143316937610507e-02
8.477195532759651542e-02 -4.107741097686812282e-02
8.632161404239013791e-02 -4.469083872390910983e-02
8.687998080858960748e-02 -3.808072925312444568e-02
7.871505437651649117e-02 -2.995169971836730838e-02
8.819280663738027215e-02 -2.689184056362137198e-02
8.746327320113778114e-02 -3.123015485471114516e-02
8.949597273021936417e-02 -3.301751572871580720e-02
8.823098451830446720e-02 -2.741001226240769029e-02
9.388126130215823650e-02 -3.248254914069548249e-02
9.646379947662353516e-02 -3.608205454656854272e-02
