6.678144052069048819e-02 2.443278311323229812e-02
9.722148999571800232e-03 -9.786088019609451294e-03
1.952898781746625900e-02 -1.852244604378938675e-02
2.820456679910421371e-02 -2.850252296775579453e-02
3.799762669950723648e-02 -3.846760559827089310e-02
4.660957306623458862e-02 -4.836419317871332169e-02
5.529977008700370789e-02 -5.834208615124225616e-02
5.761138489469885826e-02 -6.725789140909910202e-02
5.929642484989017248e-02 -7.723240647464990616e-02
6.043447775300592184e-02 -8.663999289274215698e-02
5.253666674252599478e-02 -9.218629309907555580e-02
5.104735773056745529e-02 -1.005868162028491497e-01
5.688224686309695244e-02 -1.033978587947785854e-01
6.121095176786184311e-02 -1.009432119317352772e-01
6.159586424473673105e-02 -1.058550295419991016e-01
5.887926218565553427e-02 -1.060075625864556059e-01
5.730876093730330467e-02 -1.090220102196326479e-01
5.851051211357116699e-02 -1.009373703127494082e-01
5.912881967378780246e-02 -1.035853494977345690e-01
6.139328231802210212e-02 -9.814416301378514618e-02
5.703189357882365584e-02 -1.019261038018157706e-01
5.387750867521390319e-02 -9.300804288068320602e-02
5.487393023213371634e-02 -9.891489298024680465e-02
6.053948629414662719e-02 -9.619626319909002632e-02
6.071872460597660393e-02 -9.763859956001397222e-02
5.899923433025833219e-02 -1.026868391636526212e-01
6.094345437304582447e-02 -9.645695005019661039e-02
5.881530405895318836e-02 -9.299101516080554575e-02
6.322919005469884723e-02 -9.950680307520087808e-02
6.159582732652779669e-02 -9.410179893893655390e-02
5.556681005691643804e-02 -9.552289881685283035e-02
6.009277420525904745e-02 -9.498356857511680573e-02
6.193286016059573740e-02 -9.730442373256664723e-02
6.125334101670887321e-02 -1.012275693210540339e-01
5.698215226584579796e-02 -1.019062265841057524e-01
5.209720610582735389e-02 -1.032212439313298091e-01
5.431388026045169681e-02 -9.906401926127728075e-02
5.797587159031536430e-02 -9.559737260860856622e-02
5.403563390427734703e-02 -9.054131594893988222e-02
5.975862602645065635e-02 -8.610803469491656870e-02
6.124667856784071773e-02 -8.923476909694727510e-02
6.106907401408534497e-02 -9.615227741596754640e-02
6.428768897603731602e-02 -1.041553288087015972e-01
6.457612775557208806e-02 -1.064251367788529024e-01
6.036047237284947187e-02 -1.038550871744519100e-01
5.241166586347389966e-02 -1.108409163862233981e-01
5.377890700765419751e-02 -1.064946793339913711e-01
5.006265635893214494e-02 -1.015883411600952968e-01
5.544786802784074098e-02 -1.066468406788771972e-01
4.889338878274429590e-02 -9.806437998486217111e-02
4.748706014652270824e-02 -9.906880998460110277e-02
