5.130635784570666824e-02 3.583506069554734386e-02
9.739832952618598938e-03 -9.147377684712409973e-03
1.941602118313312531e-02 -1.890734303742647171e-02
2.610954176634550095e-02 -2.850840613245964050e-02
3.556482866406440735e-02 -3.810255415737628937e-02
4.517677798867225647e-02 -4.800458811223506927e-02
5.117685813456773758e-02 -5.777916591614484787e-02
5.679428810253739357e-02 -6.738418154418468475e-02
5.970327951945364475e-02 -7.704146578907966614e-02
5.745843029581010342e-02 -8.426930289715528488e-02
6.213629920966923237e-02 -9.033440146595239639e-02
5.584635841660201550e-02 -9.635460516437888145e-02
5.668114050058647990e-02 -9.426482231356203556e-02
4.824025946436449885e-02 -8.979263366200029850e-02
5.446060019312426448e-02 -9.252848196774721146e-02
5.835955817019566894e-02 -9.964188840240240097e-02
5.884193259407766163e-02 -9.164374787360429764e-02
5.833435020758770406e-02 -9.821389196440577507e-02
6.029391716583631933e-02 -9.382488951086997986e-02
5.646116341813467443e-02 -9.104319568723440170e-02
5.357828954583965242e-02 -9.643548121675848961e-02
5.420863724430091679e-02 -9.370027901604771614e-02
5.160440717008896172e-02 -1.008117352612316608e-01
4.823636103537864983e-02 -9.802970988675951958e-02
5.088982617598958313e-02 -9.824166579346638173e-02
5.637241134536452591e-02 -9.615306176419835538e-02
5.310548868146724999e-02 -8.870530400599818677e-02
5.085656608571298420e-02 -9.232003420765977353e-02
4.724717422504909337e-02 -9.871812995697837323e-02
4.850968523533083498e-02 -9.960642094665672630e-02
5.429722220287658274e-02 -1.019970333290984854e-01
5.978994016186334193e-02 -9.953801507072057575e-02
5.994635586102958769e-02 -9.203775400237645954e-02
5.798785224033053964e-02 -9.629033539386000484e-02
5.575391136517282575e-02 -9.777981367369648069e-02
5.184229089354630560e-02 -9.333536725898738950e-02
6.022091580962296575e-02 -9.449101668724324554e-02
5.710987768543418497e-02 -8.770410307624842972e-02
5.921791282889898866e-02 -8.387228740321006626e-02
6.212415055779274553e-02 -7.921591062040533870e-02
6.795474815589841455e-02 -8.796830788196530193e-02
6.178837617335375398e-02 -9.467350538761820644e-02
6.509693454427178949e-02 -8.789478136168327183e-02
6.170688358542975038e-02 -9.023727253952529281e-02
6.434221471135970205e-02 -9.388610544556286186e-02
6.258892743790056556e-02 -8.586458872014191002e-02
6.421010811754968017e-02 -8.746597600111272186e-02
5.792712849506642669e-02 -8.579248863679822534e-02
5.538793127925600857e-02 -8.890970073116477579e-02
5.479638084943871945e-02 -8.711715308891143650e-02
6.258470045577269047e-02 -8.430051417963113636e-02
