3.092332272646960631e-02 4.509862307917296420e-02
9.914821945130825043e-03 -9.560469537973403931e-03
1.984164398163557053e-02 -1.754775922745466232e-02
2.923826873302459717e-02 -2.101231482811272144e-02
3.817913681268692017e-02 -1.901524094864726067e-02
4.610789753496646881e-02 -2.389965858310461044e-02
5.542326625436544418e-02 -2.723856060765683651e-02
6.485758442431688309e-02 -2.206131326965987682e-02
6.672671693377196789e-02 -2.302798256278038025e-02
7.531357253901660442e-02 -2.733353106305003166e-02
7.152116857469081879e-02 -2.315819496288895607e-02
6.672095041722059250e-02 -2.481734449975192547e-02
6.163204880431294441e-02 -3.155394759960472584e-02
6.618383945897221565e-02 -2.984376996755599976e-02
6.337778526358306408e-02 -3.870232217013835907e-02
6.196901400107890368e-02 -3.336321702226996422e-02
6.391414476092904806e-02 -3.790317522361874580e-02
6.471979687921702862e-02 -3.441610815934836864e-02
7.108987378887832165e-02 -2.819328079931437969e-02
6.943464325740933418e-02 -2.616582880727946758e-02
6.857718335231766105e-02 -2.455074561294168234e-02
7.045422535156831145e-02 -2.751530183013528585e-02
7.183774450095370412e-02 -2.845485520083457232e-02
6.816655030706897378e-02 -2.807606649002991617e-02
7.267534226411953568e-02 -2.384326778701506555e-02
7.700192421907559037e-02 -1.799085721722804010e-02
7.294625003123655915e-02 -1.679629317368380725e-02
7.729876699158921838e-02 -2.048904050025157630e-02
7.058184739435091615e-02 -1.995677940431050956e-02
6.722999230260029435e-02 -1.624213458853773773e-02
6.517817528219893575e-02 -2.314657738315872848e-02
6.609536678297445178e-02 -2.631298822234384716e-02
6.677549390587955713e-02 -2.528423475450836122e-02
6.990630517248064280e-02 -3.036808347678743303e-02
7.493050454650074244e-02 -3.036652421928920376e-02
6.701001024339348078e-02 -3.186524063698925602e-02
6.993162713479250669e-02 -2.476399587817468273e-02
6.559494964312762022e-02 -3.130727550365008938e-02
6.309332849923521280e-02 -2.957575347159036028e-02
6.607066385913640261e-02 -3.595522463206179964e-02
7.054742297623306513e-02 -4.262456342462428438e-02
6.970392068615183234e-02 -3.624353369582422602e-02
7.110416487557813525e-02 -3.723154203385092842e-02
7.274269656045362353e-02 -3.646883983515181171e-02
7.403486449038609862e-02 -3.261273759767391311e-02
6.753357633715495467e-02 -2.765909242793895828e-02
6.739879951055627316e-02 -2.996305153124012577e-02
6.639436823024880141e-02 -2.644762918703236210e-02
7.002010922587942332e-02 -2.972769653774776089e-02
7.294790125160943717e-02 -2.728404556751229393e-02
7.096629361330997199e-02 -2.937844428583957779e-02
