-8.845931113379758293e-02 -3.363637859134030461e-03
9.547038003802299500e-03 -9.748518466949462891e-03
1.909316517412662506e-02 -1.965610403567552567e-02
2.801606338471174240e-02 -2.953988686203956604e-02
2.955648582428693771e-02 -3.924951422959566116e-02
3.848591446876525879e-02 -4.889221303164958954e-02
3.780092363012954593e-02 -5.812632199376821518e-02
4.336064326344057918e-02 -6.587230460718274117e-02
4.496508341981098056e-02 -7.500537065789103508e-02
4.819062695605680346e-02 -8.465507021173834801e-02
4.627296555554494262e-02 -9.218973293900489807e-02
5.348713271087035537e-02 -8.602683711796998978e-02
4.756111087044700980e-02 -8.544693759176880121e-02
4.853307903977110982e-02 -8.857672906015068293e-02
5.423610500292852521e-02 -8.901360546587966383e-02
5.858819308923557401e-02 -8.706832208554260433e-02
5.519045895198360085e-02 -8.715400376240722835e-02
5.813049856806173921e-02 -8.767483392148278654e-02
5.733029433758929372e-02 -9.086224818020127714e-02
5.085644574137404561e-02 -8.951350123970769346e-02
5.232532712398096919e-02 -8.890072259237058461e-02
5.179975187638774514e-02 -8.570621887338347733e-02
4.628250520909205079e-02 -9.186070764553733170e-02
5.571901012444868684e-02 -9.518905475852079690e-02
5.246093688765540719e-02 -9.564264729851856828e-02
5.451582494424656034e-02 -9.646666422486305237e-02
5.164241982856765389e-02 -9.990443708375096321e-02
4.996778449276462197e-02 -9.396335389465093613e-02
5.192212417023256421e-02 -9.344291000161319971e-02
4.782122682081535459e-02 -9.408865537261590362e-02
4.760766158869955689e-02 -1.015392853296361864e-01
5.399614096677396446e-02 -9.808982507092878222e-02
4.810096825531218201e-02 -9.885942708933725953e-02
4.472227011865470558e-02 -1.031996841193176806e-01
5.207319174951408058e-02 -9.765315154800191522e-02
5.232547079504001886e-02 -1.041826559812761843e-01
5.767998234659899026e-02 -1.009372403495945036e-01
5.769209639402106404e-02 -9.439506946364417672e-02
5.883371847448870540e-02 -9.947633842239156365e-02
5.524258752120658755e-02 -9.528589952969923615e-02
5.456662556389346719e-02 -9.822795010404661298e-02
4.754223214695230126e-02 -1.070687224273569882e-01
4.696414759382605553e-02 -9.800135187106207013e-02
5.032743979245424271e-02 -1.008899645530618727e-01
5.400133645161986351e-02 -9.919748950051143765e-02
5.080824182368814945e-02 -9.514647797914221883e-02
4.919256200082600117e-02 -9.582470491295680404e-02
5.137933231890201569e-02 -1.033353949314914644e-01
5.448470334522426128e-02 -9.750934498151764274e-02
6.046917638741433620e-02 -9.524551540380343795e-02
6.157028640154749155e-02 -9.977070189779624343e-02
