-9.535441427168860062e-02 -1.987466715697250308e-02
-9.681077674031257629e-03 -9.827231988310813904e-03
-1.812578644603490829e-02 -1.887228526175022125e-02
-2.635919023305177689e-02 -2.863828931003808975e-02
-3.566614631563425064e-02 -3.858939651399850845e-02
-4.543706309050321579e-02 -4.722851049154996872e-02
-5.139638949185609818e-02 -5.676326714456081390e-02
-5.735943047329783440e-02 -6.564430519938468933e-02
-5.708018151926808059e-02 -7.097347453236579895e-02
-5.715585617144824937e-02 -7.964317686855792999e-02
-6.038717297633411363e-02 -8.834008593112230301e-02
-6.869044923951150849e-02 -9.120383625850081444e-02
-7.266418613289715722e-02 -8.368024509400129318e-02
-7.720258995686890557e-02 -8.527697843965142965e-02
-7.038980047946097329e-02 -8.876864344347268343e-02
-6.666170643438817933e-02 -9.375094680581241846e-02
-6.335245422815205529e-02 -9.446367825148627162e-02
-7.032998256181599572e-02 -9.120387298753485084e-02
-6.624971214478136972e-02 -8.934396371478214860e-02
-6.279426650871755555e-02 -9.697365487227216363e-02
-5.734819011559011415e-02 -9.245963772991672158e-02
-6.427052128856303170e-02 -9.806953376391902566e-02
-6.457115340890595689e-02 -9.508608054602518678e-02
-6.368665150512242690e-02 -9.696865564910694957e-02
-6.871676524315262213e-02 -1.042107489774934947e-01
-6.250973777059698477e-02 -9.909473563311621547e-02
-6.999361920316005126e-02 -9.462102566612884402e-02
-7.630706937197828665e-02 -8.679727156413719058e-02
-7.406322038877988234e-02 -8.914822892984375358e-02
-6.714885761175537482e-02 -8.202022168552502990e-02
-6.886567161564016715e-02 -8.647760230815038085e-02
-7.696427670452976599e-02 -7.721286680316552520e-02
-7.921024770621443167e-02 -8.208442799514159560e-02
-7.590867611725116149e-02 -8.331621222896501422e-02
-6.774824238527799025e-02 -9.024303517071530223e-02
-6.158186062384629622e-02 -8.694439142709597945e-02
-6.482539987337077036e-02 -8.656614512437954545e-02
-6.033783881139243022e-02 -9.268992213765159249e-02
-5.673136804398382083e-02 -8.532597828889265656e-02
-6.387248365354025736e-02 -8.467944076983258128e-02
-6.442616249114507809e-02 -8.859342400683090091e-02
-5.895384096220368519e-02 -8.666511363117024302e-02
-6.238237091019982472e-02 -8.715289359679445624e-02
-5.760204766556853428e-02 -8.830988645786419511e-02
-5.428752883017295972e-02 -8.616674301447346807e-02
-4.904174918920034543e-02 -7.763683964731171727e-02
-5.067607269302243367e-02 -8.740083297016099095e-02
-5.730866894737118855e-02 -8.955865452298894525e-02
-6.022270906396443024e-02 -9.446168650174513459e-02
-6.392645926825935021e-02 -9.051907301181927323e-02
-6.647993831575149670e-02 -9.783078782493248582e-02
