-9.961319954898333051e-02 -4.121305083578900158e-02
-9.360385127365589142e-03 -9.106893092393875122e-03
-1.831213850528001785e-02 -1.909241825342178345e-02
-2.161880093626677990e-02 -2.883485890924930573e-02
-3.112264419905841351e-02 -3.843933157622814178e-02
-3.711461392231285572e-02 -4.838210530579090118e-02
-3.348780493251979351e-02 -5.644918698817491531e-02
-4.093341366387903690e-02 -6.636425573378801346e-02
-3.364374791271984577e-02 -7.458172086626291275e-02
-3.916417318396270275e-02 -8.450406976044178009e-02
-4.436636739410459995e-02 -9.440882410854101181e-02
-3.964971355162560940e-02 -9.921938693150877953e-02
-4.288291488774120808e-02 -9.799563803244382143e-02
-4.059483204036951065e-02 -9.954244410619139671e-02
-4.035214458417613059e-02 -1.037552552297711372e-01
-3.484270379703957587e-02 -1.125577734783291817e-01
-3.580616159888450056e-02 -1.183997523039579391e-01
-4.069557438197080046e-02 -1.222471902146935463e-01
-3.963375814782921225e-02 -1.226354888349305838e-01
-4.358000472711864859e-02 -1.149841216101776809e-01
-4.275675730605144054e-02 -1.133577230793889612e-01
-3.884604440827388316e-02 -1.195816424151416868e-01
-3.546441074286121875e-02 -1.253716147912200540e-01
-3.048658145416993648e-02 -1.247404278547037393e-01
-2.934118879784364253e-02 -1.222636427555698901e-01
-2.435726307157892734e-02 -1.138131094921845943e-01
-2.754108568478841335e-02 -1.142153883702121675e-01
-3.522353393782395869e-02 -1.217751246294938028e-01
-3.781814205285627395e-02 -1.174897439195774496e-01
-3.396612995129544288e-02 -1.118231471045874059e-01
-3.458248010429088026e-02 -1.200279537006281316e-01
-3.576482403150293976e-02 -1.147779076709412038e-01
-3.972443089878652245e-02 -1.161939518642611802e-01
-3.845499748422298580e-02 -1.091345807653851807e-01
-4.580490071384701878e-02 -1.123966726590879261e-01
-3.776618897973094136e-02 -1.147438749321736395e-01
-3.606327123998198658e-02 -1.139335677144117653e-01
-3.756945372151676565e-02 -1.198459941078908741e-01
-3.771735668124165386e-02 -1.141465230030007660e-01
-2.920328114123549312e-02 -1.193406785023398697e-01
-2.913018796971300617e-02 -1.147327519138343632e-01
-3.415745698293903843e-02 -1.145332945161499083e-01
-3.804169005161384121e-02 -1.190026165568269789e-01
-4.423143264284590259e-02 -1.125735953100956976e-01
-4.031136181583860889e-02 -1.058423761860467494e-01
-3.462196389591554180e-02 -1.046283285249955952e-01
-3.898468070110538974e-02 -1.048844103352166712e-01
-3.659799756860593334e-02 -1.077941528637893498e-01
-3.570665900042513385e-02 -1.085845789639279246e-01
-3.553611461393302307e-02 -1.121434195665642619e-01
-3.820290511794155464e-02 -1.068261082982644439e-01
