-4.478994240759923140e-02 -1.394083947911153587e-01
9.804513305425643921e-03 -9.969668462872505188e-03
1.942203938961029053e-02 -1.972828526049852371e-02
2.904563304036855698e-02 -2.969017345458269119e-02
3.804123401641845703e-02 -3.959731757640838623e-02
4.077352513559162617e-02 -4.947011545300483704e-02
4.954211902804672718e-02 -5.943079106509685516e-02
5.733588500879704952e-02 -6.905908323824405670e-02
6.126558477990329266e-02 -7.873916532844305038e-02
5.869644111953675747e-02 -8.833114709705114365e-02
6.576037104241549969e-02 -9.223402454517781734e-02
5.970574147067964077e-02 -9.156505897408351302e-02
5.496007273904979229e-02 -9.817383013432845473e-02
5.292339879088103771e-02 -1.031127110472880304e-01
6.020073709078133106e-02 -1.006078663631342351e-01
5.239309999160468578e-02 -1.009633925568778068e-01
5.549527378752827644e-02 -1.025195285037625581e-01
5.231802561320364475e-02 -9.751187081565149128e-02
5.621440499089658260e-02 -9.939044588827528059e-02
5.468911316711455584e-02 -9.754219526075758040e-02
5.352103745099157095e-02 -9.250092986621893942e-02
5.697827355470508337e-02 -9.333384214551188052e-02
5.231343291234225035e-02 -1.001479387341532856e-01
4.947374144103378057e-02 -1.042313323414418846e-01
5.182408017572015524e-02 -1.024777195707429200e-01
5.470349697861820459e-02 -9.373361573670990765e-02
5.409735470311716199e-02 -9.818524032016284764e-02
5.431680945912376046e-02 -9.246797955711372197e-02
5.559964088024571538e-02 -9.482286896673031151e-02
5.996615422191098332e-02 -9.331323116202838719e-02
5.181648005964234471e-02 -9.372762887505814433e-02
5.557347886497154832e-02 -9.373301534651545808e-02
5.769107799278572202e-02 -9.739394985808758065e-02
5.739710907801054418e-02 -9.570282068307278678e-02
5.786810498102568090e-02 -9.031818270887015387e-02
5.669213758665136993e-02 -9.587636053765891120e-02
5.838653907994739711e-02 -9.621646941377548501e-02
5.763296355144120753e-02 -1.049042338199797086e-01
6.116253245272673666e-02 -9.900837146415142342e-02
6.194680082262493670e-02 -1.015837629020097665e-01
6.390133957029320300e-02 -1.081128067962708883e-01
6.365547876339405775e-02 -1.010143373787286691e-01
6.689286080654710531e-02 -9.964908588881371543e-02
7.097085553687065840e-02 -1.020240257421392016e-01
6.902319518849253654e-02 -9.685849909874377772e-02
6.725084991194307804e-02 -9.944667224044678733e-02
6.704308600455988199e-02 -9.268606430123327300e-02
6.630541298363823444e-02 -9.971198369021294639e-02
6.360185013909358531e-02 -1.073709677366423421e-01
6.622800936747808009e-02 -1.081473337180796079e-01
6.944203127932269126e-02 -1.033753751471522264e-01
