9.088360246446673674e-02 -9.171535452421299139e-02
9.098879061639308929e-03 -9.796245023608207703e-03
1.522107003256678581e-02 -1.974402088671922684e-02
1.932771923020482063e-02 -2.922208979725837708e-02
2.683223970234394073e-02 -3.916894830763339996e-02
3.227633005008101463e-02 -4.913415107876062393e-02
3.475110162980854511e-02 -5.900844186544418335e-02
2.936710906215012074e-02 -6.892450153827667236e-02
2.850971114821732044e-02 -7.881122548133134842e-02
2.379180793650448322e-02 -8.838467765599489212e-02
2.463580371113494039e-02 -9.157891548238694668e-02
1.741018082248046994e-02 -9.693944198079407215e-02
2.354540937812998891e-02 -1.041514377575367689e-01
3.197026607813313603e-02 -1.050110839423723519e-01
2.503526705550029874e-02 -1.073721347493119538e-01
2.989666844950988889e-02 -1.100431976956315339e-01
3.770408529089763761e-02 -1.147397060994990170e-01
3.760290700301993638e-02 -1.094579694909043610e-01
4.161235639185179025e-02 -1.018064020317979157e-01
4.276479310647118837e-02 -9.860363957704976201e-02
4.424138246395159513e-02 -9.427982597844675183e-02
3.961395584337878972e-02 -1.029604490031488240e-01
4.724061414890456945e-02 -9.874590701656416059e-02
4.416057393245864660e-02 -1.001292974106036127e-01
4.105245108075905591e-02 -1.077230716473422945e-01
4.181494588556233793e-02 -1.010678698658011854e-01
3.619987076672259718e-02 -1.044234516448341310e-01
2.800849291088525206e-02 -1.081440550624392927e-01
3.402832128631416708e-02 -1.025177151313982904e-01
4.084269494342152029e-02 -1.011222464148886502e-01
4.113047687860671431e-02 -9.748999431030824780e-02
3.966561345441732556e-02 -1.033120395732112229e-01
4.070272705575916916e-02 -9.697547956602647901e-02
3.686551599821541458e-02 -9.740433914703316987e-02
3.657424957782495767e-02 -1.002631190058309585e-01
3.217047122598160058e-02 -1.044581875030416995e-01
2.756796027824748307e-02 -1.059263559582177550e-01
3.474859237030614167e-02 -9.786154297762550414e-02
3.514369485492352396e-02 -1.018667641619686037e-01
3.521410581743111834e-02 -9.988552369759418070e-02
3.389952898578485474e-02 -9.619104434386827052e-02
2.985529097350081429e-02 -9.747272895765490830e-02
3.198906926991185173e-02 -1.040506072167772800e-01
3.997417966456850991e-02 -9.654890027013607323e-02
4.532036798627814278e-02 -8.995762214181013405e-02
4.861919892573496327e-02 -9.882151734200306237e-02
4.525229598948499188e-02 -1.018358159635681659e-01
5.028416759887477383e-02 -1.007774711179081351e-01
4.902950181713094935e-02 -1.008443224927759729e-01
4.521483272401383147e-02 -9.425462854414945468e-02
4.978713808668544516e-02 -9.664651288039749488e-02
