9.989173579974636175e-02 -5.465200160293101628e-02
9.763621725142002106e-03 -9.793361648917198181e-03
1.914929505437612534e-02 -1.913112122565507889e-02
2.887446526437997818e-02 -2.905163634568452835e-02
3.860544785857200623e-02 -3.887385036796331406e-02
4.044722416438162327e-02 -4.878168832510709763e-02
4.287808039225637913e-02 -5.868709553033113480e-02
4.829595773480832577e-02 -6.828744895756244659e-02
5.177239258773624897e-02 -7.804390694946050644e-02
5.770937050692737103e-02 -8.756770472973585129e-02
5.722259130561724305e-02 -9.268189501017332077e-02
5.483430001186206937e-02 -9.412510995753109455e-02
6.248874246375635266e-02 -1.024882693309336901e-01
5.374192848103120923e-02 -1.004785604309290648e-01
5.411953819566406310e-02 -9.869168826844543219e-02
5.239204902318306267e-02 -1.047298539197072387e-01
5.561399718862958252e-02 -1.081705462420359254e-01
5.625302335829474032e-02 -1.093661003978922963e-01
5.697952883201651275e-02 -1.046076818602159619e-01
5.572065614978782833e-02 -1.074956412194296718e-01
5.416964911273680627e-02 -1.054287286242470145e-01
5.701562072499655187e-02 -1.045916350558400154e-01
5.473806764348410070e-02 -1.020047697238624096e-01
4.869823073386214674e-02 -9.830079413950443268e-02
4.918478106264956295e-02 -1.016498073004186153e-01
4.987886160961352289e-02 -1.037651849910616875e-01
5.456317387870512903e-02 -1.016193868126720190e-01
6.103780711418949068e-02 -9.863671450875699520e-02
5.628737466759048402e-02 -1.034178927075117826e-01
5.196973806596361101e-02 -9.883801150135695934e-02
4.508376852027140558e-02 -9.483491466380655766e-02
4.624321588198654354e-02 -1.020711299497634172e-01
5.275107498164288700e-02 -1.078079736325889826e-01
4.452033757115714252e-02 -1.112221002113074064e-01
4.888625859166495502e-02 -1.045935440342873335e-01
4.794731203583069146e-02 -9.864432341419160366e-02
4.330871187266893685e-02 -9.625242371112108231e-02
4.987322891247458756e-02 -9.595107694622129202e-02
5.722480246913619339e-02 -9.703851479571312666e-02
5.608077955548651516e-02 -8.979254064615815878e-02
5.930483413976617157e-02 -9.849056822713464499e-02
5.221203182009048760e-02 -9.517053363379091024e-02
4.750610355404205620e-02 -9.643055254127830267e-02
5.645332325366325676e-02 -9.445019427221268415e-02
5.151706215110607445e-02 -9.801925125066190958e-02
4.997388718766160309e-02 -9.700522606726735830e-02
5.409785851952619851e-02 -9.396783413831144571e-02
4.895160000887699425e-02 -1.005142853828147054e-01
5.161307615344412625e-02 -1.055967869469895959e-01
5.176809709519147873e-02 -1.061849089455790818e-01
5.243751563830301166e-02 -1.087433451903052628e-01
