8.549704395584031835e-02 1.867672733727995804e-03
8.893644437193870544e-03 -9.847513400018215179e-03
1.858075056225061417e-02 -1.947742886841297150e-02
2.850869763642549515e-02 -2.859435696154832840e-02
3.843380324542522430e-02 -3.803033195436000824e-02
4.766593780368566513e-02 -4.752237070351839066e-02
5.748288892209529877e-02 -5.443810019642114639e-02
6.699195038527250290e-02 -4.724036995321512222e-02
7.571005821228027344e-02 -4.523615911602973938e-02
8.030816540122032166e-02 -4.630114929750561714e-02
7.924746803473681211e-02 -5.080461641773581505e-02
8.109960006549954414e-02 -5.720475921407341957e-02
8.345230133272707462e-02 -5.568042653612792492e-02
7.932849158532917500e-02 -4.921153117902576923e-02
8.118574123363941908e-02 -4.976694512879475951e-02
8.475575887132436037e-02 -5.181351228384301066e-02
8.599252300336956978e-02 -5.556686426280066371e-02
7.849732926115393639e-02 -5.242650530999526381e-02
8.429561648517847061e-02 -5.826504848664626479e-02
8.893285552039742470e-02 -5.100013170158490539e-02
9.155150805599987507e-02 -5.336527148028835654e-02
9.043116134125739336e-02 -4.592987935757264495e-02
8.263973065186291933e-02 -4.550486963125877082e-02
8.498956391122192144e-02 -5.198353363084606826e-02
8.003239182289689779e-02 -5.304016903392039239e-02
7.798941119108349085e-02 -4.802361116162501276e-02
8.140567282680422068e-02 -4.069803128368221223e-02
8.153091410349588841e-02 -4.884232705808244646e-02
8.479037617507856339e-02 -5.112113719223998487e-02
7.966913252312224358e-02 -5.939203043817542493e-02
8.329174054961185902e-02 -5.726151968701742589e-02
7.961801897909026593e-02 -5.931326406425796449e-02
7.865849985682871193e-02 -5.662184496759437025e-02
7.790122703590895981e-02 -5.210320520563982427e-02
8.289822527149226516e-02 -5.418054442270658910e-02
8.048950564989354461e-02 -5.694018871872685850e-02
7.338896776491310447e-02 -5.720804244629107416e-02
7.269192188687156886e-02 -5.187403489253483713e-02
7.343433231289964169e-02 -4.659053622162900865e-02
7.641841603617649525e-02 -5.224237623042427003e-02
7.600505543814506382e-02 -5.013244817382656038e-02
7.884323909820523113e-02 -5.527469454682432115e-02
7.324143020377960056e-02 -5.614142413833178580e-02
6.935264925414230675e-02 -5.937536820420064032e-02
6.364791105443146080e-02 -5.064284816035069525e-02
6.913051997253205627e-02 -4.857517025084234774e-02
6.868442033010069281e-02 -5.113961701863445342e-02
7.258049563097301871e-02 -5.713539352291263640e-02
8.173147287743631750e-02 -4.821497728698886931e-02
8.106781689275521785e-02 -4.706408319179899991e-02
8.060190766991581768e-02 -3.893573165987618268e-02
