-3.997079377165942832e-02 4.166425500304615781e-02
-7.967697456479072571e-03 -5.696429405361413956e-03
-1.637624297291040421e-02 -1.526659308001399040e-02
-2.510416321456432343e-02 -2.427875762805342674e-02
-2.985779428854584694e-02 -3.035228792577981949e-02
-2.914613630855455995e-02 -3.662128979340195656e-02
-3.532182757044211030e-02 -4.441898316144943237e-02
-4.211988445604220033e-02 -4.443546146103471983e-02
-4.443128226557746530e-02 -4.163966275700659025e-02
-4.353160143364220858e-02 -3.992935159658372868e-02
-4.405027092434465885e-02 -4.709226807062805165e-02
-4.183483077213168144e-02 -3.947272041295946110e-02
-4.783233767375349998e-02 -4.117600893550843466e-02
-5.146207334473729134e-02 -4.768240166777104605e-02
-4.657895816490054131e-02 -4.158418154293030966e-02
-5.363532342016696930e-02 -4.323762207241088618e-02
-4.907691059634089470e-02 -4.974367114664346445e-02
-4.251118237152695656e-02 -4.850276798424602021e-02
-3.655956080183386803e-02 -5.209493945767462719e-02
-3.907749522477388382e-02 -4.256906110276759136e-02
-3.256917372345924377e-02 -4.253325182617118116e-02
-3.577786684036254883e-02 -4.501658458866586443e-02
-3.011316293850541115e-02 -4.456138272325915750e-02
-3.778040874749422073e-02 -3.600239228944701608e-02
-3.962998907081782818e-02 -4.131371329094690736e-02
-3.642013110220432281e-02 -4.039439866573957261e-02
-3.358558937907218933e-02 -4.123680478915048297e-02
-3.783625736832618713e-02 -4.804995934500766452e-02
-3.737328902934677899e-02 -4.250183281510544475e-02
-4.341909944196231663e-02 -4.914936888053489383e-02
-4.385891614947468042e-02 -5.034788301236403640e-02
-4.935427347663789988e-02 -4.359019244111550506e-02
-4.611308022867888212e-02 -3.891760319493187126e-02
-4.211007419507950544e-02 -3.529955608792079147e-02
-4.167707863962277770e-02 -3.626631362385523971e-02
-4.473461554152891040e-02 -4.346491698197496589e-02
-4.607096890686079860e-02 -3.856893651209247764e-02
-3.959246882004663348e-02 -3.842055313543824013e-02
-3.318363445578143001e-02 -4.587139543400553521e-02
-3.668876289157196879e-02 -4.136853507043269929e-02
-4.291838331846520305e-02 -4.451822797091153916e-02
-4.412934224819764495e-02 -4.669876843945530709e-02
-3.588756773388013244e-02 -4.030890045942214783e-02
-4.138605663320049644e-02 -3.547683432952908333e-02
-4.716629808535799384e-02 -3.774871728637663182e-02
-4.163932747906073928e-02 -3.681093238083121832e-02
-4.829581029480323195e-02 -4.402976033998129424e-02
-4.480350756784901023e-02 -4.011828655166027602e-02
-4.390762356342747808e-02 -3.328919194427726325e-02
-4.366999653575476259e-02 -3.659195190084574278e-02
-4.856074390409048647e-02 -3.338065876414475497e-02
