-7.110736197140506143e-02 2.031175629628076407e-02
-8.574204519391059875e-03 -9.911180473864078522e-03
-1.792190689593553543e-02 -1.976031716912984848e-02
-2.569572394713759422e-02 -2.951408270746469498e-02
-3.103815438225865364e-02 -3.909256402403116226e-02
-4.027926037088036537e-02 -4.897723812609910965e-02
-4.457930335775017738e-02 -5.862558726221323013e-02
-4.006411554291844368e-02 -6.752227339893579483e-02
-3.828206064645200968e-02 -6.469755223952233791e-02
-3.727054595947265625e-02 -7.034268532879650593e-02
-4.293920379132032394e-02 -7.641253969632089138e-02
-4.212282283697277308e-02 -8.148289169184863567e-02
-3.567723615560680628e-02 -8.073473779950290918e-02
-4.339026112575083971e-02 -8.386080467607825994e-02
-3.662584221456199884e-02 -8.972261741291731596e-02
-3.387724200729280710e-02 -8.391468122135847807e-02
-3.163255855906754732e-02 -8.429466618690639734e-02
-3.808759956154972315e-02 -8.006121416110545397e-02
-4.264752531889826059e-02 -7.989502687996719033e-02
-4.021490493323653936e-02 -7.465338370820973068e-02
-4.216185421682894230e-02 -7.397207881149370223e-02
-3.305460442788898945e-02 -8.156369470816571265e-02
-2.810909762047231197e-02 -8.144689940672833472e-02
-2.671143552288413048e-02 -8.783465700980741531e-02
-3.019692422822117805e-02 -9.254661605518776923e-02
-2.581127639859914780e-02 -8.343326889735180885e-02
-3.161924006417393684e-02 -8.355563424993306398e-02
-3.860269160941243172e-02 -8.504138968419283628e-02
-3.637526137754321098e-02 -8.627503353636711836e-02
-2.981323376297950745e-02 -9.186713898088783026e-02
-2.688750647939741611e-02 -9.272035141475498676e-02
-3.177712694741785526e-02 -9.175460238475352526e-02
-3.749095997773110867e-02 -8.567637356463819742e-02
-3.736208997725043446e-02 -8.962369116488844156e-02
-3.629974684736225754e-02 -8.071342355106025934e-02
-3.106881341955158859e-02 -7.496672507841140032e-02
-3.618147446832153946e-02 -8.441948529798537493e-02
-3.285559745563659817e-02 -8.914728288073092699e-02
-3.291027041268534958e-02 -8.935254697280470282e-02
-3.524141272646375000e-02 -9.557302833127323538e-02
-2.921033816528506577e-02 -9.316339973884169012e-02
-3.558931991574354470e-02 -9.002372507529798895e-02
-3.412733718869276345e-02 -9.656008450838271528e-02
-3.394449874758720398e-02 -9.363491741532925516e-02
-3.180198231711983681e-02 -9.253815388365183026e-02
-3.287441353313624859e-02 -8.928493609710130841e-02
-3.704752470366656780e-02 -8.945976784161757678e-02
-3.556674625724554062e-02 -9.092626026540528983e-02
-3.483043104643002152e-02 -8.286220538138877600e-02
-4.306909121805801988e-02 -8.547347532294224948e-02
-3.404582064831629395e-02 -9.108075434050988406e-02
