-9.079889581320124692e-02 -9.189940953167988202e-02
8.147921413183212280e-03 -9.971411898732185364e-03
5.922952201217412949e-03 -1.987166237086057663e-02
1.474184216931462288e-02 -2.958547789603471756e-02
1.998140849173069000e-02 -3.949640411883592606e-02
2.643116749823093414e-02 -4.944759607315063477e-02
2.497140923514962196e-02 -5.939794797450304031e-02
2.051131660118699074e-02 -6.934618297964334488e-02
2.121054584858939052e-02 -7.929880358278751373e-02
2.026287611806765199e-02 -8.902101404964923859e-02
2.704095985973253846e-02 -9.739574976265430450e-02
3.030341636622324586e-02 -1.066971644759178162e-01
3.252073406474664807e-02 -1.044787154532968998e-01
3.167922020656988025e-02 -1.119680739939212799e-01
3.035770001588389277e-02 -1.176086412742733955e-01
3.082259715301916003e-02 -1.209017632063478231e-01
3.002327983267605305e-02 -1.130987571086734533e-01
2.360746334306895733e-02 -1.182747061830013990e-01
2.638065768405795097e-02 -1.112194594461470842e-01
3.230159357190132141e-02 -1.198694549966603518e-01
3.769117314368486404e-02 -1.197887050075223669e-01
3.469028859399259090e-02 -1.179636251035844907e-01
3.238951531238853931e-02 -1.108619225997244939e-01
3.730704518966376781e-02 -1.111583281453931704e-01
3.839504451025277376e-02 -1.131158059142762795e-01
4.036456078756600618e-02 -1.077336163871223107e-01
3.867123811505734921e-02 -1.014841504074865952e-01
4.279823857359588146e-02 -1.071726244554156438e-01
4.524945328012108803e-02 -1.101653580699348822e-01
4.108475288376212120e-02 -1.135505852435017005e-01
3.742119530215859413e-02 -1.094334158260608092e-01
3.987589571624994278e-02 -1.164567554515087977e-01
4.239835473708808422e-02 -1.129561604611808434e-01
4.544115741737186909e-02 -1.112550952384481207e-01
4.293689108453691006e-02 -1.127622130006784573e-01
3.761445195414125919e-02 -1.105668260861421004e-01
4.250624892301857471e-02 -1.056937258836114779e-01
4.090067802462726831e-02 -1.073086576216155663e-01
4.921898955944925547e-02 -1.042418223951244727e-01
4.747574450448155403e-02 -1.080298603192204610e-01
3.911161841824650764e-02 -1.095753908302867785e-01
3.633133298717439175e-02 -1.096729809141834266e-01
4.502458474598824978e-02 -1.109912908359547146e-01
4.700850020162761211e-02 -1.177287284008343704e-01
3.944755229167640209e-02 -1.172676697970018722e-01
3.763800417073071003e-02 -1.211982836612151004e-01
4.084458854049444199e-02 -1.148675993681536056e-01
3.294137120246887207e-02 -1.198224226609454490e-01
3.177756548393517733e-02 -1.129024044275865890e-01
2.676542813424021006e-02 -1.192439307124004699e-01
2.484510000795125961e-02 -1.178844381720409729e-01
