-8.133985326907851310e-02 -1.081706822219301312e-01
5.813127849251031876e-03 -9.981598705053329468e-03
1.256811991333961487e-02 -1.993997953832149506e-02
1.888211118057370186e-02 -2.991078048944473267e-02
1.594249252229928970e-02 -3.916385676711797714e-02
1.341441762633621693e-02 -4.859471973031759262e-02
1.376976977917365730e-02 -5.851273424923419952e-02
1.843061691033653915e-02 -6.838423851877450943e-02
2.447634676354937255e-02 -7.825135532766580582e-02
3.317255733418278396e-02 -8.820959459990262985e-02
3.984480604412965477e-02 -9.758539777249097824e-02
3.185512844356708229e-02 -1.066051218658685684e-01
2.762526247533969581e-02 -1.053706655511632562e-01
3.383986439439468086e-02 -1.128169508883729577e-01
3.834233360248617828e-02 -1.135681326850317419e-01
4.326401298749260604e-02 -1.120046682772226632e-01
4.102191163110546768e-02 -1.156128137954510748e-01
4.277176453615538776e-02 -1.094400520087219775e-01
3.660826661507599056e-02 -1.159373662085272372e-01
3.899982428993098438e-02 -1.192173655726946890e-01
3.784897070727311075e-02 -1.227595194359309971e-01
3.965743639855645597e-02 -1.190057190251536667e-01
3.572158989845775068e-02 -1.107232317444868386e-01
3.193766306503675878e-02 -1.136557264835573733e-01
3.873588991700671613e-02 -1.080173706286586821e-01
3.379410327761434019e-02 -1.157161351875402033e-01
3.440090597723610699e-02 -1.106272503384388983e-01
2.805860017542727292e-02 -1.079036794253624976e-01
3.161738117341883481e-02 -1.020240877405740321e-01
3.603963696514256299e-02 -1.094491552212275565e-01
3.377982394886203110e-02 -1.105234210263006389e-01
3.130445096758194268e-02 -1.090500919963233173e-01
2.996206973330117762e-02 -1.167861858266405761e-01
3.591631856397725642e-02 -1.139058868284337223e-01
4.135882566333748400e-02 -1.096115989494137466e-01
4.061987649765796959e-02 -1.095683259773068130e-01
3.248122733202762902e-02 -1.025851319427601993e-01
3.685221800697036088e-02 -1.086529234307818115e-01
3.926919333753176033e-02 -1.095275708939880133e-01
3.648376165074296296e-02 -1.018208500463515520e-01
3.691977201378904283e-02 -1.075159756001085043e-01
3.412766996189020574e-02 -1.078686115797609091e-01
3.445489707519300282e-02 -1.023615596350282431e-01
3.035028840531595051e-02 -1.056566603947430849e-01
3.776644592289812863e-02 -1.102228157687932253e-01
3.113780825515277684e-02 -1.082033389247953892e-01
3.156581608345732093e-02 -1.001854189671576023e-01
3.396480757510289550e-02 -1.046025734394788742e-01
2.995731862029060721e-02 -1.084888475015759468e-01
3.191908512962982059e-02 -1.050418037921190262e-01
3.648542304290458560e-02 -1.059707481181249022e-01
