-6.896624823827063322e-02 -1.224130969088964849e-01
8.979236707091331482e-03 -9.925926104187965393e-03
1.894627045840024948e-02 -1.987811084836721420e-02
2.831614203751087189e-02 -2.977894246578216553e-02
3.825411945581436157e-02 -3.819622192531824112e-02
4.758438467979431152e-02 -4.808111209422349930e-02
5.590034928172826767e-02 -5.751043278723955154e-02
6.108430353924632072e-02 -6.735686864703893661e-02
6.640819739550352097e-02 -7.364110648632049561e-02
6.779984070453792810e-02 -7.730044168420135975e-02
6.784900142156402580e-02 -8.516382076777517796e-02
5.940440720223705284e-02 -8.872619410976767540e-02
5.055129858010332100e-02 -8.492551604285836220e-02
5.982909495287458412e-02 -8.664235984906554222e-02
6.308126011208514683e-02 -9.418118931353092194e-02
6.201883234825800173e-02 -9.351368882926180959e-02
6.555012489479850046e-02 -9.626574959838762879e-02
6.544783259960240684e-02 -9.584291782812215388e-02
6.808501146952039562e-02 -9.988822313607670367e-02
6.401240863124257885e-02 -1.023230603022966534e-01
6.612787037374801002e-02 -1.070227957388851792e-01
6.142367809297866188e-02 -9.831092404783703387e-02
5.701609342577285133e-02 -9.944664340582676232e-02
5.847309788441634737e-02 -9.275087926653213799e-02
6.663717308765626512e-02 -8.977108824183233082e-02
6.383091493262327276e-02 -9.048288510530255735e-02
6.636846929541206919e-02 -8.828689259826205671e-02
7.390321491038776003e-02 -8.897957424051128328e-02
6.833840094259358011e-02 -9.395207263878546655e-02
6.901847323388210498e-02 -8.876649834564886987e-02
6.415482921511284076e-02 -9.179760198458097875e-02
5.906446263179532252e-02 -9.817990809096954763e-02
6.145535394534817897e-02 -9.720665364875458181e-02
5.601446455330005847e-02 -8.996931006549857557e-02
5.661310496725491248e-02 -9.549108761711977422e-02
6.164566808365634643e-02 -9.466966768377460539e-02
6.713339741327217780e-02 -9.517069297726266086e-02
6.464095119372359477e-02 -8.922551010618917644e-02
6.964725986108533107e-02 -8.636875494266860187e-02
6.538055729106417857e-02 -9.544851953978650272e-02
6.453030419288552366e-02 -8.981121002580039203e-02
6.906453196643269621e-02 -8.577882961253635585e-02
7.466083208782947622e-02 -9.147101684357039630e-02
7.198708693249500357e-02 -9.610897392849437892e-02
6.294289233846939169e-02 -9.769807427073828876e-02
5.629387872977531515e-02 -9.087382673169486225e-02
5.554938097702688538e-02 -9.503555155242793262e-02
5.998263848232454620e-02 -9.295855506206862628e-02
6.672611474277800880e-02 -9.319217248412314802e-02
6.687585949475760572e-02 -1.007172495737904683e-01
6.216792841951246373e-02 -9.665080603735987097e-02
