-1.667145473075556592e-02 -1.486005202682033066e-01
8.314808830618858337e-03 -9.878924116492271423e-03
1.465292833745479584e-02 -1.974091678857803345e-02
2.300419937819242477e-02 -2.957751136273145676e-02
1.766558922827243805e-02 -3.947924263775348663e-02
2.152784727513790131e-02 -4.898614529520273209e-02
1.738787675276398659e-02 -5.845492798835039139e-02
2.491321926936507225e-02 -6.655529793351888657e-02
2.128853276371955872e-02 -7.398659270256757736e-02
2.746349293738603592e-02 -8.180969487875699997e-02
2.571399533189833164e-02 -8.162183892272878438e-02
3.270202712155878544e-02 -8.071094048500526696e-02
3.281166032684268430e-02 -8.677524929225910455e-02
2.661617706326069310e-02 -8.086898918554652482e-02
2.379333088902058080e-02 -8.850061889097560197e-02
2.713939967361511663e-02 -9.191630590066779405e-02
3.213038389367284253e-02 -9.549080343276727945e-02
3.985390347224893048e-02 -9.757160996377933770e-02
3.956062775250757113e-02 -1.033505321975098923e-01
3.957451921087340452e-02 -9.779640701890457422e-02
4.474197695162729360e-02 -9.308519023761618882e-02
4.832879844252602197e-02 -9.368986620393116027e-02
4.165813996587530710e-02 -9.393409681797493249e-02
4.192159726881072856e-02 -8.852147306606639177e-02
4.877952376045868732e-02 -8.402415826276410371e-02
4.529595544227049686e-02 -8.321779088873881847e-02
4.774780088700936176e-02 -8.967842541460413486e-02
4.106202983894036151e-02 -8.641490300942678005e-02
4.126613044718396850e-02 -9.463545454491395503e-02
3.881627710143220611e-02 -9.404346359951887280e-02
3.759406476820004173e-02 -8.704959288297686726e-02
3.355744031796348281e-02 -9.479619761987123638e-02
3.963323000425589271e-02 -9.200901527947280556e-02
3.848497690705698915e-02 -8.361640748626086861e-02
4.537110617457074113e-02 -9.008088325208518654e-02
4.448495978795108385e-02 -9.292971937975380570e-02
4.589866624519345351e-02 -9.474957316706422716e-02
5.123540397107717581e-02 -9.158729996124748141e-02
5.350662825003382750e-02 -8.594750521297100931e-02
5.295917210241896100e-02 -9.162296030262950808e-02
5.086691728865844198e-02 -9.159291956166271120e-02
5.001340502712992020e-02 -9.192048640397842973e-02
4.508729208100703545e-02 -8.428737729263957590e-02
4.301197639506426640e-02 -8.625072914583142847e-02
4.797734132807818241e-02 -8.604033786104992032e-02
4.014470334004727192e-02 -8.926539734238758683e-02
4.688592533420887776e-02 -9.442531695822253823e-02
3.996815065693226643e-02 -8.685233496362343431e-02
3.585970400672522373e-02 -8.852142648538574576e-02
2.971627562146750279e-02 -8.975389198167249560e-02
2.837346586238709278e-02 -9.752422914607450366e-02
