4.696030679058749678e-03 -1.498896756219647575e-01
9.600364603102207184e-03 -9.603538550436496735e-03
1.826722826808691025e-02 -1.958009414374828339e-02
1.299626147374510765e-02 -2.935821283608675003e-02
2.138326270505785942e-02 -3.921358752995729446e-02
2.855650382116436958e-02 -4.893497936427593231e-02
3.234184323810040951e-02 -5.856033507734537125e-02
3.083340171724557877e-02 -6.846921052783727646e-02
3.296104306355118752e-02 -7.747681252658367157e-02
3.554944391362369061e-02 -8.731259591877460480e-02
3.898532502353191376e-02 -9.627101663500070572e-02
4.001341573894023895e-02 -9.077333472669124603e-02
4.862446896731853485e-02 -9.489485761150717735e-02
4.096256382763385773e-02 -9.776295488700270653e-02
4.275277978740632534e-02 -9.989332547411322594e-02
3.992692893370985985e-02 -9.323184844106435776e-02
4.161485494114458561e-02 -9.478951385244727135e-02
4.611178324557840824e-02 -1.021846011281013489e-01
4.679779813159257174e-02 -9.267445374280214310e-02
4.489470715634524822e-02 -9.073660068679600954e-02
3.960975469090044498e-02 -9.472524200100451708e-02
4.388930113054811954e-02 -1.003500811057165265e-01
4.759251489304006100e-02 -1.029021491995081306e-01
4.307328746654093266e-02 -1.030871375696733594e-01
4.795160586945712566e-02 -9.798213571775704622e-02
5.088431644253432751e-02 -9.788298577768728137e-02
4.608608479611575603e-02 -9.160276752663776278e-02
3.997263754718005657e-02 -9.487336379243060946e-02
3.391658538021147251e-02 -1.027964192326180637e-01
3.418148151831701398e-02 -9.995297127170488238e-02
3.554530366091057658e-02 -9.887086570961400867e-02
4.197634913725778461e-02 -1.017783742281608284e-01
4.704586713341996074e-02 -1.029043667367659509e-01
4.190928552998229861e-02 -1.048184125102125108e-01
3.896105446619912982e-02 -1.020549516542814672e-01
4.202119255205616355e-02 -1.009005181840620935e-01
4.038471850799396634e-02 -1.077923206030391157e-01
3.554115566657856107e-02 -1.015706951147876680e-01
4.465952172176912427e-02 -9.320345002925023437e-02
3.723734879167750478e-02 -8.855411637341603637e-02
4.053195129381492734e-02 -8.985822607064619660e-02
3.895460796775296330e-02 -9.949349478119984269e-02
4.183787415968254209e-02 -1.059251265251077712e-01
3.878225880907848477e-02 -9.917993383714929223e-02
3.728072304511442780e-02 -1.035290118888951838e-01
3.895801323233172297e-02 -1.084714867756702006e-01
3.796326421434059739e-02 -1.071356108295731246e-01
4.362030985066667199e-02 -1.075914087414275855e-01
4.178631369723007083e-02 -1.057347360474523157e-01
3.877165558515116572e-02 -1.032775692583527416e-01
4.646848206175491214e-02 -1.041939221031498164e-01
