7.560020781184217942e-02 -1.154569215500261536e-01
9.460953995585441589e-03 -9.902507998049259186e-03
1.835078746080398560e-02 -1.947509963065385818e-02
2.805458288639783859e-02 -2.927984017878770828e-02
3.786502871662378311e-02 -3.922258038073778152e-02
4.601119272410869598e-02 -4.777319822460412979e-02
5.393784493207931519e-02 -5.749810766428709030e-02
6.210895534604787827e-02 -6.674891524016857147e-02
6.914961570873856544e-02 -7.466759253293275833e-02
7.452442869544029236e-02 -8.141466695815324783e-02
7.605374080594629049e-02 -7.690814696252346039e-02
7.566671533277258277e-02 -7.368536200374364853e-02
7.989173702662810683e-02 -6.783407181501388550e-02
8.288360171718522906e-02 -7.334354193881154060e-02
8.512274798704311252e-02 -6.517289252951741219e-02
7.997766201151534915e-02 -6.569339247653260827e-02
7.454764394788071513e-02 -7.202307233819738030e-02
7.231907331151887774e-02 -7.288299332140013576e-02
7.185582720558159053e-02 -6.770086771575734019e-02
7.101105534820817411e-02 -6.859720830107107759e-02
7.155377589515410364e-02 -6.444277899572625756e-02
7.063921596272848547e-02 -6.617935135727748275e-02
6.721332468441687524e-02 -5.975834600394591689e-02
7.454102890915237367e-02 -6.677588162710890174e-02
7.627890838193707168e-02 -6.838600692572072148e-02
7.664527665474452078e-02 -6.382339802803471684e-02
7.822536598541773856e-02 -7.183954940410330892e-02
7.365538380690850317e-02 -7.171787129482254386e-02
7.260317707550711930e-02 -6.935044511919841170e-02
6.996613115188665688e-02 -7.196713791927322745e-02
7.135560121969319880e-02 -7.359526498476043344e-02
7.118914512102492154e-02 -6.972929352195933461e-02
6.715746971894986928e-02 -6.962337964796461165e-02
7.041326610487885773e-02 -7.137368610710836947e-02
7.244750813697464764e-02 -7.622772958711721003e-02
7.033028572914190590e-02 -7.683574644033797085e-02
7.338329640333540738e-02 -7.127353179384954274e-02
6.976199432392604649e-02 -7.175125705543905497e-02
7.142665659193880856e-02 -6.802348734345287085e-02
7.130734359088819474e-02 -6.213735498022288084e-02
7.530183454218786210e-02 -5.795373709406703711e-02
8.099991099152248353e-02 -6.074181396979838610e-02
7.708436639222782105e-02 -6.464800972025841475e-02
7.252689327287953347e-02 -6.965153745841234922e-02
7.272477234073448926e-02 -6.923734836163930595e-02
6.935997046821285039e-02 -7.315423220279626548e-02
7.460454730608034879e-02 -6.570375684532336891e-02
7.698338288173545152e-02 -6.073398116859607399e-02
7.706821816827869043e-02 -6.883468825253657997e-02
7.594932641222840175e-02 -7.172016866388730705e-02
7.523254778789123520e-02 -7.375040763872675598e-02
