9.459673854303925211e-02 -8.242617857564892014e-02
9.935365989804267883e-03 -9.893049485981464386e-03
1.977446768432855606e-02 -1.976075954735279083e-02
2.875593397766351700e-02 -2.945327572524547577e-02
3.696766588836908340e-02 -3.920557443052530289e-02
4.623191338032484055e-02 -4.811731539666652679e-02
5.429313145577907562e-02 -4.879885993432253599e-02
6.353321112692356110e-02 -5.083569244015961885e-02
7.050534756854176521e-02 -5.063452200556639582e-02
7.653765240684151649e-02 -4.532968487183097750e-02
7.510144333355128765e-02 -5.005448313022498041e-02
7.525566438562236726e-02 -4.349016166815999895e-02
8.023475980735383928e-02 -4.005735392274800688e-02
8.441379884607158601e-02 -4.365748634154442698e-02
8.563819501432590187e-02 -4.630244711006525904e-02
8.208057514275424182e-02 -4.513256288191769272e-02
7.970892658340744674e-02 -5.000856229162309319e-02
7.446371970581822097e-02 -4.526092614105436951e-02
7.785646358388476074e-02 -4.558629657549317926e-02
8.115579278091900051e-02 -5.056500736100133508e-02
7.855364235001616180e-02 -4.465779125166591257e-02
8.144039541366510093e-02 -4.820048388501163572e-02
7.372224025311879814e-02 -4.698089299199637026e-02
6.819193504634313285e-02 -4.244821261090692133e-02
7.552996763843111694e-02 -4.877170755935367197e-02
7.648831253754906356e-02 -4.813741879479493946e-02
7.258832940715365112e-02 -5.103592119121458381e-02
7.307476649293676019e-02 -4.522089716920163482e-02
6.789086112985387444e-02 -5.311412886658217758e-02
7.414070848608389497e-02 -5.532644769118633121e-02
7.668097486020997167e-02 -5.817601583839859813e-02
8.236721839057281613e-02 -5.835355183808133006e-02
7.832703815074637532e-02 -5.011598224518820643e-02
6.981786043616011739e-02 -4.604624648345634341e-02
7.778253295691683888e-02 -5.409226444317027926e-02
7.541010720888152719e-02 -4.829835443524643779e-02
8.212324703345075250e-02 -5.422205402282997966e-02
8.387773350114002824e-02 -5.348654463887214661e-02
8.472132874885573983e-02 -5.829575471580028534e-02
7.907981291646137834e-02 -5.936626903712749481e-02
7.555590296396985650e-02 -5.361490743234753609e-02
7.915206562029197812e-02 -6.131186429411172867e-02
7.753412384772673249e-02 -5.431287735700607300e-02
8.014902967261150479e-02 -5.735655268654227257e-02
8.140394819201901555e-02 -5.508347833529114723e-02
7.844446325907483697e-02 -4.893001634627580643e-02
8.019904751563444734e-02 -5.426705256104469299e-02
8.128558768657967448e-02 -5.111477524042129517e-02
7.619000104023143649e-02 -4.822600749321281910e-02
7.989597221603617072e-02 -4.778564360458403826e-02
8.003407259820960462e-02 -4.838795267278328538e-02
