9.975033587668417911e-02 -4.293809568963909834e-02
9.385255165398120880e-03 -9.644056670367717743e-03
1.821555476635694504e-02 -1.954992208629846573e-02
2.773569151759147644e-02 -2.945863455533981323e-02
3.743625897914171219e-02 -3.867658134549856186e-02
4.681199789047241211e-02 -4.846764914691448212e-02
5.179004790261387825e-02 -5.825823079794645309e-02
6.063687196001410484e-02 -6.748669967055320740e-02
6.896386714652180672e-02 -7.389087835326790810e-02
6.900615425547584891e-02 -6.976617733016610146e-02
7.565803121542558074e-02 -6.916755595011636615e-02
7.972512528067454696e-02 -7.074469904182478786e-02
7.186930387979373336e-02 -7.026664237491786480e-02
7.114446908235549927e-02 -7.130833365954458714e-02
7.076717287418432534e-02 -6.992004730273038149e-02
7.019938380108214915e-02 -7.247955899219959974e-02
7.333036084310151637e-02 -7.666520902421325445e-02
6.808567364350892603e-02 -7.669563898343767505e-02
6.249274444417096674e-02 -6.865543899584736209e-02
6.294103217078372836e-02 -6.616687476162042003e-02
5.859141302062198520e-02 -7.450452800367202144e-02
6.494563136948272586e-02 -8.095965561915363651e-02
6.181586178718134761e-02 -7.603963678229774814e-02
6.680277705891057849e-02 -7.924484558861877304e-02
7.336511247558519244e-02 -7.919244118784263264e-02
7.589300273684784770e-02 -7.280766335134103429e-02
7.421637600054964423e-02 -6.964376196083321702e-02
7.152925379341468215e-02 -7.221315125752880704e-02
7.426272513112053275e-02 -7.886190502722456586e-02
6.829447153722867370e-02 -7.593165128309919965e-02
6.628854403970763087e-02 -8.225770550598099362e-02
7.098255743039771914e-02 -7.348425104100897443e-02
7.430428121006116271e-02 -6.986125558432831895e-02
7.654980983352288604e-02 -7.097258651447191369e-02
8.184779708972200751e-02 -6.955126847424253356e-02
7.549098407616838813e-02 -6.725529406503483187e-02
6.855408608680590987e-02 -7.416123582333966624e-02
6.265000993153080344e-02 -6.637926923394843470e-02
6.940865929936990142e-02 -7.316476863161369693e-02
7.200893800472840667e-02 -7.056454464145645034e-02
7.775450724875554442e-02 -6.925433920514478814e-02
7.789774078992195427e-02 -7.046655635167553555e-02
7.638700926327146590e-02 -7.748422468830540311e-02
8.036297853686846793e-02 -7.096097548310353886e-02
8.481110274442471564e-02 -6.539317243550613057e-02
8.082822631695307791e-02 -6.468013522498949897e-02
7.745358176180161536e-02 -6.867570138820155989e-02
7.943596542463637888e-02 -7.241548260026320349e-02
7.835073888418264687e-02 -7.421235274341597687e-02
7.101965442416258156e-02 -7.587227050498768222e-02
7.579843632993288338e-02 -7.129523728326603305e-02
