9.576702807059672695e-02 -2.121326113423857226e-02
9.192420169711112976e-03 -9.930171072483062744e-03
1.856984663754701614e-02 -1.986785046756267548e-02
2.820096071809530258e-02 -2.902173437178134918e-02
3.719562850892543793e-02 -3.862214647233486176e-02
4.604012798517942429e-02 -4.848219361156225204e-02
5.275020655244588852e-02 -5.710209440439939499e-02
5.947413714602589607e-02 -6.544193904846906662e-02
6.263360287994146347e-02 -6.897634780034422874e-02
6.018173671327531338e-02 -7.072860863991081715e-02
6.177199690137058496e-02 -7.582926168106496334e-02
5.788319034036248922e-02 -7.152606616728007793e-02
6.175522471312433481e-02 -7.620235090143978596e-02
6.339434406254440546e-02 -7.696069241501390934e-02
6.367733379011042416e-02 -7.566048391163349152e-02
7.122559662093408406e-02 -7.605496054748073220e-02
6.740889188949950039e-02 -8.326023962581530213e-02
6.307672339607961476e-02 -8.943617349723353982e-02
6.587877709534950554e-02 -8.856126910541206598e-02
6.184612101060338318e-02 -8.340313343796879053e-02
6.255810565198771656e-02 -7.602831034455448389e-02
6.432357730227522552e-02 -8.502708340529352427e-02
6.396928490721620619e-02 -7.962258032057434320e-02
6.493720473372377455e-02 -8.837868517730385065e-02
6.317299071815796196e-02 -8.779759710887447000e-02
5.865033323061652482e-02 -8.416349120670929551e-02
6.519136930000968277e-02 -7.945639087120071054e-02
6.539809012610930949e-02 -8.054454572265967727e-02
6.379846956406254321e-02 -7.900881423847749829e-02
6.535332110070157796e-02 -8.135469380067661405e-02
7.247969759919214994e-02 -8.354822575347498059e-02
6.650253311090636998e-02 -8.039145061047747731e-02
6.531890710175503045e-02 -7.406166178407147527e-02
6.730928267643321306e-02 -7.176059117773547769e-02
6.787821855687070638e-02 -7.802237296709790826e-02
6.523548690893221647e-02 -8.052731241332367063e-02
6.820587832771707326e-02 -8.169978280784562230e-02
7.025579172477591783e-02 -8.357763063395395875e-02
6.546068978786934167e-02 -8.794553630286827683e-02
6.079141279042232782e-02 -8.607521298108622432e-02
6.021114964096341282e-02 -7.901819114340469241e-02
6.527763711346779019e-02 -7.598560460610315204e-02
6.269729127234313637e-02 -7.293985266005620360e-02
7.199083537852857262e-02 -8.199875097488984466e-02
7.480493503680918366e-02 -7.711800088873133063e-02
6.766553771740291268e-02 -7.376766431843861938e-02
6.983424782811198384e-02 -8.273245528107509017e-02
6.787994680053088814e-02 -8.338196051772683859e-02
6.793377932990551926e-02 -8.563056180719286203e-02
6.610576692401082255e-02 -8.098352153319865465e-02
6.828590343138785101e-02 -9.067931037861853838e-02
