8.795998426610417142e-02 -2.428567733284411889e-03
9.586133994162082672e-03 -9.875552728772163391e-03
1.861410494893789291e-02 -1.954903174191713333e-02
2.795514930039644241e-02 -2.912428975105285645e-02
3.778289537876844406e-02 -3.851978573948144913e-02
4.702881537377834320e-02 -4.785399325191974640e-02
5.683664232492446899e-02 -5.598847474902868271e-02
6.641972623765468597e-02 -4.926091665402054787e-02
6.837020476814359426e-02 -4.949191861669532955e-02
7.464146788697689772e-02 -5.370545384357683361e-02
7.761297037359327078e-02 -5.130060666124336421e-02
8.010550786275416613e-02 -5.187935227877460420e-02
7.882303406950086355e-02 -5.023170946515165269e-02
8.327828429173678160e-02 -5.510561200208030641e-02
8.011768723372370005e-02 -4.880363945267163217e-02
8.347716357093304396e-02 -4.918618980445899069e-02
8.748120337259024382e-02 -4.915239874026156031e-02
8.650925609981641173e-02 -4.227219175299978815e-02
9.384603000944480300e-02 -4.353951642042375170e-02
9.953076945384964347e-02 -3.550458864992833696e-02
1.020389603800140321e-01 -3.046781269586062990e-02
9.819591039558872581e-02 -3.041431514429859817e-02
9.456340380711480975e-02 -3.090268580126576126e-02
9.107514627976343036e-02 -3.672460393863730133e-02
9.495196113130077720e-02 -3.795780552900396287e-02
8.939594723051413894e-02 -3.746787682757712901e-02
8.537180389976128936e-02 -3.706203834735788405e-02
9.070329641690477729e-02 -3.457411556155420840e-02
8.931159897474572062e-02 -3.306695379433222115e-02
8.974643392139114439e-02 -2.884921830263920128e-02
9.440652062767185271e-02 -2.969867803039960563e-02
8.984583537676371634e-02 -2.726937874103896320e-02
9.244961888180114329e-02 -3.068247900228016078e-02
9.469810748123563826e-02 -3.392345059546642005e-02
1.012458243931178004e-01 -2.937600595760159194e-02
9.553216877975501120e-02 -2.764664040296338499e-02
9.798650085576809943e-02 -2.842881725518964231e-02
1.024439592438284308e-01 -3.363401265232823789e-02
9.785601324983872473e-02 -3.295617076219059527e-02
1.002964658255223185e-01 -2.510858039022423327e-02
1.009579271485563368e-01 -2.748843879089690745e-02
9.564097909606061876e-02 -2.128224252373911440e-02
8.836172366864047945e-02 -1.980064032250083983e-02
9.110069772577844560e-02 -2.388117709779180586e-02
9.637166731408797204e-02 -2.584450101130641997e-02
9.163386686122976243e-02 -2.644904053886421025e-02
9.608938530436716974e-02 -2.784214951680041850e-02
9.286174023873172700e-02 -3.331649993197061121e-02
9.824623292661271989e-02 -3.091455312096513808e-02
9.655253004166297615e-02 -3.170902639976702631e-02
9.327050411957316101e-02 -3.486227532266639173e-02
