4.621067397795300402e-02 3.868243123924455795e-02
9.746200405061244965e-03 -9.190488606691360474e-03
1.957882102578878403e-02 -1.185820181854069233e-02
2.909942064434289932e-02 -2.162348781712353230e-02
3.839073330163955688e-02 -3.155107167549431324e-02
4.829681757837533951e-02 -4.082874511368572712e-02
5.587983736768364906e-02 -5.020967242307960987e-02
5.933156376704573631e-02 -5.492969718761742115e-02
6.816330784931778908e-02 -5.579099443275481462e-02
7.581882318481802940e-02 -6.425342068541795015e-02
7.590132316545350477e-02 -5.905357573647052050e-02
7.232170731731457636e-02 -5.707771994639188051e-02
7.090532575239194557e-02 -6.000311940442770720e-02
7.303410796885145828e-02 -5.309431522618979216e-02
7.154370279022259638e-02 -5.241860001115128398e-02
7.535549852036638185e-02 -5.874756182311102748e-02
7.442666327551705763e-02 -5.317450844449922442e-02
7.135571998514933512e-02 -5.045056430390104651e-02
6.990630557265831158e-02 -5.631086550420150161e-02
6.885853345011128113e-02 -6.108332698931917548e-02
6.473227665264857933e-02 -5.854002892738208175e-02
7.012201920588267967e-02 -5.837844550842419267e-02
6.517314380471361801e-02 -5.237069685244932771e-02
7.185090827260864899e-02 -5.671203980455175042e-02
6.679521901969565079e-02 -6.089571217307820916e-02
6.549121840362204239e-02 -6.811565818497911096e-02
6.463926540891407058e-02 -6.118248176062479615e-02
6.371724890050245449e-02 -6.485529366182163358e-02
6.663489253696752712e-02 -6.091500940965488553e-02
7.094572349888039753e-02 -6.169193569803610444e-02
7.204706110496772453e-02 -6.737668864661827683e-02
7.283994112367508933e-02 -6.200770015129819512e-02
7.898158695752499625e-02 -6.660303479293361306e-02
7.185393966938136145e-02 -6.757547857705503702e-02
7.165004708076594397e-02 -6.543738732580095530e-02
7.172487951902439818e-02 -6.635939725674688816e-02
7.504437883471837267e-02 -6.893148832023143768e-02
7.420544706837972626e-02 -7.188136689364910126e-02
7.695417230570456013e-02 -7.900976808741688728e-02
7.068143350625177845e-02 -7.129439990967512131e-02
6.348257682839175686e-02 -7.809007540345191956e-02
6.706329722510417923e-02 -7.933559548109769821e-02
7.475559374870499596e-02 -7.303504506126046181e-02
7.027833916799863800e-02 -7.708468707278370857e-02
7.347109758848091587e-02 -7.839588308706879616e-02
7.876190248498460278e-02 -7.115910341963171959e-02
7.740674199158092961e-02 -7.382607855834066868e-02
7.302918269851943478e-02 -7.227719703223556280e-02
7.752216172957560048e-02 -7.978433219250291586e-02
7.371729573787888512e-02 -7.761028490494936705e-02
6.646364423068007454e-02 -8.243302430491894484e-02
