-3.036799749455933173e-02 4.527740932755486281e-02
4.347097594290971756e-03 -9.903954342007637024e-03
1.277304580435156822e-02 -1.960856840014457703e-02
1.809388305991888046e-02 -2.954451367259025574e-02
2.207782398909330368e-02 -3.901036735624074936e-02
2.880890714004635811e-02 -4.875609930604696274e-02
3.329625213518738747e-02 -5.853380542248487473e-02
2.956153848208487034e-02 -6.242311629466712475e-02
3.371299221180379391e-02 -6.175015127519145608e-02
3.339104965562000871e-02 -7.036843808600679040e-02
4.132439155364409089e-02 -7.537776842946186662e-02
4.801777849206700921e-02 -8.483117964351549745e-02
4.451267985859885812e-02 -8.641085651470348239e-02
4.850999364862218499e-02 -8.814606693340465426e-02
4.872032889397814870e-02 -8.004776731831952929e-02
5.557814129861071706e-02 -8.355463523184880614e-02
5.858310830080881715e-02 -8.479749102843925357e-02
5.782748531782999635e-02 -8.725285477703437209e-02
5.210804013768211007e-02 -8.098786690970882773e-02
5.032351770205423236e-02 -7.902806851780042052e-02
5.311925796559080482e-02 -7.172398682450875640e-02
4.575803683837875724e-02 -7.992896850919350982e-02
5.113919399445876479e-02 -8.570614963537082076e-02
4.888133372878655791e-02 -8.800585236167535186e-02
5.359749397030100226e-02 -7.981660350924357772e-02
4.741074884077534080e-02 -7.999161406769417226e-02
5.112756806192919612e-02 -8.281656433246098459e-02
5.201866466086357832e-02 -8.087282589985989034e-02
4.736061801668256521e-02 -8.659391905530355871e-02
5.187435622792690992e-02 -8.554570699925534427e-02
4.484172526281327009e-02 -7.976854356820695102e-02
4.813910427037626505e-02 -8.328229698236100376e-02
5.519004410598427057e-02 -7.755639727110974491e-02
6.190087704453617334e-02 -7.882937541580758989e-02
6.739813706371933222e-02 -7.675259475945495069e-02
6.452703324612230062e-02 -8.521964502870105207e-02
5.834656709339469671e-02 -8.544224810611922294e-02
6.184359535109251738e-02 -9.054223897692281753e-02
5.959018447902053595e-02 -9.021112565824296325e-02
6.238124461378902197e-02 -9.650751958542969078e-02
5.910553305875509977e-02 -8.851921661698725075e-02
5.825841816840693355e-02 -8.275245559343602508e-02
6.208689830964431167e-02 -9.048149931186344475e-02
6.208417258926601789e-02 -8.263848639035131782e-02
6.426915011138589762e-02 -8.327700114750768989e-02
6.643186879114182375e-02 -8.525340595224406570e-02
6.460803348340959928e-02 -8.544558443827554584e-02
6.233891865008445166e-02 -9.392757032765075564e-02
5.854477497518928431e-02 -9.570566628826782107e-02
5.505998592593641661e-02 -9.828796348301693797e-02
5.751343813494713686e-02 -9.410191484494134784e-02
