-9.617701814952500650e-02 -2.261421573396265108e-02
6.321592256426811218e-03 -9.848683141171932220e-03
1.390952663496136665e-02 -1.971071120351552963e-02
1.506945805158466101e-02 -2.960522472858428955e-02
2.390570973511785269e-02 -3.925273288041353226e-02
3.018765046726912260e-02 -4.908316861838102341e-02
3.632197424303740263e-02 -5.902396328747272491e-02
4.155516659375280142e-02 -6.893092114478349686e-02
4.352388286497443914e-02 -7.799727097153663635e-02
4.788836126681417227e-02 -8.767364360392093658e-02
4.791388278317754157e-02 -9.553889743983745575e-02
5.018196710807387717e-02 -9.608281007967889309e-02
4.177550775420968421e-02 -9.118739259429275990e-02
3.550107255068724044e-02 -1.009382691700011492e-01
3.783305538308923133e-02 -1.093919810373336077e-01
3.132874648508732207e-02 -1.086271104286424816e-01
2.975209699434344657e-02 -1.093261316418647766e-01
3.218812811610405333e-02 -1.105291583808138967e-01
3.616038420659606345e-02 -1.044621734181419015e-01
4.209322658789460547e-02 -9.700069262180477381e-02
4.794213026252691634e-02 -1.068485012510791421e-01
4.620238756251637824e-02 -1.040176657261326909e-01
4.176246132192318328e-02 -1.042369536007754505e-01
3.905091843989794143e-02 -1.023965684580616653e-01
4.127527204764191993e-02 -1.050158289144746959e-01
4.024158152242307551e-02 -9.774063638178631663e-02
3.640989530322258361e-02 -9.427167958347126842e-02
3.526797461745445617e-02 -9.984722797526046634e-02
4.240855145690147765e-02 -1.034327286179177463e-01
4.067453790412400849e-02 -1.037683075410313904e-01
3.553364101753686555e-02 -1.022242348990403116e-01
3.217359960035537370e-02 -1.056504952139221132e-01
3.176513135622371919e-02 -1.126817981130443513e-01
3.705520330186118372e-02 -1.045555262244306505e-01
3.933003599013318308e-02 -1.136114834225736558e-01
4.168521923202206381e-02 -1.097369097988121212e-01
3.631602118912269361e-02 -1.117597924894653261e-01
4.070655520263244398e-02 -1.134338884730823338e-01
3.488283868136932142e-02 -1.056097227265127003e-01
3.049062735590268858e-02 -1.099947065231390297e-01
3.452869069951702841e-02 -1.049611506168730557e-01
3.493238818555255421e-02 -9.623040194856002927e-02
4.203862436770577915e-02 -1.033274510991759598e-01
5.016821362733026035e-02 -1.034727153601124883e-01
4.401261751263518818e-02 -1.123932591872289777e-01
4.933855469062109478e-02 -1.145522127626463771e-01
4.645921053088386543e-02 -1.063748336164280772e-01
4.863006524465163238e-02 -1.036465038778260350e-01
4.598424020878155716e-02 -1.093135132687166333e-01
4.787943182236631401e-02 -1.032000390114262700e-01
3.980174889511545189e-02 -1.108032950432971120e-01
