-9.377428083365858813e-02 -8.473304268459835864e-02
-7.491912692785263062e-03 -9.867923334240913391e-03
-1.516944728791713715e-02 -1.971256639808416367e-02
-2.444212883710861206e-02 -2.968030050396919250e-02
-3.409015014767646790e-02 -3.935313876718282700e-02
-4.288472607731819153e-02 -4.812302254140377045e-02
-4.818033706396818161e-02 -5.588156031444668770e-02
-5.128212925046682358e-02 -6.547736236825585365e-02
-5.267136625479906797e-02 -7.506408588960766792e-02
-6.023990910034626722e-02 -8.455096231773495674e-02
-6.000208419573027641e-02 -9.236026555299758911e-02
-5.597482978191692382e-02 -9.727559145539999008e-02
-5.936760835174936801e-02 -9.977615694515407085e-02
-5.721458962943870574e-02 -1.082574788015335798e-01
-5.536838465195614845e-02 -1.006307380739599466e-01
-5.708123669319320470e-02 -9.808004205115139484e-02
-5.843188748985994607e-02 -9.859710518503561616e-02
-5.876285360136535019e-02 -9.898904326837509871e-02
-5.911971554451156408e-02 -9.624939679633826017e-02
-5.523558724962640554e-02 -9.510803944431245327e-02
-5.159005285531748086e-02 -9.193282388150691986e-02
-5.761603401333559304e-02 -9.068795468192547560e-02
-6.026954572007525712e-02 -8.788948936853557825e-02
-5.397844123945105821e-02 -8.971603913232684135e-02
-5.474369630974251777e-02 -8.436199231073260307e-02
-5.585267949209082872e-02 -9.373913751915097237e-02
-4.992597033560741693e-02 -8.773202402517199516e-02
-4.582757172465790063e-02 -9.488385589793324471e-02
-5.069525768340099603e-02 -9.607507975306361914e-02
-5.083506573282647878e-02 -1.015326533233746886e-01
-5.476449216075707227e-02 -9.408107853960245848e-02
-5.110857701220083982e-02 -9.807024977635592222e-02
-4.641691195138264447e-02 -9.048696781974285841e-02
-4.719148024742025882e-02 -8.273507643025368452e-02
-5.037341157731134444e-02 -8.885401568841189146e-02
-4.709925812494475394e-02 -8.263338671531528234e-02
-5.512791809451300651e-02 -9.189511777367442846e-02
-4.690813396882731467e-02 -9.431265702005475760e-02
-5.053872668941039592e-02 -9.753057046327739954e-02
-4.846283172082621604e-02 -9.210670983884483576e-02
-5.097896356892306358e-02 -9.802967414725571871e-02
-4.862879899155814201e-02 -9.403663745615631342e-02
-4.701002275396604091e-02 -9.611569752451032400e-02
-5.176292739633936435e-02 -8.965484041254967451e-02
-5.091186247591394931e-02 -9.552700247149914503e-02
-4.312011094589252025e-02 -9.968702530022710562e-02
-4.300108881579944864e-02 -9.872892597923055291e-02
-5.022484393703052774e-02 -1.031624172464944422e-01
-5.214381419500568882e-02 -1.059422479593195021e-01
-5.065750799985835329e-02 -1.073242840939201415e-01
-4.896262966940412298e-02 -1.001154515543021262e-01
