-7.510198979159025956e-02 -1.160279571798482623e-01
-8.463132195174694061e-03 -9.957366622984409332e-03
-1.732580363750457764e-02 -1.986496709287166595e-02
-2.529554534703493118e-02 -2.972329407930374146e-02
-3.213997231796383858e-02 -3.957745898514986038e-02
-3.805747441947460175e-02 -4.946790821850299835e-02
-3.757910782587714493e-02 -5.922735575586557388e-02
-3.901491689612157643e-02 -6.897300016134977341e-02
-4.761986716766841710e-02 -7.813285663723945618e-02
-5.066894626361317933e-02 -8.552108332514762878e-02
-5.377369190682657063e-02 -9.450467396527528763e-02
-4.951438683201558888e-02 -1.018825797364115715e-01
-5.032098133233375847e-02 -1.046947774011641741e-01
-4.466607401263900101e-02 -1.125643246341496706e-01
-4.134571392205543816e-02 -1.046626989264041185e-01
-4.644253131118603051e-02 -1.049858145124744624e-01
-4.633368965733097866e-02 -9.850518542225472629e-02
-5.110239139321492985e-02 -1.014858456037472934e-01
-5.364667153480695561e-02 -1.059802253439556807e-01
-5.273202877287985757e-02 -1.047232158889528364e-01
-4.845598922838689759e-02 -1.055802895280066878e-01
-5.060454528575064614e-02 -1.028949263563845307e-01
-4.636700428818585351e-02 -9.841515115112997591e-02
-4.330921686050714925e-02 -1.033241310215089470e-01
-4.101667088252725080e-02 -1.012886265816632658e-01
-3.950831457768799737e-02 -9.801329174661077559e-02
-4.467616300826193765e-02 -1.026120950991753489e-01
-5.140245683287503198e-02 -1.056549420172814280e-01
-5.221240409446181729e-02 -9.987820047535933554e-02
-4.596031085384311154e-02 -1.031349379627499729e-01
-4.304188630339922383e-02 -1.019099660043139011e-01
-4.043031112087192014e-02 -1.072922123421449214e-01
-4.344693199527682737e-02 -1.126599691633600742e-01
-4.416562693222658709e-02 -1.052649400953669101e-01
-4.785893677762942389e-02 -1.069710533192846924e-01
-4.262643360561924055e-02 -1.141690592339728028e-01
-3.754064354143338278e-02 -1.095547442382667214e-01
-3.397233767464058474e-02 -1.062224108318332583e-01
-3.724446806154446676e-02 -1.024971873557660729e-01
-3.919009952369378880e-02 -1.049595458025578409e-01
-3.547819652158068493e-02 -1.054047376383095980e-01
-3.670524160406785086e-02 -9.696141839958727360e-02
-4.053972155816154554e-02 -1.059077980462461710e-01
-3.674161836534040049e-02 -9.920139214955270290e-02
-3.746194288396509364e-02 -9.652885934337973595e-02
-4.531635891908081248e-02 -9.874029178172349930e-02
-5.162026955076726153e-02 -9.421928180381655693e-02
-5.291196832695277408e-02 -9.842083556577563286e-02
-4.632477404811652377e-02 -9.730457526165992022e-02
-4.067904258408816531e-02 -9.434744587633758783e-02
-3.756613529549213126e-02 -9.810478438157588243e-02
