-2.213549839024267496e-02 -1.475193299352265119e-01
9.414657950401306152e-03 -8.971042931079864502e-03
1.185414241626858711e-02 -1.892434246838092804e-02
1.051124208606779575e-02 -2.886216063052415848e-02
1.767008868046104908e-02 -3.879307676106691360e-02
2.525694458745419979e-02 -4.838288202881813049e-02
2.218252629972994328e-02 -5.835389904677867889e-02
1.901202299632132053e-02 -6.831449083983898163e-02
2.388251735828816891e-02 -7.751033175736665726e-02
2.753929095342755318e-02 -8.643541857600212097e-02
3.540368704125285149e-02 -9.380788542330265045e-02
4.373070830479264259e-02 -1.008870531804859638e-01
4.586860537528991699e-02 -1.062320172786712646e-01
5.181869259104132652e-02 -1.054052913095802069e-01
4.837935441173613071e-02 -9.703476424328982830e-02
4.435389884747564793e-02 -1.020358006935566664e-01
4.804304707795381546e-02 -9.681399748660624027e-02
5.051609151996672153e-02 -1.008104921784251928e-01
5.546783772297203541e-02 -1.007874204133258900e-01
5.040176049806177616e-02 -9.745187417684064712e-02
5.672821425832808018e-02 -9.199556487692461815e-02
5.287197255529463291e-02 -9.113599319789500441e-02
5.467021244112402201e-02 -9.758374101329536643e-02
4.982425936032086611e-02 -9.751188404152344447e-02
5.278184066992253065e-02 -1.011534677654708503e-01
5.202463880414143205e-02 -1.083713718526269076e-01
5.293095245724543929e-02 -1.078477224054950057e-01
5.986571445828303695e-02 -1.013860010261851130e-01
5.680902505991980433e-02 -9.825496903613384347e-02
5.928901809966191649e-02 -9.426002033978875261e-02
5.471549130743369460e-02 -1.006412493716197787e-01
5.756543966708704829e-02 -9.757714152328844648e-02
5.873720144154503942e-02 -1.001602505984919844e-01
5.291300575481727719e-02 -9.329766656264837366e-02
5.535495543153956532e-02 -9.748820370987232309e-02
4.700728674652054906e-02 -9.157565903842623811e-02
5.148194433422759175e-02 -9.331906509578402620e-02
5.554710497381165624e-02 -9.129961572580214124e-02
5.066196696134284139e-02 -8.982725468922581058e-02
4.490225092740729451e-02 -9.794935611535038333e-02
4.527146831969730556e-02 -1.037458207410963951e-01
4.965792081202380359e-02 -1.029144158073904691e-01
4.560489996219985187e-02 -1.115106973284127889e-01
5.337225782568566501e-02 -1.050587236368301092e-01
4.953293802100233734e-02 -9.752522971939470153e-02
5.686977153527550399e-02 -1.006968762212636648e-01
5.039302373188547790e-02 -9.407820603337313514e-02
4.557274861144833267e-02 -8.717684405382897239e-02
4.451382925617508590e-02 -9.595362427171494346e-02
5.330680889892391860e-02 -1.049024346702935873e-01
5.135316771338693798e-02 -1.011213914443942485e-01
