1.564087988745860303e-02 -1.487692405374572702e-01
-1.648533274419605732e-03 -9.963547810912132263e-03
-3.749794908799231052e-03 -1.974260993301868439e-02
-4.508563200943171978e-03 -2.884490694850683212e-02
-1.196736132260411978e-02 -3.858679346740245819e-02
-1.760128780733793974e-02 -4.796339944005012512e-02
-1.268464734312146902e-02 -5.760254897177219391e-02
-1.519259985070675611e-02 -6.752056814730167389e-02
-2.136117301415652037e-02 -7.735477015376091003e-02
-2.131737552190315910e-02 -8.675327524542808533e-02
-2.037390553232398815e-02 -9.551057033240795135e-02
-2.072342478277278133e-02 -1.014692513272166252e-01
-1.931654538566363044e-02 -1.108093988150358200e-01
-1.929537024079763796e-02 -1.048227585852146149e-01
-1.462001776053512003e-02 -1.140618361532688141e-01
-1.292833188745134976e-02 -1.174790174700319767e-01
-1.196305853045487311e-02 -1.205750806257128716e-01
-1.765362013793492224e-02 -1.171807500068098307e-01
-1.188930523312592413e-02 -1.144267769996076822e-01
-9.004419005577801727e-03 -1.232403053436428308e-01
-1.013611213966214564e-02 -1.202021373901516199e-01
-1.104506684896477964e-02 -1.134549940470606089e-01
-7.596925110192387365e-03 -1.173170066904276609e-01
-7.295040710232569836e-03 -1.141344464849680662e-01
-1.307325607012899127e-02 -1.172359799966216087e-01
-1.511310466412396636e-02 -1.188332634046673775e-01
-1.801771281134278979e-02 -1.168640500400215387e-01
-2.347797138463647570e-02 -1.218789794947952032e-01
-2.333411557447107043e-02 -1.233083273982629180e-01
-2.205983381099940743e-02 -1.195645072730258107e-01
-2.389314928404928651e-02 -1.189425423508509994e-01
-1.687182131536246743e-02 -1.249892784981057048e-01
-1.182795008026005235e-02 -1.221441068919375539e-01
-8.826789626255049370e-03 -1.149404110619798303e-01
-1.349191571898700204e-02 -1.173388279275968671e-01
-1.697417506329657044e-02 -1.241530600236728787e-01
-1.909588877424539533e-02 -1.240049555926816538e-01
-1.376959257140697446e-02 -1.233444765239255503e-01
-1.838428614973963704e-02 -1.275857046275632456e-01
-1.163658028781355824e-02 -1.223330336651997641e-01
-1.131120330501289573e-02 -1.182815820939140394e-01
-9.592365071512176655e-03 -1.204407661716686562e-01
-5.691144679076387547e-03 -1.229107593680964783e-01
-1.019611681658716407e-02 -1.163509203615831211e-01
-1.014270032646891195e-02 -1.163675822444929508e-01
-1.347014265957113821e-02 -1.200430996377690462e-01
-1.515013589414593298e-02 -1.218514723132102517e-01
-1.978690368014213163e-02 -1.160079367818980245e-01
-2.462019310223695356e-02 -1.103799926477222471e-01
-2.117754919345316011e-02 -1.142698369349091081e-01
-2.037077291060995776e-02 -1.111645851178764133e-01
