3.633518468594454376e-02 -1.431651992636644444e-01
5.435650236904621124e-03 -9.809564799070358276e-03
1.446549501270055771e-02 -1.921152416616678238e-02
2.296606637537479401e-02 -2.895640395581722260e-02
2.972892345860600471e-02 -3.786173928529024124e-02
3.316796594299376011e-02 -4.781675525009632111e-02
4.199127038009464741e-02 -5.767754744738340378e-02
4.347247793339192867e-02 -6.751991435885429382e-02
4.771843622438609600e-02 -7.737131603062152863e-02
4.097122629173099995e-02 -8.731479197740554810e-02
3.272008732892572880e-02 -9.620174393057823181e-02
4.156614397652447224e-02 -1.060853023082017899e-01
4.173752639326266944e-02 -1.150550674647092819e-01
4.289897889248095453e-02 -1.131424831692129374e-01
4.429209916270337999e-02 -1.211646043229848146e-01
5.171146834618411958e-02 -1.242255268152803183e-01
4.490356412134133279e-02 -1.245713118405546993e-01
4.445248632691800594e-02 -1.210225288232322782e-01
4.410750002716667950e-02 -1.250441035663243383e-01
3.843072991003282368e-02 -1.184837327746208757e-01
4.045861100894398987e-02 -1.158019875583704561e-01
4.191500393790192902e-02 -1.249267173407133669e-01
4.700043404591269791e-02 -1.276591085770633072e-01
4.318491139565594494e-02 -1.202551821188535541e-01
3.717865890939719975e-02 -1.136734132596757263e-01
4.156694098492152989e-02 -1.199318818689789623e-01
4.751978212152607739e-02 -1.216576168953906745e-01
4.343405415420420468e-02 -1.239328274677973241e-01
5.053418411989696324e-02 -1.201146994426380843e-01
5.046955063153291121e-02 -1.127754924527835101e-01
4.611816243414068595e-02 -1.189960548363160342e-01
4.227214665297651663e-02 -1.136708697013091296e-01
4.873467409197473899e-02 -1.180771118670236319e-01
4.660038077417993918e-02 -1.148347384005319327e-01
4.267343445826554671e-02 -1.107878642797004431e-01
4.602724113647127524e-02 -1.141672592784743756e-01
5.225452440936351195e-02 -1.195353523071389645e-01
5.130432625446701422e-02 -1.151045101869385689e-01
5.320706623751902953e-02 -1.202007375832181424e-01
5.825586696300888434e-02 -1.183580301876645535e-01
5.799252470751525834e-02 -1.177424143825192004e-01
5.356711406057002023e-02 -1.236387368116993457e-01
5.241118511912645772e-02 -1.198351653583813459e-01
5.515126768295885995e-02 -1.140993042208719999e-01
5.999787734617711976e-02 -1.160407073621172458e-01
5.768657499720575288e-02 -1.232996934850234538e-01
5.205252650921465829e-02 -1.182975324627477676e-01
5.298887252138229087e-02 -1.144450889260042459e-01
4.912317277194233611e-02 -1.113745079201180488e-01
5.255696050153346732e-02 -1.154282156203407794e-01
5.376424187124939635e-02 -1.202083651733119041e-01
