5.228942092995723240e-02 -1.352397586740468893e-01
9.797102771699428558e-03 -9.706816636025905609e-03
1.740416465327143669e-02 -1.959646400064229965e-02
2.685537235811352730e-02 -2.935631293803453445e-02
3.430199995636940002e-02 -3.901209030300378799e-02
3.860389953479170799e-02 -4.896948579698801041e-02
4.008857964072376490e-02 -5.894698109477758408e-02
3.879263636190444231e-02 -6.886858679354190826e-02
4.123478766996413469e-02 -7.877860497683286667e-02
3.669503109995275736e-02 -8.870965428650379181e-02
4.394666070584207773e-02 -9.838177263736724854e-02
4.384962315089069307e-02 -1.059373156167566776e-01
4.950128667405806482e-02 -1.133456612005829811e-01
5.376264438382349908e-02 -1.200895034708082676e-01
5.295988844591192901e-02 -1.144514167681336403e-01
4.909485272946767509e-02 -1.174297630786895752e-01
5.744317427161149681e-02 -1.221850919537246227e-01
5.614761364995501935e-02 -1.179145183414220810e-01
5.067585417418740690e-02 -1.117998543195426464e-01
4.577486132620833814e-02 -1.125709256157279015e-01
4.069173717289231718e-02 -1.187208816409111023e-01
4.100199125241488218e-02 -1.162678264081478119e-01
4.951738088857382536e-02 -1.214185324497520924e-01
5.607323849108070135e-02 -1.144075337797403336e-01
5.110792710911482573e-02 -1.171725394669920206e-01
5.118951156327966601e-02 -1.123721401672810316e-01
4.812644376943353564e-02 -1.143031606916338205e-01
5.173197390104178339e-02 -1.085580622311681509e-01
5.781773432681802660e-02 -1.083042442041914910e-01
5.470823707582894713e-02 -1.078119778248947114e-01
5.232199492456857115e-02 -1.129812129947822541e-01
5.551294727774802595e-02 -1.116606971190776676e-01
6.051416533591691405e-02 -1.198110893310513347e-01
5.531054527091328055e-02 -1.179957047279458493e-01
5.816935330221895128e-02 -1.215619817085098475e-01
5.235103286395315081e-02 -1.157205216295551509e-01
5.266561305325012654e-02 -1.145791975723113865e-01
4.906565712008159608e-02 -1.120993749646004289e-01
4.735858731146436185e-02 -1.174580453371163458e-01
5.371253650810103863e-02 -1.223010321555193514e-01
5.699507628742139786e-02 -1.145622919721063226e-01
4.988912928092759103e-02 -1.178180299175437540e-01
4.973019707540515810e-02 -1.168918786861468107e-01
5.296298606845084578e-02 -1.081550801463890821e-01
5.033087592164520174e-02 -1.121467957564163953e-01
4.582370632851962000e-02 -1.158028468780685216e-01
4.690251815191004425e-02 -1.221622373268473893e-01
5.314234959951136261e-02 -1.177856470749247819e-01
5.362597691419068724e-02 -1.137679843523073941e-01
4.617636628972832114e-02 -1.159688411571551114e-01
4.612259336499846540e-02 -1.128951679274905473e-01
