8.212336809563988704e-02 -1.070592009462806860e-01
8.796925656497478485e-03 -9.920827113091945648e-03
1.862505637109279633e-02 -1.961968280375003815e-02
2.808879408985376358e-02 -2.955740410834550858e-02
3.792793489992618561e-02 -3.947221301496028900e-02
4.778245277702808380e-02 -4.928489681333303452e-02
5.659127049148082733e-02 -5.922852549701929092e-02
6.402896437793970108e-02 -6.916798837482929230e-02
6.252670800313353539e-02 -7.868864666670560837e-02
6.017982703633606434e-02 -8.814780693501234055e-02
5.794155457988381386e-02 -9.683254361152648926e-02
5.471027363091707230e-02 -1.016164980828762054e-01
4.996804893016815186e-02 -1.015405248108436354e-01
5.482285190373659134e-02 -1.092911915111471899e-01
5.570224806433543563e-02 -1.026856715980102308e-01
5.364094482501968741e-02 -1.059124088569660671e-01
5.715796438744291663e-02 -1.097690582464565523e-01
5.708949355175718665e-02 -1.164508115689386614e-01
6.057781347772106528e-02 -1.151112770385225303e-01
5.851649300893768668e-02 -1.101673902667243965e-01
5.302144860615953803e-02 -1.183265462241251953e-01
5.421540112001821399e-02 -1.154148700370569713e-01
5.936293181730434299e-02 -1.097471002212841995e-01
5.704727832926437259e-02 -1.070903198051382788e-01
4.993159667355939746e-02 -1.138200897912611254e-01
5.142334237461909652e-02 -1.104310353475739248e-01
4.679518326884135604e-02 -1.067376931387116201e-01
5.541921913390979171e-02 -1.146210649239947088e-01
6.045110983541235328e-02 -1.171751220899750479e-01
5.602115573128685355e-02 -1.126594825836946256e-01
5.160315701505169272e-02 -1.124275597176165320e-01
4.375125182559713721e-02 -1.106480189264402725e-01
5.147376790409907699e-02 -1.081139144152984954e-01
5.768305290257558227e-02 -1.139010560364113189e-01
5.296337598701938987e-02 -1.149053179324255325e-01
5.472158064367249608e-02 -1.093458893374190666e-01
5.971805454464629292e-02 -1.144451882355497219e-01
5.835711961844936013e-02 -1.082129289061413147e-01
5.624747282126918435e-02 -1.116418397650704719e-01
5.087618302786722779e-02 -1.050514938906417228e-01
5.340355337830260396e-02 -1.038259020206169225e-01
5.666374374413862824e-02 -1.029970887248055078e-01
5.943035526433959603e-02 -1.059614034966216423e-01
5.734239734010770917e-02 -1.056415423299768008e-01
5.851302301743999124e-02 -1.018671866986551322e-01
5.756875674705952406e-02 -9.877284974936628714e-02
5.859097524080425501e-02 -1.064579578596749343e-01
5.648997484240680933e-02 -1.099724907908239402e-01
5.549487774260342121e-02 -1.068124385565170087e-01
4.966818890534341335e-02 -1.118438216872164048e-01
5.312244244851171970e-02 -1.030852534822770394e-01
