9.823291942875644889e-02 -6.871613048959222814e-02
9.808719158172607422e-03 -9.322870522737503052e-03
1.845375914126634598e-02 -1.896195020526647568e-02
2.697137556970119476e-02 -2.847076859325170517e-02
3.669067937880754471e-02 -3.740092460066080093e-02
4.573164507746696472e-02 -4.508368019014596939e-02
5.552180297672748566e-02 -5.453111976385116577e-02
6.458104588091373444e-02 -5.989850778132677078e-02
7.312970142811536789e-02 -5.877811694517731667e-02
7.923803990706801414e-02 -5.133932037279009819e-02
8.550530346110463142e-02 -5.122970743104815483e-02
9.208772191777825356e-02 -5.099262281146366149e-02
8.918953128159046173e-02 -5.317964598361868411e-02
8.574765524826943874e-02 -5.337032838724553585e-02
8.641681034350767732e-02 -4.819877562113106251e-02
9.125845745438709855e-02 -5.149821867235004902e-02
8.648347813868895173e-02 -5.053850286640226841e-02
8.964923565508797765e-02 -5.733003816567361355e-02
8.572369843022897840e-02 -5.290757515467703342e-02
9.148197883041575551e-02 -4.913161741569638252e-02
8.896204346092417836e-02 -5.136401276104152203e-02
8.605506067397072911e-02 -4.629884357564151287e-02
8.866483095334842801e-02 -4.815213789697736502e-02
9.131236659595742822e-02 -4.413229215424507856e-02
8.715963648864999413e-02 -4.848841519560664892e-02
8.925085101509466767e-02 -4.467237798962742090e-02
8.376051957020536065e-02 -4.166394693311303854e-02
8.307443198282271624e-02 -4.655530804302543402e-02
8.351918632979504764e-02 -4.309983609709888697e-02
8.668653664062730968e-02 -4.341056881821714342e-02
8.318283499102108181e-02 -4.708061632118187845e-02
8.350451529258862138e-02 -4.651346858008764684e-02
8.673196617746725678e-02 -4.844300504191778600e-02
7.887931965524330735e-02 -5.593507605954073370e-02
8.185916329966858029e-02 -5.423300105030648410e-02
8.573404798517003655e-02 -5.636683173361234367e-02
8.839862240711227059e-02 -4.793119870009832084e-02
8.282454503932967782e-02 -5.127056848141364753e-02
8.048704691464081407e-02 -4.961942331283353269e-02
8.213874878128990531e-02 -4.573882123804651201e-02
8.282790600787848234e-02 -5.186286880052648485e-02
8.734575693961232901e-02 -4.761089649400673807e-02
8.332426694687455893e-02 -4.064579107216559350e-02
8.598533540498465300e-02 -4.645770587376318872e-02
8.556972711812704802e-02 -4.287167949951253831e-02
8.483213518047705293e-02 -4.693461986607871950e-02
8.113044413039460778e-02 -4.258564100018702447e-02
8.209929731674492359e-02 -4.772750180563889444e-02
7.862974447198212147e-02 -5.208170585683546960e-02
7.534521515481173992e-02 -4.986443565576337278e-02
7.470627839211374521e-02 -4.609629683545790613e-02
