9.835627695952731120e-02 -3.194334519738618872e-02
9.355549700558185577e-03 -9.395185858011245728e-03
1.913933362811803818e-02 -1.910806633532047272e-02
2.871936187148094177e-02 -2.895064279437065125e-02
3.799699433147907257e-02 -3.880934417247772217e-02
4.576897481456398964e-02 -4.827023390680551529e-02
5.444956989958882332e-02 -4.961278080008924007e-02
6.236166460439562798e-02 -5.724366963841021061e-02
6.678760983049869537e-02 -6.528855045326054096e-02
7.031519385054707527e-02 -5.784803745336830616e-02
7.607800187543034554e-02 -5.958506814204156399e-02
7.802989298943430185e-02 -5.986991454847157001e-02
7.876239711185917258e-02 -5.684050847776234150e-02
7.279353862395510077e-02 -5.008159228600561619e-02
7.722602732246741652e-02 -5.208499729633331299e-02
8.096651075175032020e-02 -5.009790952317416668e-02
8.418095338856801391e-02 -4.841461835894733667e-02
9.101505012949928641e-02 -5.806236306671053171e-02
8.767949085449799895e-02 -5.074086238164454699e-02
8.015824010362848639e-02 -5.135281011462211609e-02
8.195622015045955777e-02 -5.255007906816899776e-02
8.530337741831317544e-02 -5.980260693468153477e-02
8.806537912460044026e-02 -5.155281838960945606e-02
8.440523553872480989e-02 -4.810407711192965508e-02
8.494310308014973998e-02 -4.593235440552234650e-02
7.970070646842941642e-02 -4.357497161254286766e-02
8.532303612446412444e-02 -5.030465964227914810e-02
8.495799344382248819e-02 -5.084817053284496069e-02
8.253145855269394815e-02 -5.370970850344747305e-02
8.789766937843523920e-02 -5.013265146408230066e-02
8.424982344149611890e-02 -5.566661304328590631e-02
8.647607601596973836e-02 -5.594019062118604779e-02
9.027398130274377763e-02 -4.829462553607299924e-02
9.076253671082668006e-02 -5.375211482169106603e-02
9.024244864122010767e-02 -4.772953531937673688e-02
8.857586109661497176e-02 -4.331947845639660954e-02
8.267307575442828238e-02 -5.109338444890454412e-02
8.669654434197582304e-02 -4.693913861410692334e-02
9.263490946614183486e-02 -5.355011747451499104e-02
8.903203174122609198e-02 -5.128690303536131978e-02
9.371229461976327002e-02 -5.502016592072322965e-02
8.832301120855845511e-02 -5.838748981477692723e-02
8.491336685256101191e-02 -5.515015550190582871e-02
7.929753177450038493e-02 -5.221774900564923882e-02
8.601881834329105914e-02 -4.570571990916505456e-02
8.668170301825739443e-02 -4.493335221195593476e-02
7.940385575057007372e-02 -4.660810198402032256e-02
8.622658942476846278e-02 -4.397454945137724280e-02
8.639284703531302512e-02 -5.070355808129534125e-02
8.230706551694311202e-02 -5.235704925144091249e-02
8.268011428299359977e-02 -4.722382087493315339e-02
