6.843632922525692830e-02 2.291411963517248074e-02
9.552854113280773163e-03 -9.797624312341213226e-03
1.815791055560112000e-02 -1.908135227859020233e-02
2.769634127616882324e-02 -2.499571163207292557e-02
3.660367615520954132e-02 -3.383896686136722565e-02
4.643051233142614365e-02 -4.283976834267377853e-02
5.520096141844987869e-02 -4.996189242228865623e-02
6.328689958900213242e-02 -5.263440241105854511e-02
6.976792588829994202e-02 -4.821345093660056591e-02
7.836947310715913773e-02 -5.153656844049692154e-02
7.925918209366500378e-02 -4.335567355155944824e-02
8.507804968394339085e-02 -4.244363191537559032e-02
7.901247427798807621e-02 -4.122506978455930948e-02
7.824856985826045275e-02 -4.513489140663295984e-02
8.582341636065393686e-02 -4.269643558654934168e-02
8.526128553785383701e-02 -3.808591619599610567e-02
8.139723865315318108e-02 -3.708530322182923555e-02
7.891336246393620968e-02 -3.717609122395515442e-02
7.802997995167970657e-02 -3.100313385948538780e-02
7.171176141127943993e-02 -3.742491034790873528e-02
7.660207664594054222e-02 -3.344802651554346085e-02
8.368606446310877800e-02 -3.966365708038210869e-02
7.687195623293519020e-02 -3.913393511902540922e-02
8.479015668854117393e-02 -4.354559106286615133e-02
9.050503792241215706e-02 -3.809034533333033323e-02
8.546241139993071556e-02 -3.928986610844731331e-02
8.646929718088358641e-02 -4.024118185043334961e-02
8.379896811675280333e-02 -3.980237484211102128e-02
8.358799152483697981e-02 -4.003734230354893953e-02
8.256707245891448110e-02 -4.647972383827436715e-02
8.368197140225674957e-02 -3.791477480262983590e-02
8.777947128692176193e-02 -3.895608936727512628e-02
8.858449278341140598e-02 -3.616704508021939546e-02
8.414762873144354671e-02 -3.607429072144441307e-02
9.004112739057745785e-02 -4.477660424890927970e-02
9.467695221246685833e-02 -3.888332258793525398e-02
8.641637988330330700e-02 -4.151506905327551067e-02
8.657677478913683444e-02 -3.627362006227485836e-02
9.206993140105623752e-02 -3.933870533364824951e-02
8.461166180495638400e-02 -3.953815856948494911e-02
8.634157928463537246e-02 -4.335275036282837391e-02
8.874748258676845580e-02 -3.501312830485403538e-02
8.174802533176261932e-02 -3.460412839194759727e-02
8.242244472785387188e-02 -4.263264680048450828e-02
8.723212465702090412e-02 -3.646940871840342879e-02
8.712378249038010836e-02 -4.073852387955412269e-02
8.131460298318415880e-02 -3.229218622436746955e-02
7.608394243288785219e-02 -3.961811069166287780e-02
7.968698826152831316e-02 -4.432812327286228538e-02
8.555297704879194498e-02 -4.529308789642527699e-02
8.168030122760683298e-02 -4.401496524224057794e-02
