1.896981946806001323e-02 4.818424491408594690e-02
8.871955797076225281e-03 -9.987258352339267731e-03
1.855950336903333664e-02 -1.993091031908988953e-02
2.687773294746875763e-02 -2.991622872650623322e-02
3.025334188714623451e-02 -3.987060859799385071e-02
3.861543675884604454e-02 -4.978646524250507355e-02
3.869373461202485487e-02 -5.958342272788286209e-02
4.440652735502226278e-02 -6.938572973012924194e-02
5.015690781146986410e-02 -7.478452334180474281e-02
5.731444543198449537e-02 -8.250289130955934525e-02
5.651287500950274989e-02 -8.943853480741381645e-02
5.498205613548634574e-02 -8.933532579249003902e-02
5.043434933031676337e-02 -8.540091166651109233e-02
4.888277965801535174e-02 -8.692949781107017770e-02
5.133115243370411918e-02 -9.131788233207771555e-02
5.626369290257571265e-02 -9.296934286976465955e-02
5.532256000878987834e-02 -8.440741038793930784e-02
5.669685359316645190e-02 -8.566251610318431631e-02
5.762303701339988038e-02 -8.992608523840317503e-02
5.763103834033245221e-02 -8.513738986948737875e-02
5.584985783934826031e-02 -9.169134850526461378e-02
5.881104266882175580e-02 -9.649257714772829786e-02
5.269664174556965008e-02 -9.833802100183675066e-02
4.803713339060777798e-02 -9.459044112736592069e-02
5.058434254169696942e-02 -9.819571491243550554e-02
5.474906901508802548e-02 -9.130443124013254419e-02
6.067615954816574231e-02 -9.955979561345884576e-02
5.741974336706334725e-02 -9.644057023251662031e-02
5.654639946442330256e-02 -8.998586171219358221e-02
5.410358179506147280e-02 -9.512906827876577154e-02
5.114330640208208933e-02 -1.008071031319559552e-01
5.145503988751443103e-02 -9.386396807531127706e-02
5.406279664748581126e-02 -8.872120295563945547e-02
5.579090212268056348e-02 -9.087495230050990358e-02
6.121103466284694150e-02 -9.010031130310380831e-02
6.151416240754770115e-02 -9.618262117874110118e-02
6.684030820179032162e-02 -9.039331749227130786e-02
6.456497003819094971e-02 -9.371186918724561110e-02
5.821178778569446877e-02 -9.252201030176365748e-02
5.874845607468159869e-02 -8.473345600214088336e-02
6.209476793446810916e-02 -9.222012115787947550e-02
5.991116970108123496e-02 -8.645964935567462817e-02
6.734889478684635833e-02 -9.182133581634843722e-02
6.173074397520394996e-02 -8.823467288311803713e-02
5.782801484019728377e-02 -8.893591140076750889e-02
5.212102330551715568e-02 -9.220106036082142964e-02
4.911665723921032622e-02 -8.976310047000879422e-02
4.981082009180681780e-02 -9.084106118098134175e-02
5.321332725725369528e-02 -9.860330422088736668e-02
4.602390161744551733e-02 -9.790366612287471071e-02
4.648261180409463122e-02 -9.113668188365409151e-02
