-2.396359560059897146e-03 4.997128318101608235e-02
8.804713375866413116e-03 -9.860034100711345673e-03
1.797294709831476212e-02 -1.968305837363004684e-02
2.730150520801544189e-02 -2.959217503666877747e-02
3.670768439769744873e-02 -3.923388570547103882e-02
4.605471808463335037e-02 -4.907974693924188614e-02
4.917052946984767914e-02 -5.310694314539432526e-02
5.551758455112576485e-02 -5.827753618359565735e-02
5.941408663056790829e-02 -6.409094808623194695e-02
6.430618069134652615e-02 -7.038321252912282944e-02
6.441724679461913183e-02 -7.847099564969539642e-02
7.048245665646390989e-02 -7.580450084060430527e-02
7.458129159203963354e-02 -7.560260679747443646e-02
6.982181414059596136e-02 -7.523952629708219320e-02
6.165603834233479574e-02 -7.750773215957451612e-02
6.692152197501854971e-02 -7.134656207927037030e-02
6.649186847062082961e-02 -8.052597539790440351e-02
6.330515037552686408e-02 -7.945080772333312780e-02
6.298273814172716811e-02 -7.770414250262547284e-02
6.564309483655961230e-02 -8.424874786578584462e-02
6.979589572438271716e-02 -8.413394931994844228e-02
7.038842188921989873e-02 -7.814798616163898259e-02
7.278021076490404084e-02 -7.478547115169931203e-02
8.088197862525703385e-02 -7.230788721062708646e-02
7.361046714504482225e-02 -7.108712692570406944e-02
7.019327814487041906e-02 -7.767704718571621925e-02
7.207927283161552623e-02 -7.725137822853866965e-02
7.513463299983413890e-02 -8.276429145189467818e-02
7.375091478024842218e-02 -7.982028579863253981e-02
7.023394038697006181e-02 -8.575045854377094656e-02
7.063871314312564209e-02 -8.813694446871522814e-02
6.222334382619010285e-02 -8.813195079164870549e-02
6.560648553568171337e-02 -9.500343594299920369e-02
6.353298476460622624e-02 -9.216068298155732919e-02
5.923856743174837902e-02 -9.220641702813736629e-02
5.485255359235452488e-02 -8.762542941076389980e-02
5.911081558588193730e-02 -9.513568170768849086e-02
6.602097251015948132e-02 -9.158448004563979339e-02
6.984266121435211971e-02 -8.962289491137198638e-02
6.767111382941948250e-02 -8.277853778963617515e-02
6.219413755025016144e-02 -8.875714862188033294e-02
6.119379465962992981e-02 -8.484014743407897186e-02
6.366808940219925717e-02 -8.406729335365525912e-02
6.176731101732002571e-02 -9.289618758884898853e-02
6.445468887250171974e-02 -8.917023931098810863e-02
5.758339184831129387e-02 -8.762367887356958818e-02
6.242513907636748627e-02 -9.078271433645568322e-02
5.801984918798552826e-02 -8.591690219873271417e-02
5.425383587862597778e-02 -8.884396523171744775e-02
6.237857108499156311e-02 -8.218754760855517816e-02
6.267469886370236054e-02 -7.745019698450050782e-02
