-2.148454325565418710e-02 4.766480635876940708e-02
9.572276845574378967e-03 -9.969339706003665924e-03
1.879407744854688644e-02 -1.132319960743188858e-02
2.843433897942304611e-02 -2.118771895766258240e-02
3.815571591258049011e-02 -3.107982035726308823e-02
4.698773846030235291e-02 -4.046782851219177246e-02
5.271977046504616737e-02 -5.020345468074083328e-02
5.456399894319474697e-02 -5.826659500598907471e-02
6.103136274032294750e-02 -6.781233102083206177e-02
6.451399764046072960e-02 -6.419024872593581676e-02
7.106194924563169479e-02 -7.260050508193671703e-02
7.078825664939358830e-02 -7.903063413687050343e-02
6.204141845228150487e-02 -7.265093200840055943e-02
6.434288952732458711e-02 -7.954224781133234501e-02
7.098036730894818902e-02 -8.779430226422846317e-02
7.287146645830944180e-02 -8.277034130878746510e-02
6.731908192159608006e-02 -8.362487755948677659e-02
6.427608063677325845e-02 -8.099203306483104825e-02
6.094319868134334683e-02 -8.070821719593368471e-02
5.546248500468209386e-02 -7.731369332759641111e-02
6.406458636047318578e-02 -7.870585992350243032e-02
6.857689638854935765e-02 -8.183387768804095685e-02
7.099649688461795449e-02 -8.512558168149553239e-02
7.055760762887075543e-02 -8.156996438628993928e-02
6.604173342930153012e-02 -8.752042785636149347e-02
6.554098764900118113e-02 -8.338866601116023958e-02
6.721575057599693537e-02 -7.701564565650187433e-02
6.377694534603506327e-02 -7.953147901571355760e-02
6.119678181130439043e-02 -7.802866955171339214e-02
6.359787506517022848e-02 -8.655619245837442577e-02
5.822050978895276785e-02 -8.003594024921767414e-02
5.648024554830044508e-02 -8.700611392850987613e-02
5.692850702325813472e-02 -8.602646269719116390e-02
6.144924878026358783e-02 -7.846071521635167301e-02
6.120407939306460321e-02 -8.186571739497594535e-02
6.325305215432308614e-02 -8.679333582404069602e-02
6.534894680953584611e-02 -8.046258959802798927e-02
6.572363708983175457e-02 -8.180685908882878721e-02
6.779302933136932552e-02 -8.529035406536422670e-02
7.324881895328871906e-02 -8.239178391522727907e-02
7.220542241702787578e-02 -8.364676145720295608e-02
7.406487033586017787e-02 -7.727673949557356536e-02
6.939971444080583751e-02 -7.757313133333809674e-02
6.568761958624236286e-02 -7.392909287591464818e-02
6.484362142509780824e-02 -7.784398508374579251e-02
6.766886971308849752e-02 -7.581069067236967385e-02
7.008825321099720895e-02 -7.948999831569381058e-02
7.068732994957827032e-02 -7.599712678347714245e-02
6.739141730940900743e-02 -7.399892646935768425e-02
6.594192233751527965e-02 -8.069902312126941979e-02
6.382712462800554931e-02 -7.733913071569986641e-02
