-8.477471971170814913e-02 3.040049941542499745e-03
9.289943613111972809e-03 -9.830933064222335815e-03
1.239580102264881134e-02 -1.975176483392715454e-02
1.840588264167308807e-02 -2.882113214582204819e-02
2.748314850032329559e-02 -3.837438020855188370e-02
3.324670158326625824e-02 -4.833006020635366440e-02
3.436993563082069159e-02 -5.806176457554101944e-02
4.313760844524949789e-02 -6.802124716341495514e-02
5.203429271932691336e-02 -7.785998657345771790e-02
5.328427953645586967e-02 -8.676797430962324142e-02
5.422499933047220111e-02 -9.636249113827943802e-02
5.553507368313148618e-02 -9.804566064849495888e-02
5.079530208604410291e-02 -1.003085919655859470e-01
5.104171484708786011e-02 -9.864143340382725000e-02
5.518770776689052582e-02 -1.035074671963229775e-01
5.250867572613060474e-02 -9.696972707752138376e-02
4.489850974641740322e-02 -9.584953892044723034e-02
5.246426188386976719e-02 -1.008075533900409937e-01
5.137070501223206520e-02 -9.924161306116729975e-02
4.880897980183362961e-02 -1.005355571396648884e-01
4.314963892102241516e-02 -9.740962507203221321e-02
4.017565865069627762e-02 -9.932161204051226377e-02
3.990909596905112267e-02 -9.254765871446579695e-02
3.945604822365567088e-02 -9.737496532034128904e-02
3.977858921280130744e-02 -1.033470121910795569e-01
4.087507381336763501e-02 -9.747994120698422194e-02
4.000149265630170703e-02 -1.056832353351637721e-01
4.716413485584780574e-02 -9.702396288048475981e-02
4.950437642401084304e-02 -9.209806367289274931e-02
4.784001217922195792e-02 -9.944162319879978895e-02
4.325115442043170333e-02 -1.007544965250417590e-01
4.406246182043105364e-02 -9.778413956519216299e-02
4.173514537978917360e-02 -9.486286819446831942e-02
4.514947941061109304e-02 -1.026419961126521230e-01
4.716310428921133280e-02 -1.022098743706010282e-01
4.258240864146500826e-02 -9.904802561504766345e-02
3.923127346206456423e-02 -1.047003000858239830e-01
3.077367891091853380e-02 -1.025110550108365715e-01
3.555345267523080111e-02 -9.595755551708862185e-02
3.185498563107103109e-02 -9.234983538044616580e-02
4.028979165013879538e-02 -9.550700749969109893e-02
3.268811933230608702e-02 -1.024849265231750906e-01
3.021555591840296984e-02 -1.036864333436824381e-01
3.558077255729585886e-02 -1.077985494048334658e-01
3.752174053806811571e-02 -1.121726395213045180e-01
3.723899638862349093e-02 -1.073265602462925017e-01
4.089232944534160197e-02 -1.033330970094539225e-01
4.321311382227577269e-02 -1.037216119875665754e-01
4.030113262706436217e-02 -1.070786706113722175e-01
4.195775304106064141e-02 -1.058606783335562795e-01
3.535940058645792305e-02 -1.080148246546741575e-01
