-9.908957531315852607e-02 -3.653686276316375769e-02
-9.431723505258560181e-03 -9.531409479677677155e-03
-1.685712626203894615e-02 -1.943226903676986694e-02
-2.520970581099390984e-02 -2.888142317533493042e-02
-3.488375293090939522e-02 -3.881406597793102264e-02
-3.921908466145396233e-02 -4.787494521588087082e-02
-4.277635295875370502e-02 -5.742104351520538330e-02
-5.164461047388613224e-02 -6.710960157215595245e-02
-4.670848394744098186e-02 -6.659537088125944138e-02
-4.954402288421988487e-02 -7.565682474523782730e-02
-4.248928884044289589e-02 -8.444361109286546707e-02
-4.553592903539538383e-02 -8.345507399644702673e-02
-4.820798733271658421e-02 -9.117243054788559675e-02
-4.956956894602626562e-02 -9.479540109168738127e-02
-4.370649380143731833e-02 -9.060449746903032064e-02
-4.004476836416870356e-02 -8.263151661958545446e-02
-4.799353203270584345e-02 -9.107547567691653967e-02
-5.446144298184663057e-02 -9.785789891611784697e-02
-4.989459936041384935e-02 -9.948773006908595562e-02
-5.571281362790614367e-02 -1.062762339133769274e-01
-6.061371474061161280e-02 -1.075121290050446987e-01
-5.457379028666764498e-02 -1.037262207828462124e-01
-6.061315920669585466e-02 -9.963511070236563683e-02
-5.549158633220940828e-02 -9.705999586731195450e-02
-5.447846115566790104e-02 -1.017219349741935730e-01
-5.298416083678603172e-02 -1.000052044400945306e-01
-4.475353891029953957e-02 -1.058565570274367929e-01
-5.081785842776298523e-02 -1.040356339653953910e-01
-5.442593898624181747e-02 -1.080279661109670997e-01
-4.892114596441388130e-02 -1.065910650650039315e-01
-4.929127590730786324e-02 -1.018693639198318124e-01
-5.656529031693935394e-02 -1.088379152351990342e-01
-5.412021954543888569e-02 -1.093723137746565044e-01
-4.839376197196543217e-02 -1.032580660539679229e-01
-5.453479732386767864e-02 -1.055000791675411165e-01
-5.171041213907301426e-02 -1.062957540852949023e-01
-5.735450121574103832e-02 -1.109037472633644938e-01
-5.743834409076953307e-02 -1.077744950307533145e-01
-5.931313124165171757e-02 -1.153226004680618644e-01
-5.030344587430590764e-02 -1.099536240799352527e-01
-5.504349779948825017e-02 -1.171611634781584144e-01
-5.499165368019021116e-02 -1.101337237050756812e-01
-5.415586547678685747e-02 -1.129271317040547729e-01
-5.594595687216497026e-02 -1.135556566878221929e-01
-5.897527702836669050e-02 -1.099823379772715271e-01
-5.691276330253458582e-02 -1.126702438923530281e-01
-5.130521094179130159e-02 -1.107023560325615108e-01
-5.610013732439256273e-02 -1.175631682272069156e-01
-5.899586088708019815e-02 -1.174507038012961857e-01
-5.560918224728084169e-02 -1.140401916854898445e-01
-5.954272977760410868e-02 -1.083116349109332077e-01
