-9.977790703716621357e-02 -5.666102599323995931e-02
-9.911028668284416199e-03 -9.864834137260913849e-03
-1.931875757873058319e-02 -1.880433596670627594e-02
-2.902742195874452591e-02 -2.697358094155788422e-02
-3.798641171306371689e-02 -3.683911170810461044e-02
-4.776601120829582214e-02 -4.655590560287237167e-02
-5.635976046323776245e-02 -5.566055700182914734e-02
-6.099560204893350601e-02 -5.863902368582785130e-02
-5.898967687971889973e-02 -6.224154611118137836e-02
-6.775843934156000614e-02 -6.430028821341693401e-02
-7.228705449961125851e-02 -6.902827532030642033e-02
-7.039930508472025394e-02 -6.886873634357471019e-02
-7.061163529579062015e-02 -6.779521501448471099e-02
-7.720051806245464832e-02 -6.684927026799414307e-02
-7.553707408078480512e-02 -7.092379861569497734e-02
-7.283889218524564058e-02 -7.669613220787141472e-02
-6.794611499935854226e-02 -7.086156251898501068e-02
-6.352610416070092469e-02 -7.145105420204345137e-02
-5.901835295662749559e-02 -6.726759277808014303e-02
-6.521054120094049722e-02 -6.751916847133543342e-02
-6.884368155442643911e-02 -7.317464203515555710e-02
-7.086957730643916875e-02 -6.610540124529507011e-02
-7.577930735715199262e-02 -6.863369849452283233e-02
-7.256592456542421132e-02 -6.056164448091294616e-02
-7.169778052775654942e-02 -6.449952638649847358e-02
-6.844145258946809918e-02 -5.831635986396577209e-02
-7.318323956860695034e-02 -5.959309019090142101e-02
-7.302222716680262238e-02 -6.746303602994885296e-02
-7.650790679326746613e-02 -6.223526071698870510e-02
-8.097023460140917450e-02 -7.164265155734028667e-02
-7.589797944820020348e-02 -7.324466107820626348e-02
-7.474885323608759791e-02 -7.151291727495845407e-02
-7.787801839003805071e-02 -6.536836292070802301e-02
-7.605837449955288321e-02 -5.761221212742384523e-02
-8.428885765897575766e-02 -6.402778135088738054e-02
-8.362274001410696656e-02 -6.285617103276308626e-02
-8.628415958082769066e-02 -6.207036603882443160e-02
-8.233550460136029869e-02 -6.646439064934384078e-02
-8.316156473301816732e-02 -7.075296253606211394e-02
-8.383689309994224459e-02 -6.331899021461140364e-02
-8.093643469328526407e-02 -6.832937062426935881e-02
-7.294870448822621256e-02 -7.253214395313989371e-02
-7.986139228160027415e-02 -7.135239166382234544e-02
-7.317821915785316378e-02 -7.858167185622733086e-02
-6.928970526496414095e-02 -8.210998417052906007e-02
-6.602416002715472132e-02 -7.373913672927301377e-02
-7.058612258697394282e-02 -7.591246457013767213e-02
-7.708298230136279017e-02 -7.872374627913814038e-02
-8.259902709687594324e-02 -7.409664003353100270e-02
-8.111568087770137936e-02 -7.029935221362393349e-02
-8.172949666914064437e-02 -7.023835162908653729e-02
