-3.107551259920375911e-02 -1.450490006086162520e-01
8.688272908329963684e-03 -9.917031973600387573e-03
1.478717382997274399e-02 -1.984635926783084869e-02
2.277234476059675217e-02 -2.905774023383855820e-02
3.052461752668023109e-02 -3.888370376080274582e-02
3.744618035852909088e-02 -4.855983890593051910e-02
3.671822050819173455e-02 -5.846051685512065887e-02
4.106180049711838365e-02 -6.840887106955051422e-02
4.306513752089813352e-02 -7.837755978107452393e-02
4.599898896412923932e-02 -8.802014123648405075e-02
4.040265717776492238e-02 -9.667195472866296768e-02
4.141804965911433101e-02 -1.058490173891186714e-01
4.166039975825697184e-02 -1.116496659815311432e-01
3.918909293133765459e-02 -1.127190787810832262e-01
4.543039773125201464e-02 -1.130214406293816864e-01
4.300698672886937857e-02 -1.089015559409745038e-01
3.654145391192287207e-02 -1.034287864458747208e-01
3.984423179645091295e-02 -1.069924729526974261e-01
4.039158602245151997e-02 -1.127824136638082564e-01
4.384224675595760345e-02 -1.104332157992757857e-01
3.615258680656552315e-02 -1.116847809753380716e-01
3.603712665062630549e-02 -1.195437567657791078e-01
3.576528715348104015e-02 -1.175050634774379432e-01
3.149124063929775730e-02 -1.136773735634051263e-01
2.879825645504752174e-02 -1.191724226227961481e-01
2.493288453115383163e-02 -1.152562805800698698e-01
3.127675448922673240e-02 -1.176190324476920068e-01
3.216637523291865364e-02 -1.158582004136405885e-01
3.622818357689538971e-02 -1.155083259218372405e-01
3.898465392558136955e-02 -1.131790085346437991e-01
3.817786157742375508e-02 -1.135109396418556571e-01
3.454384158976608887e-02 -1.161796505330130458e-01
3.609089446399593726e-02 -1.085676084039732814e-01
3.532176450971746817e-02 -1.056289385305717587e-01
2.692596507404232398e-02 -1.110337796853855252e-01
3.422611518908524886e-02 -1.135161438724026084e-01
3.007277087453985587e-02 -1.143058171728625894e-01
2.452811817784095183e-02 -1.198196682380512357e-01
2.806634046282852069e-02 -1.207808229373767972e-01
3.165186369005823508e-02 -1.166635450208559632e-01
2.558228406269336119e-02 -1.076617479557171464e-01
3.208156707842135802e-02 -1.021797588327899575e-01
3.385685917601222172e-02 -1.000909748254343867e-01
3.639451016351813450e-02 -9.732103033456951380e-02
3.753346912708366290e-02 -1.018256415845826268e-01
4.030508976575220004e-02 -1.067073923768475652e-01
4.765739999857032672e-02 -1.125042444327846169e-01
4.954056218412006274e-02 -1.078883820446208119e-01
4.941683189099421725e-02 -1.113994227489456534e-01
4.435875286435475573e-02 -1.031744399806484580e-01
4.476294744381448254e-02 -1.051470091333612800e-01
