2.919872155718902448e-02 -1.456422221585516596e-01
9.741766378283500671e-03 -9.873656556010246277e-03
1.781321968883275986e-02 -1.952840015292167664e-02
2.732685487717390060e-02 -2.843645866960287094e-02
3.717313706874847412e-02 -3.804042562842369080e-02
4.675511084496974945e-02 -4.660369642078876495e-02
5.527278594672679901e-02 -5.636604130268096924e-02
6.131374416872859001e-02 -6.556814629584550858e-02
5.982050893362611532e-02 -7.141810981556773186e-02
5.914829013636335731e-02 -8.091020910069346428e-02
5.872641978203319013e-02 -8.509965846315026283e-02
5.838760017650201917e-02 -9.222554508596658707e-02
5.867344021680764854e-02 -8.980747289024293423e-02
6.599388478207401931e-02 -8.999166077410336584e-02
6.306544781546108425e-02 -9.360764313896652311e-02
6.044811962055973709e-02 -9.687217044120188802e-02
5.894053107476793230e-02 -9.621197984961327165e-02
5.978130581206642091e-02 -9.950587314961012453e-02
6.384306758991442621e-02 -9.564868615416344255e-02
5.892253931961022317e-02 -9.522866654151584953e-02
6.344038419774733484e-02 -1.002473659900715575e-01
5.814479183754883707e-02 -9.367115572968032211e-02
6.372877521789632738e-02 -9.540851191559340805e-02
5.826674294075928628e-02 -9.980194373929407448e-02
5.725567528861574829e-02 -9.362314279132988304e-02
6.085126588004641235e-02 -9.453608088369946927e-02
5.813566988217644393e-02 -9.255919155839364976e-02
6.037998382817022502e-02 -9.570672495465259999e-02
5.489770273561589420e-02 -8.965009210805874318e-02
6.109907242353074253e-02 -9.111623516946565360e-02
6.600492817233316600e-02 -9.011367910716217011e-02
5.863078168476931751e-02 -8.363275897863786668e-02
6.043080377276055515e-02 -8.014402880507986993e-02
6.707525296951644123e-02 -8.498880888510029763e-02
6.359556244569830596e-02 -9.130615244794171304e-02
5.720232307794503868e-02 -8.995172758295666426e-02
6.028514678473584354e-02 -9.079359074530657381e-02
6.278223797562532127e-02 -8.789106643234845251e-02
6.511886042426340282e-02 -9.457126677443739027e-02
6.086921549285762012e-02 -8.860762648691888899e-02
6.128632760373875499e-02 -9.574459817667957395e-02
6.253660534275695682e-02 -9.902591373247560114e-02
5.818677152274176478e-02 -9.316770242003258318e-02
6.345256295753642917e-02 -9.185149717086460441e-02
6.544344028225168586e-02 -8.897330691979732364e-02
5.784298939397558570e-02 -9.507956296147312969e-02
6.589710520347580314e-02 -1.027754199312767014e-01
5.950631335144862533e-02 -1.060855219693621621e-01
5.987978889606893063e-02 -1.005746935115894303e-01
5.520075163803994656e-02 -1.000692234811140224e-01
5.780294374562799931e-02 -9.533472642942797393e-02
