9.627152770708342910e-02 -7.705167190663578247e-02
9.818487800657749176e-03 -9.857320226728916168e-03
1.972140092402696609e-02 -1.911039929836988449e-02
2.790463902056217194e-02 -2.907096128910779953e-02
3.742391988635063171e-02 -3.786897007375955582e-02
4.625495336949825287e-02 -4.688059445470571518e-02
5.401369323953986168e-02 -5.660690367221832275e-02
5.825366592034697533e-02 -6.546692736446857452e-02
5.947823857422918081e-02 -7.370948884636163712e-02
6.197301473002880812e-02 -7.173916790634393692e-02
6.033887120429426432e-02 -7.465703808702528477e-02
6.734436249826103449e-02 -8.080033794976770878e-02
6.734114086725639936e-02 -8.119244949193671346e-02
6.691687977877336380e-02 -8.355746866436675191e-02
6.840728437532561657e-02 -8.291609649313613772e-02
7.154018180449384090e-02 -8.240720990579575300e-02
7.070241110636743542e-02 -7.716608082409948111e-02
7.010570068382548925e-02 -7.482834148686379194e-02
7.083054322288262483e-02 -7.320550375152379274e-02
6.932121659633594390e-02 -7.606874511111527681e-02
6.795934231490718958e-02 -7.880100945476442575e-02
6.295595054984914896e-02 -7.691329228691756725e-02
5.651199042335974809e-02 -8.126261760480701923e-02
6.321576533377992746e-02 -8.206601964775472879e-02
7.023641157434212801e-02 -8.395096100866794586e-02
7.530425365553128358e-02 -8.577560097910463810e-02
7.913918064446079370e-02 -7.923383894376456738e-02
7.257845269054996606e-02 -7.980158925056457520e-02
7.986142828599440691e-02 -8.577627688646316528e-02
7.655423965775298711e-02 -8.361166040413081646e-02
8.221616589003133413e-02 -8.760408847592771053e-02
8.251290403427447018e-02 -8.283077203668653965e-02
7.720206964881981548e-02 -8.860568352974951267e-02
7.730053532873171207e-02 -8.913685509469360113e-02
7.183111906056183216e-02 -8.721852733287960291e-02
6.574387550358551380e-02 -8.588452055118978024e-02
6.661478754836025473e-02 -8.908241218887269497e-02
7.418681586864295241e-02 -9.048110723961144686e-02
7.093047652165296313e-02 -8.402987394947558641e-02
7.573993246774080035e-02 -9.137060318607836962e-02
7.498022837103235361e-02 -8.747352531645447016e-02
7.108136818283128378e-02 -9.632115217391401529e-02
6.824533028998303053e-02 -9.393842320423573256e-02
7.415630009495544073e-02 -9.704821568448096514e-02
6.761773435869145032e-02 -8.897719357628375292e-02
6.530004057572114107e-02 -8.978864405071362853e-02
6.142447509341764089e-02 -9.097684355219826102e-02
5.884735395670759317e-02 -9.132549972855485976e-02
5.370274621532189485e-02 -8.714291328215040267e-02
5.289017873587908980e-02 -8.683563585509546101e-02
6.055204801964464423e-02 -8.292153480579145253e-02
