9.978535402941683674e-02 -5.654852053703328385e-02
9.896356612443923950e-03 -9.700240567326545715e-03
1.944236829876899719e-02 -1.954670622944831848e-02
2.941395808011293411e-02 -2.942862827330827713e-02
3.891286160796880722e-02 -3.896754421293735504e-02
4.729429446160793304e-02 -4.821835923939943314e-02
5.576795991510152817e-02 -5.810373183339834213e-02
6.458710134029388428e-02 -6.662530545145273209e-02
6.963076023384928703e-02 -6.982567138038575649e-02
6.720414781011641026e-02 -6.393473246134817600e-02
7.012744084931910038e-02 -6.149911624379456043e-02
6.966100650606676936e-02 -6.497424701228737831e-02
7.464581326348707080e-02 -6.508281746937427670e-02
7.300360460067167878e-02 -6.381474774389062077e-02
7.824491994688287377e-02 -6.666206697991583496e-02
8.085603715153411031e-02 -6.543310977576766163e-02
7.619946665363386273e-02 -5.993972173018846661e-02
8.381934446515515447e-02 -6.219724392576608807e-02
8.165590750286355615e-02 -5.878576370014343411e-02
7.505664840573444963e-02 -5.520623306802008301e-02
7.796541095012798905e-02 -6.104174478969071060e-02
7.964628335321322083e-02 -5.973505241854581982e-02
8.744646148988977075e-02 -6.008098107122350484e-02
8.794912177836522460e-02 -6.300239586562383920e-02
8.366134617244824767e-02 -5.587083841965068132e-02
8.423523872625082731e-02 -5.573548223765101284e-02
8.090440195519477129e-02 -5.740186116599943489e-02
8.208033244591206312e-02 -5.820431314350571483e-02
7.715431076940149069e-02 -6.696333490253891796e-02
7.585454208310693502e-02 -7.063300568552222103e-02
6.959538895171135664e-02 -6.859120084845926613e-02
7.048048212891444564e-02 -6.511776159459259361e-02
6.943447008961811662e-02 -6.831197334395255893e-02
7.025762810371816158e-02 -6.397318314702715725e-02
7.280111429281532764e-02 -5.982953529746737331e-02
7.888525468297302723e-02 -6.359165754111018032e-02
7.669998030178248882e-02 -5.921587334887590259e-02
8.172278129495680332e-02 -6.241284577117767185e-02
7.346084364689886570e-02 -5.860920051054563373e-02
7.786176935769617558e-02 -6.096486431488301605e-02
8.166406885720789433e-02 -5.904828173515852541e-02
7.665569591335952282e-02 -5.868681294668931514e-02
7.472798752132803202e-02 -5.466970063571352512e-02
8.070949243847280741e-02 -5.861655676562804729e-02
7.407153502572327852e-02 -5.665115204465109855e-02
6.972557504195719957e-02 -5.392105907958466560e-02
6.999603469739668071e-02 -6.075871021312195808e-02
7.422532650525681674e-02 -6.452703855757135898e-02
7.415229472098872066e-02 -5.901319075201172382e-02
7.626668008742853999e-02 -6.246822520915884525e-02
7.674557479913346469e-02 -5.357370532874483615e-02
