9.909680919072474947e-02 -3.659021222326426515e-02
9.816171601414680481e-03 -9.830226190388202667e-03
1.970932167023420334e-02 -1.901094242930412292e-02
2.946706209331750870e-02 -2.882229443639516830e-02
3.829012531787157059e-02 -3.839906770735979080e-02
4.707986954599618912e-02 -4.704316053539514542e-02
5.605603195726871490e-02 -5.571396276354789734e-02
6.182143650949001312e-02 -6.235274812206625938e-02
7.096231915056705475e-02 -6.188611529069021344e-02
7.756498316302895546e-02 -5.830762168625369668e-02
7.463568798266351223e-02 -5.668203375535085797e-02
8.096671081148087978e-02 -5.871023080544546247e-02
8.223193744197487831e-02 -5.925138317979872227e-02
8.231757739122258499e-02 -5.809423059690743685e-02
8.115446434385376051e-02 -5.335846508387476206e-02
7.635489345557289198e-02 -4.617646301630884409e-02
7.652015447820303962e-02 -5.026903108227998018e-02
7.813813687971560284e-02 -4.865573125425726175e-02
8.437989569938508794e-02 -5.148775235284119844e-02
8.868649100622860715e-02 -5.358887079637497663e-02
8.377065893000690266e-02 -6.124757265206426382e-02
8.415039057581452653e-02 -5.852367391344159842e-02
8.027654524630634114e-02 -5.263513547834008932e-02
8.482908095902530476e-02 -5.715179897379130125e-02
8.227733696548966691e-02 -5.871359922457486391e-02
8.100905094033805653e-02 -5.278198572341352701e-02
8.004739321040688083e-02 -5.122541997116059065e-02
8.286481047252891585e-02 -5.021919589489698410e-02
8.045079744624672458e-02 -5.534096853807568550e-02
7.774438894557533786e-02 -5.149845033884048462e-02
7.887671386561123654e-02 -6.005010940134525299e-02
7.780028855631826445e-02 -6.003117062209639698e-02
7.923046149517176673e-02 -6.573166757880244404e-02
7.535873282904503867e-02 -5.803561130596790463e-02
7.928923120925901458e-02 -6.417187968327198178e-02
8.534210430661914870e-02 -5.632887141837272793e-02
7.829763949121115729e-02 -5.979330431728158146e-02
8.364865718613145873e-02 -6.084176969307009131e-02
8.723375130648491904e-02 -5.620825734513346106e-02
8.753105927462456748e-02 -5.931247260014060885e-02
9.137842803465900943e-02 -5.874979282089043409e-02
8.399420836212811992e-02 -5.249620480753947049e-02
8.044249633530853316e-02 -5.448057451576460153e-02
7.886601611244259402e-02 -4.920499720901716501e-02
8.501734304445562884e-02 -4.946553207992110401e-02
8.041576435061870143e-02 -4.588065612188074738e-02
8.407624414394376799e-02 -5.027059408894274384e-02
7.956496788392541930e-02 -5.415357429592404515e-02
8.365421252528904006e-02 -5.504497246874962002e-02
8.779594836960313842e-02 -5.341246213356498629e-02
8.351424545253394172e-02 -4.972769344749394804e-02
