8.635416024836430060e-02 4.277602893467818967e-04
9.793168865144252777e-03 -9.939149022102355957e-03
1.963974349200725555e-02 -1.765835518017411232e-02
2.933484409004449844e-02 -2.665128605440258980e-02
3.847753629088401794e-02 -3.603841317817568779e-02
4.838928300887346268e-02 -4.276421014219522476e-02
5.790575221180915833e-02 -5.091413576155900955e-02
6.757462583482265472e-02 -5.113698382047004998e-02
7.621617894619703293e-02 -4.751761819352395833e-02
7.782733417116105556e-02 -4.234422466834075749e-02
8.369058812968432903e-02 -4.205793639994226396e-02
7.801421848125755787e-02 -4.276192028191871941e-02
8.253258909098803997e-02 -4.697141496581025422e-02
8.529050555080175400e-02 -4.146232482162304223e-02
8.379173721186816692e-02 -3.757504120585508645e-02
8.657468762248754501e-02 -3.215352192637510598e-02
9.127517417073249817e-02 -3.920290831592865288e-02
8.864875510334968567e-02 -4.229506480623967946e-02
8.673071220982819796e-02 -4.520677195978350937e-02
8.063454611692577600e-02 -3.730425963294692338e-02
8.856798766646534204e-02 -3.812005047802813351e-02
8.670725650154054165e-02 -4.292847265605814755e-02
8.601781557081267238e-02 -4.158596266643144190e-02
8.825137809617444873e-02 -3.323042989359237254e-02
9.121351194335147738e-02 -4.025266450480557978e-02
8.575468434719368815e-02 -3.884684611693955958e-02
8.670812856871634722e-02 -4.398945058346726000e-02
9.562723163980990648e-02 -4.733209931873716414e-02
9.003742842469364405e-02 -4.832628267467953265e-02
9.071315790060907602e-02 -5.319702523411251605e-02
9.562931919936090708e-02 -4.759435440064407885e-02
8.995438844431191683e-02 -4.505678560235537589e-02
8.805866271723061800e-02 -4.073130027973093092e-02
8.893183019245043397e-02 -4.419417996541596949e-02
9.333034750306978822e-02 -3.805517955333925784e-02
9.489444369683042169e-02 -3.976502994191832840e-02
9.173550253035500646e-02 -3.835979677387513220e-02
8.687299332814291120e-02 -3.701833941158838570e-02
9.060676890658214688e-02 -4.551851030555553734e-02
8.982209046371281147e-02 -4.514050242141820490e-02
9.444267465732991695e-02 -4.173848513164557517e-02
9.641376323997974396e-02 -3.784658075892366469e-02
9.269813308492302895e-02 -4.640274742268957198e-02
9.267365941923344508e-02 -4.133453141548670828e-02
9.101184734754497185e-02 -4.088625442818738520e-02
8.525658676080638543e-02 -3.755690707475878298e-02
8.306558800541097298e-02 -4.221088151098228991e-02
8.619648635067278519e-02 -4.326145446975715458e-02
8.667738852818729356e-02 -4.315151370246894658e-02
8.995401068386854604e-02 -4.112326193717308342e-02
9.101860924420179799e-02 -4.359112613019533455e-02
