2.355700888110478022e-02 4.718573626091203399e-02
9.240334853529930115e-03 -9.466865099966526031e-03
1.773439906537532806e-02 -1.871459558606147766e-02
2.408306347206234932e-02 -2.822366915643215179e-02
3.016374073922634125e-02 -3.805506043136119843e-02
3.901967499405145645e-02 -4.772283043712377548e-02
4.151953547261655331e-02 -5.672906152904033661e-02
4.107436627964489162e-02 -6.613820325583219528e-02
4.685759262065403163e-02 -7.447071466594934464e-02
4.994760823319666088e-02 -8.344519231468439102e-02
5.358783315750770271e-02 -9.023569617420434952e-02
6.006107034045271575e-02 -9.509609965607523918e-02
6.005911888451009872e-02 -9.621560957748442888e-02
5.777249053016930702e-02 -9.295290138106793165e-02
6.063560546272128704e-02 -9.024227887857705355e-02
6.180965118937820080e-02 -9.649583196733146906e-02
5.608205879934757832e-02 -8.875791321042925119e-02
5.907616937429338577e-02 -9.324583469424396753e-02
5.575549938612311962e-02 -8.673186751548200846e-02
5.428155882646024111e-02 -9.368046524468809366e-02
4.859849529702842119e-02 -9.920162113849073648e-02
4.903061942559361341e-02 -9.309369476977735758e-02
4.621379401896774652e-02 -9.387837024405598640e-02
5.074490931247055414e-02 -9.106417046859860420e-02
5.482713224728286150e-02 -9.570091916248202324e-02
4.936318656791627291e-02 -9.247477375902235508e-02
5.331799060468256357e-02 -9.337036451324820518e-02
5.392120625720053795e-02 -8.842275571078062057e-02
4.782554866642385605e-02 -9.308092528954148293e-02
5.188999870688348892e-02 -9.759396128356456757e-02
6.015127139062315109e-02 -9.655019338242709637e-02
5.306966077432662132e-02 -9.289816790260374546e-02
4.976101183228820446e-02 -9.374896873487159610e-02
5.420760541119307163e-02 -9.627812955295667052e-02
4.851568360709279659e-02 -9.991220076335594058e-02
4.870142001846033963e-02 -9.610556921688839793e-02
5.382096773200828466e-02 -9.277141670463606715e-02
5.857897648775178823e-02 -9.851445321692153811e-02
5.863241681754516321e-02 -9.090110909892246127e-02
5.859634587568507413e-02 -9.125470471917651594e-02
5.762072517563865404e-02 -9.327574618509970605e-02
6.430126591612861375e-02 -9.478885176940821111e-02
5.701797972460553865e-02 -8.726715584634803236e-02
5.457990597960815649e-02 -8.937945132493041456e-02
5.905387578559384565e-02 -8.970568602671846747e-02
5.559720220071540098e-02 -9.034131054067984223e-02
5.422945325290129404e-02 -8.944951300509274006e-02
5.810550022897587041e-02 -9.103801730088889599e-02
5.327736428034768323e-02 -8.393535739742219448e-02
5.145671665695772390e-02 -8.624448115006089211e-02
4.612355381277666311e-02 -8.947338513098657131e-02
