5.164264217116888711e-03 4.986656284811151474e-02
-5.725226365029811859e-03 -9.807141497731208801e-03
-4.520442453213036060e-03 -1.966894790530204773e-02
-7.376574096269905567e-03 -2.897642739117145538e-02
-7.769820513203740120e-03 -3.887289296835660934e-02
-7.468322350177913904e-03 -4.872927814722061157e-02
-6.919848790857940912e-03 -5.831510946154594421e-02
-1.110099838115274906e-04 -6.817389372736215591e-02
-9.145271091256290674e-03 -7.657514046877622604e-02
-6.414081493858247995e-03 -7.922798232175409794e-02
-7.722933252807706594e-03 -8.330792863853275776e-02
-1.361764495959505439e-02 -9.107748209498822689e-02
-1.728432526579126716e-02 -9.283349208999425173e-02
-1.758856704691424966e-02 -9.563134715426713228e-02
-1.851451746188104153e-02 -8.784177724737673998e-02
-2.155859861522912979e-02 -9.268256009090691805e-02
-2.133746538311243057e-02 -9.900833398569375277e-02
-2.626386890187859535e-02 -1.038489189231768250e-01
-1.831124303862452507e-02 -9.528045693878084421e-02
-1.558807981200516224e-02 -1.012715516844764352e-01
-1.990299089811742306e-02 -9.764288540463894606e-02
-2.544161514379084110e-02 -1.058083827374503016e-01
-2.554489091562572867e-02 -9.625344153027981520e-02
-2.085509501921478659e-02 -1.041810930473729968e-01
-2.805403318780008703e-02 -1.015712394146248698e-01
-2.814301934267859906e-02 -9.589089301880449057e-02
-2.676393957517575473e-02 -9.190691157709807158e-02
-2.808935909706633538e-02 -1.005803913576528430e-01
-2.073876668873708695e-02 -9.871005604509264231e-02
-2.803207437682431191e-02 -9.895043561118654907e-02
-2.167517614725511521e-02 -1.044142639439087361e-01
-1.931280449207406491e-02 -1.012047517288010567e-01
-2.563144166197162122e-02 -9.826000101747922599e-02
-2.160809740598779172e-02 -1.067290731880348176e-01
-2.022141210909467191e-02 -1.046863661322277039e-01
-2.507470587443094701e-02 -1.092978354718070477e-01
-2.594197964936029166e-02 -1.134835786360781640e-01
-2.028150069236289710e-02 -1.086520787503104657e-01
-1.493058777123223990e-02 -1.133147475484292954e-01
-1.525135255360510200e-02 -1.067047321412246674e-01
-1.447484710661228746e-02 -1.051037466095294803e-01
-1.971199618128594011e-02 -1.092403350339736789e-01
-1.581919308227952570e-02 -1.044899449625518173e-01
-1.162133108300622553e-02 -1.047145436023129150e-01
-1.132169853372033685e-02 -1.010679589089704677e-01
-6.039952146238647401e-03 -9.907899242534767836e-02
-1.015690689382608980e-02 -9.543121447495650500e-02
-9.885106133879162371e-03 -1.031532537163002416e-01
-1.221968293248210102e-02 -1.094622149103088304e-01
-1.509600634744856507e-02 -1.073435200814856216e-01
-1.725804865418467671e-02 -1.156258061964763328e-01
