-8.336733722880518282e-02 -1.052257827774190635e-01
-3.192838281393051147e-03 -9.909850545227527618e-03
3.405707888305187225e-03 -1.973295770585536957e-02
-1.598657574504613876e-03 -2.848334982991218567e-02
-5.488485330715775490e-03 -3.843493852764368057e-02
-1.223405427299439907e-02 -4.772353637963533401e-02
-1.993100973777472973e-02 -5.747997108846902847e-02
-2.642544009722769260e-02 -6.722220405936241150e-02
-3.181464946828782558e-02 -7.704227790236473083e-02
-3.106167475925758481e-02 -8.685678336769342422e-02
-3.345583897316828370e-02 -9.649288933724164963e-02
-3.273164969868957996e-02 -9.814432181883603334e-02
-2.784452890045940876e-02 -9.332249232102185488e-02
-2.429482084698975086e-02 -9.667898889165371656e-02
-2.079443680122494698e-02 -9.977426996920257807e-02
-3.007275285199284554e-02 -9.798804519232362509e-02
-2.652010624296963215e-02 -9.939176612533628941e-02
-3.154533146880567074e-02 -9.864790015853941441e-02
-3.118361710221506655e-02 -1.019510773476213217e-01
-2.467049277038313448e-02 -9.895811369642615318e-02
-2.859895062283612788e-02 -9.951951197581365705e-02
-3.146912172087468207e-02 -9.291156736435368657e-02
-3.513053842470981181e-02 -1.002846963820047677e-01
-3.642989104264415801e-02 -9.449720691191032529e-02
-3.000633060582913458e-02 -9.832823468605056405e-02
-3.047920166864059865e-02 -9.215128846699371934e-02
-2.197051010443829000e-02 -9.243733412586152554e-02
-2.850429349928162992e-02 -9.379621990956366062e-02
-3.063604873022995889e-02 -9.836220997385680676e-02
-2.128433980396948755e-02 -9.004381368868052959e-02
-1.597959068021737039e-02 -9.199532330967485905e-02
-1.745408910210244358e-02 -9.407201828435063362e-02
-2.021035083453170955e-02 -9.591036441270262003e-02
-2.704874749178998172e-02 -9.630766572081483901e-02
-2.494659900548867881e-02 -8.859152268269099295e-02
-2.254784104297868907e-02 -9.357142882072366774e-02
-1.782667028601281345e-02 -9.019517144770361483e-02
-1.428351036156527698e-02 -9.879678013385273516e-02
-2.048772849957458675e-02 -1.000422978831920773e-01
-2.208995257387869060e-02 -9.981347327993717045e-02
-2.237969133420847356e-02 -1.009650975320255384e-01
-2.357463151565752923e-02 -1.032939064170932397e-01
-1.966254258877597749e-02 -9.623390341585036367e-02
-2.557297548628412187e-02 -9.259650621970649809e-02
-2.288421834236942232e-02 -8.926386524399276823e-02
-3.060486013418994844e-02 -8.822417909686919302e-02
-3.819462921819649637e-02 -9.188577880559023470e-02
-3.525880965753458440e-02 -9.451724214886780828e-02
-3.807446858263574541e-02 -9.891359739413019270e-02
-4.032904989435337484e-02 -9.917031756776850671e-02
-3.812724965973757207e-02 -9.979325164749752730e-02
