-5.694206955935918191e-02 -1.322046270856884476e-01
-9.274493902921676636e-03 -9.891787543892860413e-03
-1.862696651369333267e-02 -1.905843708664178848e-02
-2.729309163987636566e-02 -2.858329098671674728e-02
-3.494202625006437302e-02 -3.853252343833446503e-02
-3.396075137425214052e-02 -4.850493371486663818e-02
-4.219806019682437181e-02 -5.825503356754779816e-02
-5.081202287692576647e-02 -6.818479951471090317e-02
-5.471160530578345060e-02 -7.593103172257542610e-02
-5.414534331066533923e-02 -8.523808838799595833e-02
-5.450965583440847695e-02 -9.335011569783091545e-02
-6.074065089342184365e-02 -1.031222525052726269e-01
-6.552737698075361550e-02 -1.089196032844483852e-01
-5.865827787783928216e-02 -1.142287426628172398e-01
-5.742186543648131192e-02 -1.163956301752477884e-01
-6.448726824601180851e-02 -1.221007730346173048e-01
-6.531022596755065024e-02 -1.208884682273492217e-01
-7.023567581200040877e-02 -1.145969073986634612e-01
-6.467502625309862196e-02 -1.231532370438799262e-01
-5.712220832356251776e-02 -1.150877563050016761e-01
-5.228172490024007857e-02 -1.089947930304333568e-01
-4.665246806689538062e-02 -1.143661624519154429e-01
-4.508509722654707730e-02 -1.197113621747121215e-01
-4.697779324487783015e-02 -1.210439157439395785e-01
-5.041326550417579710e-02 -1.242027318803593516e-01
-5.415811194689013064e-02 -1.216414034133777022e-01
-4.853175059542991221e-02 -1.161839211126789451e-01
-5.178439980954863131e-02 -1.180338972480967641e-01
-5.284492022474296391e-02 -1.109540528850629926e-01
-5.472714491770602763e-02 -1.079606147250160575e-01
-4.888237817795015872e-02 -1.154231525724753737e-01
-4.238208421156741679e-02 -1.107338204747065902e-01
-4.271373635856434703e-02 -1.101805522921495140e-01
-4.665265296353027225e-02 -1.117016825010068715e-01
-4.593756649410352111e-02 -1.088186726556159556e-01
-4.173075401922687888e-02 -1.081057355622760952e-01
-4.141782131046056747e-02 -1.149360413546673954e-01
-3.882530075497925282e-02 -1.199185915174894035e-01
-3.610694035887718201e-02 -1.145074625383131206e-01
-3.903991193510591984e-02 -1.073696442763321102e-01
-3.685915214009582996e-02 -1.119249064358882606e-01
-3.889648709446191788e-02 -1.141248791827820241e-01
-3.578331740573048592e-02 -1.144534157938323915e-01
-4.070787131786346436e-02 -1.145297758994274773e-01
-4.121341824065893888e-02 -1.137184041217551567e-01
-3.965132602024823427e-02 -1.139117299971985631e-01
-4.676824400667101145e-02 -1.194995383193599992e-01
-4.716064163949340582e-02 -1.212331453498336487e-01
-4.643436742480844259e-02 -1.136190608303877525e-01
-4.763665748760104179e-02 -1.184709934677812271e-01
-4.667386843357235193e-02 -1.133424622166785412e-01
