-3.820588768679244324e-02 -1.424137984613997043e-01
-5.923635791987180710e-03 -9.200287982821464539e-03
-1.348266983404755592e-02 -1.878280378878116608e-02
-2.172141568735241890e-02 -2.841200213879346848e-02
-2.809820696711540222e-02 -3.827637061476707458e-02
-2.740946103585883975e-02 -4.821257293224334717e-02
-3.278883098391816020e-02 -5.814907979220151901e-02
-3.838698304025456309e-02 -6.809068564325571060e-02
-3.896687482483685017e-02 -7.800167705863714218e-02
-3.831001499202102423e-02 -8.765933383256196976e-02
-3.171142318751662970e-02 -9.756741765886545181e-02
-3.274197201244533062e-02 -1.063703494146466255e-01
-3.037744387984275818e-02 -1.127913733944296837e-01
-3.336926084011793137e-02 -1.178735555149614811e-01
-3.410874941619113088e-02 -1.212719674222171307e-01
-4.074950964422896504e-02 -1.204508359660394490e-01
-4.212352778995409608e-02 -1.163146861945278943e-01
-3.479028405854478478e-02 -1.176191957783885300e-01
-3.461247506493236870e-02 -1.203444856801070273e-01
-3.766661822737660259e-02 -1.287035686546005309e-01
-3.403072069340851158e-02 -1.234486979083158076e-01
-3.305018738319631666e-02 -1.212564616580493748e-01
-3.907363068719860166e-02 -1.171248432365246117e-01
-3.961065957264509052e-02 -1.234653832507319748e-01
-3.332651812525000423e-02 -1.210283854161389172e-01
-3.324607331160223112e-02 -1.154811315354891121e-01
-4.081424223113572225e-02 -1.177298417896963656e-01
-4.040339934726944193e-02 -1.228290182189084589e-01
-3.267579778184881434e-02 -1.181244440958835185e-01
-3.065304733900120482e-02 -1.114768288680352271e-01
-3.483702518133213744e-02 -1.173703307867981493e-01
-3.548680876701837406e-02 -1.208214359940029681e-01
-3.094242212682729587e-02 -1.170258480706252158e-01
-3.338144419103628024e-02 -1.180354332900606096e-01
-3.314759847853565589e-02 -1.209580767317675054e-01
-3.702365872595692053e-02 -1.211884707299759611e-01
-3.281882763985777274e-02 -1.152521917683770880e-01
-3.072772510495269671e-02 -1.216850761411478743e-01
-3.542194711189949885e-02 -1.171556037006666884e-01
-2.871299265098059550e-02 -1.128134481696179137e-01
-3.605937222164357081e-02 -1.170308879663934931e-01
-2.960518011968815699e-02 -1.200663962954422459e-01
-3.254149980057263747e-02 -1.249551371292909607e-01
-3.296414917713264003e-02 -1.260569438891252503e-01
-3.053972186899045482e-02 -1.224817846523365006e-01
-3.101491512643406168e-02 -1.190648876217892393e-01
-3.282588176807621494e-02 -1.205235252709826455e-01
-2.914325419260421768e-02 -1.228967598726740107e-01
-2.972444656916195527e-02 -1.189955979207297787e-01
-2.341737642564112321e-02 -1.208588116423925385e-01
-2.932116433657938614e-02 -1.227934997150441632e-01
