-2.147333541101300453e-02 -1.476672712136780086e-01
-3.445990616455674171e-03 -9.875400923192501068e-03
-1.175998942926526070e-03 -1.966429688036441803e-02
-3.230386064387857914e-04 -2.951405756175518036e-02
-2.816319989506155252e-03 -3.936894144862890244e-02
-9.153887222055345774e-03 -4.865900520235300064e-02
-1.033293321961537004e-02 -5.847097001969814301e-02
-1.585963327670469880e-02 -6.821365375071763992e-02
-1.538997609168291092e-02 -7.658550422638654709e-02
-2.073935326188802719e-02 -8.633023407310247421e-02
-1.909457379952073097e-02 -9.602979570627212524e-02
-2.564697526395320892e-02 -1.040243832394480705e-01
-2.186176204122602940e-02 -1.095143971033394337e-01
-2.275717281736433506e-02 -1.140730669721961021e-01
-1.852933899499475956e-02 -1.219167141243815422e-01
-1.727340475190430880e-02 -1.180412631947547197e-01
-2.169493876863270998e-02 -1.198412524536252022e-01
-2.553382713813334703e-02 -1.234335075132548809e-01
-2.392526110634207726e-02 -1.179604209028184414e-01
-2.986026043072342873e-02 -1.212137097027152777e-01
-3.334834077395498753e-02 -1.122430560644716024e-01
-3.369842804386280477e-02 -1.064475283492356539e-01
-3.659489293931983411e-02 -1.088929108809679747e-01
-2.854861886589787900e-02 -1.147145463619381189e-01
-2.568832188262604177e-02 -1.200675859581679106e-01
-2.308956169872544706e-02 -1.200410368583106901e-01
-2.967947543947957456e-02 -1.179148474438989069e-01
-2.857291765394620597e-02 -1.137915247782075312e-01
-2.734521214733831584e-02 -1.110904951310658362e-01
-3.203548022429458797e-02 -1.067853340609872248e-01
-3.205853410872805398e-02 -1.013182363203668501e-01
-3.600908479529607575e-02 -1.055143637313449290e-01
-3.361980397130537312e-02 -1.068288207716250326e-01
-2.916344035293150228e-02 -1.137334996565186884e-01
-3.237980104859161656e-02 -1.122627765835204627e-01
-3.069836356553423684e-02 -1.148155247756221797e-01
-3.114441611796792131e-02 -1.128419602719077375e-01
-2.515010830938990694e-02 -1.131512791580462363e-01
-2.590345019234518986e-02 -1.104820509171986487e-01
-3.027302479131321888e-02 -1.162991489945852663e-01
-2.457452784983615857e-02 -1.179905683929973748e-01
-3.076423365382652264e-02 -1.184217203663138207e-01
-2.862831308266322594e-02 -1.127615631812659558e-01
-2.620305270647804718e-02 -1.128260893783590291e-01
-2.805923610685567837e-02 -1.160414905789366458e-01
-2.351471582187514286e-02 -1.201427562664321158e-01
-2.434775988331239205e-02 -1.169228132384887431e-01
-3.026302774196665268e-02 -1.118399377483001444e-01
-2.919956166988413315e-02 -1.126062615112459753e-01
-2.836503110120247584e-02 -1.110359199847152922e-01
-3.025342953151266556e-02 -1.101155217656923924e-01
