3.929396046616803057e-02 -1.419564281107265624e-01
9.884755127131938934e-03 -9.940977208316326141e-03
1.977671403437852859e-02 -1.990551315248012543e-02
2.914829645305871964e-02 -2.987121790647506714e-02
3.866957779973745346e-02 -3.980266395956277847e-02
4.797787871211767197e-02 -4.977174941450357437e-02
5.627994704991579056e-02 -5.965325050055980682e-02
6.493665650486946106e-02 -6.937980558723211288e-02
6.400328176096081734e-02 -7.930768933147192001e-02
5.620622076094150543e-02 -8.910209219902753830e-02
5.491381802130490541e-02 -9.782786946743726730e-02
5.057086155284196138e-02 -1.064123436808586121e-01
4.737963958177715540e-02 -1.042545936070382595e-01
5.428365722764283419e-02 -1.086695892736315727e-01
4.895558406133204699e-02 -1.097898352891206741e-01
5.461353354621678591e-02 -1.148141361773014069e-01
4.672624927479773760e-02 -1.084746723063290119e-01
4.995556676294654608e-02 -1.023828489705920219e-01
5.488031718414276838e-02 -1.032986909849569201e-01
5.982490617316216230e-02 -1.015608758898451924e-01
5.610212113242596388e-02 -9.755205234978348017e-02
4.896761977579444647e-02 -1.024912387365475297e-01
4.947253665886819363e-02 -1.062516373349353671e-01
5.426378431729972363e-02 -9.876186808105558157e-02
5.589227133896201849e-02 -1.009736008709296584e-01
6.221650296356528997e-02 -1.027241033734753728e-01
5.725190171506255865e-02 -1.085119616473093629e-01
5.239481606986373663e-02 -1.021620809333398938e-01
5.010837770532816648e-02 -1.084918390261009336e-01
5.072611547075212002e-02 -1.041354812914505601e-01
5.675390432588756084e-02 -1.033723725704476237e-01
6.236272747628390789e-02 -1.026168634416535497e-01
5.622739600948989391e-02 -1.080537956440821290e-01
5.752726597711443901e-02 -1.117036681389436126e-01
5.683762178523465991e-02 -1.109567718813195825e-01
6.050281383795663714e-02 -1.057858519488945603e-01
5.988264898769557476e-02 -1.116426285589113832e-01
5.702678370289504528e-02 -1.168575674528256059e-01
5.838585307355970144e-02 -1.140621096128597856e-01
5.787420977139845490e-02 -1.079743249574676156e-01
5.579547706292942166e-02 -1.154788128333166242e-01
5.045977822737768292e-02 -1.137648669537156820e-01
5.189680802868679166e-02 -1.091100398916751146e-01
5.103062739362940192e-02 -1.108635577838867903e-01
5.889208143344148993e-02 -1.161580926273018122e-01
5.144832556834444404e-02 -1.216313189361244440e-01
5.099996872013434768e-02 -1.151572640519589186e-01
5.332376057049259543e-02 -1.124934705439954996e-01
5.931541597237810493e-02 -1.088686522562056780e-01
5.227794678648933768e-02 -1.104718848364427686e-01
5.533854634268209338e-02 -1.117999651469290257e-01
