7.254900800278915596e-02 -1.188232623304884966e-01
9.651581756770610809e-03 -9.925870224833488464e-03
1.956944167613983154e-02 -1.980827562510967255e-02
2.952232770621776581e-02 -2.845085505396127701e-02
3.926196042448282242e-02 -3.815635200589895248e-02
4.891373310238122940e-02 -4.777846299111843109e-02
5.862754397094249725e-02 -5.733082350343465805e-02
6.781077384948730469e-02 -6.567713152617216110e-02
7.492398004978895187e-02 -7.453470956534147263e-02
7.951161125674843788e-02 -6.917505897581577301e-02
7.452024333178997040e-02 -7.508840225636959076e-02
7.968446332961320877e-02 -7.305326731875538826e-02
7.232488412410020828e-02 -7.461257011163979769e-02
6.666827294975519180e-02 -7.256765884812921286e-02
7.318799570202827454e-02 -7.281528992461971939e-02
7.641707360744476318e-02 -6.870034729945473373e-02
8.265571389347314835e-02 -6.811121382634155452e-02
7.848498504608869553e-02 -6.386897849733941257e-02
7.981468958314508200e-02 -7.030515742371790111e-02
8.168680348899215460e-02 -6.827244369196705520e-02
7.663287629839032888e-02 -7.339092410984449089e-02
7.506051298696547747e-02 -7.133220598916523159e-02
6.781032972503453493e-02 -7.968984355102293193e-02
7.287900859955698252e-02 -8.836167861591093242e-02
7.618042884860187769e-02 -8.544781871023587883e-02
7.137705164495855570e-02 -7.825871437671594322e-02
7.161545233975630254e-02 -7.884356766589917243e-02
6.800112027849536389e-02 -7.886735647480236366e-02
7.448581459175329655e-02 -7.495454065065132454e-02
7.241936044010799378e-02 -6.848244200955377892e-02
7.635809497151058167e-02 -6.805547368276165798e-02
7.537417665298562497e-02 -7.472705370309995487e-02
7.902041792112868279e-02 -7.751769311289535835e-02
7.577729939657729119e-02 -7.320147770951734856e-02
8.138193345803301781e-02 -7.907118992443429306e-02
8.177226518455427140e-02 -7.523246244090842083e-02
8.185139630950288847e-02 -7.520387605472933501e-02
7.725903817481594160e-02 -7.156294309243094176e-02
8.042674238822655752e-02 -7.531437817669939250e-02
8.428280038788216189e-02 -8.032847456343006343e-02
8.105426241672830656e-02 -7.905115296307485551e-02
8.037684672308387235e-02 -7.519575899641495198e-02
7.381054480356397107e-02 -7.613362079428043216e-02
7.307687658612849191e-02 -8.188961666019167751e-02
7.099303021823288873e-02 -7.591211503313388675e-02
6.845606887509347871e-02 -7.239525984914507717e-02
7.016897644643904641e-02 -7.538284837210085243e-02
7.462993334775092080e-02 -7.004319840052630752e-02
7.341947034728946164e-02 -7.282835697697009891e-02
7.870038320106687024e-02 -6.490897653566207737e-02
8.097474626993061975e-02 -6.974393116252031177e-02
