8.407596637058097067e-02 -1.041408522176455881e-01
9.759826585650444031e-03 -9.914787486195564270e-03
1.905793137848377228e-02 -1.979738194495439529e-02
2.816309873014688492e-02 -2.973763179033994675e-02
3.801200911402702332e-02 -3.907446470111608505e-02
4.619834572076797485e-02 -4.882724210619926453e-02
5.588605068624019623e-02 -5.865830741822719574e-02
5.732543370686471462e-02 -6.839031260460615158e-02
5.796966690104454756e-02 -7.724134903401136398e-02
5.939602630678564310e-02 -8.681504987180233002e-02
6.383264448959380388e-02 -8.492861420381814241e-02
6.036154890898615122e-02 -9.450134180951863527e-02
6.291010754648596048e-02 -9.363123081857338548e-02
6.297852533316472545e-02 -9.945996577152982354e-02
6.043641354335704818e-02 -1.008292167098261416e-01
5.457542083604494110e-02 -1.042962875799275935e-01
5.256411215668777004e-02 -9.578204440185800195e-02
5.721188910683849826e-02 -9.542336748563684523e-02
5.351114358199993148e-02 -1.007463430578354746e-01
5.945861424697795883e-02 -9.467110750847496092e-02
5.249222080601612106e-02 -9.995453772717155516e-02
5.994525683490792289e-02 -1.004102009173948318e-01
6.110636602534214035e-02 -1.027233272616285831e-01
5.839139773888746276e-02 -9.689050519955344498e-02
6.479600017337361351e-02 -1.010749766428489238e-01
6.169971652707317844e-02 -1.017191234568599612e-01
5.918186499184230343e-02 -9.697000650339759886e-02
5.461543208366492763e-02 -9.813257600762881339e-02
5.654940722888568416e-02 -9.406219530501402915e-02
5.720182418735930696e-02 -9.974482344114221632e-02
5.612845186988124624e-02 -9.936267661396414042e-02
5.775316121435025707e-02 -1.060718275839462876e-01
5.546242433047154918e-02 -1.002620198996737599e-01
5.639152482763165608e-02 -9.640967042651027441e-02
5.060528426110977307e-02 -1.030155642656609416e-01
5.060523478925560426e-02 -1.043455387698486447e-01
5.375787579134438943e-02 -1.019147635670378804e-01
6.020537913456891488e-02 -1.063258304493501782e-01
6.582232900575135659e-02 -1.083194079110398889e-01
5.823969664663408707e-02 -1.062777045881375670e-01
6.587408586085174989e-02 -1.078739867080003023e-01
6.869138507783745240e-02 -1.110492958687245846e-01
6.412652051687572907e-02 -1.042080908082425594e-01
6.112517752364610146e-02 -1.051903348416090012e-01
5.853334521554742764e-02 -1.107200128026306629e-01
6.513174377061758946e-02 -1.138774347491562366e-01
6.147127841279242944e-02 -1.084208502434194088e-01
5.576214111090038728e-02 -1.061400559265166521e-01
6.364067001879547547e-02 -1.046820071060210466e-01
5.829095664114092301e-02 -9.936514892615377903e-02
6.315524373814795922e-02 -9.619767474941909313e-02
