9.257254156506111720e-02 -8.781963178277962800e-02
9.858501143753528595e-03 -9.331746026873588562e-03
1.896063797175884247e-02 -1.923164725303649902e-02
2.858475688844919205e-02 -2.884248550981283188e-02
3.778179362416267395e-02 -3.862645383924245834e-02
4.654680751264095306e-02 -4.808107390999794006e-02
5.232462193816900253e-02 -5.685592256486415863e-02
6.120356544852256775e-02 -5.949795269407331944e-02
6.433595274575054646e-02 -6.567174638621509075e-02
6.689670775085687637e-02 -7.011426775716245174e-02
6.813219632022082806e-02 -7.120687863789498806e-02
7.140149548649787903e-02 -7.126488826179411262e-02
7.121201948029920459e-02 -6.603327170887496322e-02
6.530039355857297778e-02 -6.741683730797376484e-02
6.846306956140324473e-02 -6.141368891985621303e-02
6.220531713915988803e-02 -5.991959605307783931e-02
6.981672270921990275e-02 -6.187298973964061588e-02
7.851804717211052775e-02 -6.626663390488829464e-02
7.196500123245641589e-02 -6.440394824312534183e-02
7.159879329265095294e-02 -6.333067965169902891e-02
7.904512519598938525e-02 -5.896906320413108915e-02
7.448874358669854701e-02 -5.374832682718988508e-02
7.689214698621071875e-02 -4.745427797024603933e-02
7.571701696724630892e-02 -4.904246875958051533e-02
7.693467909120954573e-02 -5.479826625378336757e-02
7.986184876062907279e-02 -5.586708242481108755e-02
8.465913464897312224e-02 -5.937449749035295099e-02
7.873056005337275565e-02 -6.586971342039760202e-02
7.913837145315483212e-02 -6.721045436279382557e-02
8.289067453006282449e-02 -6.804204107902478427e-02
7.430772954830899835e-02 -7.223290372348856181e-02
6.660468090558424592e-02 -7.805475666827987880e-02
7.015830493764951825e-02 -7.791735246428288519e-02
7.074230286525562406e-02 -7.550926404655911028e-02
6.829166627721861005e-02 -7.321047029108740389e-02
7.308963482500985265e-02 -7.837017942802049220e-02
7.967938465299084783e-02 -7.240229417220689356e-02
7.626310159685090184e-02 -7.314270184724591672e-02
7.974747690604999661e-02 -6.684764576493762434e-02
8.099142339779064059e-02 -6.267351712449453771e-02
8.455001487163826823e-02 -6.223826852510683239e-02
7.559666893212124705e-02 -5.811439358512870967e-02
7.302427076501771808e-02 -6.364935447345487773e-02
7.553635741351172328e-02 -6.788610617513768375e-02
7.265418133465573192e-02 -6.164783655549399555e-02
7.784964999882504344e-02 -5.512645418639294803e-02
8.012608479475602508e-02 -5.396573487087152898e-02
8.105850050924345851e-02 -5.704195619910024107e-02
7.359114260179921985e-02 -5.639491797774098814e-02
8.128374273655936122e-02 -5.645137370811426081e-02
7.397323305485770106e-02 -5.227442083196365274e-02
