9.844514488925640294e-02 -6.756568950349844949e-02
9.980157017707824707e-03 -9.257210418581962585e-03
1.975964382290840149e-02 -1.919917389750480652e-02
2.956130821257829666e-02 -2.852805424481630325e-02
3.870939277112483978e-02 -3.675189707428216934e-02
4.846674576401710510e-02 -4.627787414938211441e-02
5.732244160026311874e-02 -5.585390049964189529e-02
6.503133056685328484e-02 -5.875483714044094086e-02
7.256155926734209061e-02 -6.366549432277679443e-02
7.052178634330630302e-02 -6.089663691818714142e-02
7.035119665670208633e-02 -6.097115225566085428e-02
6.975880157551728189e-02 -6.338120459986384958e-02
6.458643809310160577e-02 -5.517968464118894190e-02
7.064120876020751894e-02 -6.283450707269366831e-02
7.314113489701412618e-02 -5.819725267065223306e-02
6.795741067617200315e-02 -6.527441482467111200e-02
6.800244794430909678e-02 -7.005246377957519144e-02
6.835753545601619408e-02 -6.723875387979205698e-02
6.869533881399547681e-02 -7.437861779180821031e-02
7.113957861292874441e-02 -7.241295323183294386e-02
7.540501924086129293e-02 -7.876744958048220724e-02
7.672225558053469285e-02 -7.139203044062014669e-02
7.420978522713994607e-02 -6.420882463862653822e-02
7.484858846146380529e-02 -7.073118117114063352e-02
7.110702376667177305e-02 -7.580375809629913419e-02
7.204032400477444753e-02 -7.573531289381207898e-02
6.753324800956761464e-02 -8.022691030782880262e-02
6.709109181974781677e-02 -7.164875791204394773e-02
6.514104425878031179e-02 -7.326726534665795043e-02
7.236476445541484281e-02 -7.311758139258017763e-02
7.442201876983745024e-02 -7.176142193929990754e-02
7.475386643636738881e-02 -6.637244353623827919e-02
7.224791976477717981e-02 -6.874421293468913063e-02
7.227320286256144755e-02 -7.118021541828056797e-02
7.087223864436964504e-02 -7.293542796833207831e-02
7.028253712269361131e-02 -7.734459867788245901e-02
6.542011267083580606e-02 -6.934921486390521750e-02
7.292478308590943925e-02 -6.908773883333196864e-02
7.479137401605839841e-02 -7.739478415896883234e-02
6.582734114999766462e-02 -8.404017445718636736e-02
7.137860903094406240e-02 -8.488275403942679986e-02
7.539760121653671376e-02 -7.673656581755494699e-02
7.705996754157240503e-02 -7.902317112166201696e-02
7.132111825558240525e-02 -8.191861691739177331e-02
6.948420508342678659e-02 -8.817193019058322534e-02
7.570305336776073091e-02 -8.169115302007412538e-02
7.177577363836462609e-02 -7.733594640012597665e-02
7.605786771091516130e-02 -7.850437974411761388e-02
7.920394149186904542e-02 -7.338776197138940915e-02
7.196995765480096452e-02 -7.804280835989629850e-02
7.231134683752316050e-02 -7.306593507382785901e-02
