9.990561628274247097e-02 -4.565628785882112212e-02
9.857443161308765411e-03 -9.295944124460220337e-03
1.947585120797157288e-02 -1.862180419266223907e-02
2.937844302505254745e-02 -2.812222205102443695e-02
3.763054404407739639e-02 -3.806072007864713669e-02
4.743045382201671600e-02 -4.665947891771793365e-02
5.417851964011788368e-02 -5.170561559498310089e-02
6.211764318868517876e-02 -5.347264767624437809e-02
6.648424826562404633e-02 -5.783295282162725925e-02
6.858585681766271591e-02 -5.209129932336509228e-02
6.901702249888330698e-02 -4.944106587208807468e-02
7.097822276409715414e-02 -5.255630263127386570e-02
6.716334132943302393e-02 -5.338059790665283799e-02
6.866799260023981333e-02 -4.718121659243479371e-02
7.106935407500714064e-02 -5.119119310984387994e-02
6.941864162217825651e-02 -5.819648090982809663e-02
7.335913449060171843e-02 -5.357445456320419908e-02
7.603861240204423666e-02 -5.242968775564804673e-02
7.648517398047260940e-02 -5.340618290938436985e-02
7.184132255497388542e-02 -5.772825400345027447e-02
6.445297758909873664e-02 -6.202538148500025272e-02
6.556433354853652418e-02 -5.648089549504220486e-02
6.716263919952325523e-02 -5.724225006997585297e-02
7.503468330833129585e-02 -5.386198498308658600e-02
7.028467833879403770e-02 -5.354407645063474774e-02
7.856234975042752922e-02 -5.461504316190257668e-02
8.435711331549100578e-02 -6.094002217287197709e-02
8.242160148802213371e-02 -6.146558077307417989e-02
7.891454288619570434e-02 -6.095141440164297819e-02
7.709086078102700412e-02 -5.226513918023556471e-02
7.917401680606417358e-02 -5.056523624807596207e-02
8.216976883704774082e-02 -4.753980576060712337e-02
7.589100391487590969e-02 -5.187074118293821812e-02
7.162336164037697017e-02 -4.517554095946252346e-02
8.042561353067867458e-02 -4.780075466260313988e-02
7.242010810296051204e-02 -4.897793207783252001e-02
7.409588791779242456e-02 -4.146435449365526438e-02
7.474467609426937997e-02 -4.091987205902114511e-02
7.469288621723535471e-02 -4.711870203027501702e-02
7.090243267521145754e-02 -4.413681273581460118e-02
7.714981249228003435e-02 -4.815961496206000447e-02
7.623340359350549988e-02 -5.491067963885143399e-02
7.584571530969697051e-02 -5.083774990634992719e-02
7.918214723395067267e-02 -4.969079681904986501e-02
7.769049280250328593e-02 -4.860288923373445868e-02
7.644357317985850386e-02 -4.116202419390901923e-02
7.724403375686961226e-02 -4.374022613046690822e-02
7.734839433760498650e-02 -4.645384260220453143e-02
8.191380605057929642e-02 -4.008893686113879085e-02
8.253634676293586381e-02 -4.128935531480237842e-02
8.456511727490578778e-02 -3.996932943118736148e-02
