9.095356392484849062e-02 -8.437406128003761829e-03
9.646058082580566406e-03 -6.514147389680147171e-03
1.944835390895605087e-02 -1.604937063530087471e-02
2.929782494902610779e-02 -2.578113367781043053e-02
3.925355244427919388e-02 -3.505566110834479332e-02
4.877684265375137329e-02 -4.376954725012183189e-02
5.862246360629796982e-02 -5.103073967620730400e-02
6.689914315938949585e-02 -4.978537571150809526e-02
7.384560676291584969e-02 -5.166393821127712727e-02
7.414509746013209224e-02 -4.356373497284948826e-02
8.091211895225569606e-02 -4.402315564220771194e-02
7.946479663951322436e-02 -3.958626597886905074e-02
8.512221433920785785e-02 -4.223203746369108558e-02
8.042780979303643107e-02 -4.626997228479012847e-02
8.678980189142748713e-02 -4.955998639343306422e-02
8.878858521347865462e-02 -4.499038093490526080e-02
9.349043056135997176e-02 -3.861297032563015819e-02
9.469221270410344005e-02 -4.250631219474598765e-02
9.359520470025017858e-02 -4.008131165755912662e-02
9.105102095054462552e-02 -4.124013026012107730e-02
8.509668597253039479e-02 -4.621827712981030345e-02
8.131185435922816396e-02 -4.696154640987515450e-02
8.422513987170532346e-02 -4.311250615864992142e-02
8.400769319268874824e-02 -4.652607603929936886e-02
8.344015563488937914e-02 -4.545250104274600744e-02
7.674215632141567767e-02 -4.515604424523189664e-02
8.158362694666720927e-02 -5.090769875096157193e-02
8.834947171271778643e-02 -4.656382539542391896e-02
8.663007747964002192e-02 -4.155304777668789029e-02
9.314467795775271952e-02 -3.598595998482778668e-02
9.146404513739980757e-02 -4.384319140808656812e-02
8.974925117217935622e-02 -3.873284190194681287e-02
9.154141615726985037e-02 -4.058122244896367192e-02
9.156952809098584112e-02 -4.575804556952789426e-02
9.319617935943824705e-02 -4.121779772685840726e-02
9.034152106869441923e-02 -3.853505459846928716e-02
9.756774838569981512e-02 -4.093910177471116185e-02
9.883830963190121111e-02 -4.124816376133821905e-02
9.138211222852987703e-02 -4.479646994150243700e-02
8.826236693676037248e-02 -4.311507657985202968e-02
9.039712521735054906e-02 -4.335275724588427693e-02
9.157620520818454679e-02 -4.445119750744197518e-02
8.678158523071033414e-02 -4.812402896641287953e-02
8.715633511565101799e-02 -4.656134780088905245e-02
8.710395693742611911e-02 -4.225480045715812594e-02
9.104880187624075916e-02 -4.643909960577730089e-02
9.272584048994758632e-02 -4.730309873411897570e-02
8.908835039437690284e-02 -4.676036031742114574e-02
8.653290788606682327e-02 -4.249551713292021304e-02
9.148207199723401573e-02 -3.724858125497121364e-02
8.693232792393246200e-02 -4.253941409115213901e-02
