6.758145479772349751e-02 2.370717039354622302e-02
9.669003076851367950e-03 -9.890031069517135620e-03
1.926705986261367798e-02 -1.978002395480871201e-02
2.911616675555706024e-02 -2.898396924138069153e-02
3.864130005240440369e-02 -3.841236326843500137e-02
4.597129672765731812e-02 -4.783092811703681946e-02
5.338240461423993111e-02 -5.764529015868902206e-02
6.170515110716223717e-02 -6.420675525441765785e-02
6.684883730486035347e-02 -7.334367604926228523e-02
6.412992975674569607e-02 -8.269033348187804222e-02
6.441165349679067731e-02 -8.993458282202482224e-02
5.833187961252406240e-02 -9.074445319129154086e-02
6.441358925076201558e-02 -9.895666566444560885e-02
5.696272040950134397e-02 -9.151929727522656322e-02
6.145188241498544812e-02 -8.241683820961043239e-02
5.415014672325924039e-02 -8.120974170742556453e-02
5.124751391122117639e-02 -8.431959006702527404e-02
5.009082978358492255e-02 -8.904859510948881507e-02
5.815754359355196357e-02 -8.769941661739721894e-02
6.376320164417847991e-02 -8.924161171307787299e-02
5.971473449608311057e-02 -8.980335685191676021e-02
5.395828740438446403e-02 -8.998312625044491142e-02
5.400888220901833847e-02 -9.209037163236644119e-02
5.895265955041395500e-02 -8.359388691314961761e-02
5.879520554299233481e-02 -8.776828004920389503e-02
5.817273281718371436e-02 -8.849539291986729950e-02
6.195581796782789752e-02 -9.316881523409392685e-02
6.180271450284635648e-02 -9.832543703669216484e-02
5.688274875137722120e-02 -9.055802329385187477e-02
5.226672664139186963e-02 -9.311748771870043129e-02
4.948820257413899526e-02 -9.838611968734767288e-02
5.674445060867583379e-02 -8.959492259600665420e-02
5.254880096617853269e-02 -9.279848016740288585e-02
5.574277895357226953e-02 -8.522669725061859936e-02
6.192507981177186593e-02 -8.883994152711238712e-02
6.473290677968179807e-02 -8.783278752525802702e-02
6.540810342266922817e-02 -9.574773766507860273e-02
6.147420571505790576e-02 -9.317541470227297395e-02
6.639770909532671794e-02 -9.333795418206136674e-02
6.173915208637481555e-02 -9.071407785813789815e-02
5.426034123956924304e-02 -9.552177034493070096e-02
5.332235068635782227e-02 -8.915912958036642522e-02
5.866655808495124802e-02 -9.329207932751160115e-02
6.206948970066150650e-02 -9.918432442646007985e-02
6.387694094883045182e-02 -9.081503881316166371e-02
6.144390915142139420e-02 -8.735612888995092362e-02
6.500470599712571129e-02 -7.966906686488073319e-02
6.329945890320232138e-02 -8.383167457941453904e-02
6.451828925492009148e-02 -8.992781599226873368e-02
6.253230183938285336e-02 -9.163107704080175608e-02
6.013047307351371273e-02 -9.390221237845253199e-02
