3.479756356747921997e-02 4.375035770474287877e-02
9.776775725185871124e-03 -9.886249899864196777e-03
1.891464181244373322e-02 -1.979233510792255402e-02
2.880207262933254242e-02 -2.931931987404823303e-02
3.836801461875438690e-02 -3.886125329881906509e-02
4.696675017476081848e-02 -4.713057819753885269e-02
5.547324847429990768e-02 -5.701720993965864182e-02
5.775617551989853382e-02 -6.389777921140193939e-02
6.339269806630909443e-02 -7.351428549736738205e-02
5.656408355571329594e-02 -8.239698689430952072e-02
6.398653541691601276e-02 -8.637146977707743645e-02
6.780369300395250320e-02 -9.058693051338195801e-02
7.011959212832152843e-02 -9.082073687750380486e-02
6.932193058310076594e-02 -8.331990258011501282e-02
7.173039199551567435e-02 -7.983854545454960316e-02
6.504486355697736144e-02 -7.522553710441570729e-02
6.592496548546478152e-02 -8.141969416465144604e-02
6.810286192921921611e-02 -8.801408244471531361e-02
6.950998090906068683e-02 -8.776157214015256613e-02
6.933455610123928636e-02 -9.050236763141583651e-02
6.636157188040670007e-02 -8.710036338015925139e-02
6.686586291471030563e-02 -8.668771329394076020e-02
6.772722628375049680e-02 -8.328819218149874359e-02
6.348601028730627149e-02 -7.937607019266579300e-02
6.010321479698177427e-02 -8.435123543313238770e-02
6.165195080393459648e-02 -8.274942149000708014e-02
5.930005536356475204e-02 -9.089621320890728384e-02
6.018591146857943386e-02 -8.619777836429420859e-02
6.303892597497906536e-02 -7.915890846925321966e-02
6.087128572107758373e-02 -8.105146502202842385e-02
6.911319062055554241e-02 -7.489526121935341507e-02
6.679365561285521835e-02 -8.102371347195003182e-02
6.347970115893986076e-02 -8.249106236326042563e-02
5.624682606139685959e-02 -8.165756177913863212e-02
5.912789875583257526e-02 -8.029259282920975238e-02
5.710173129045870155e-02 -7.342041803349275142e-02
6.560889921092893928e-02 -7.837631933216471225e-02
6.942304559925105423e-02 -7.835783235532289837e-02
6.675814474874641746e-02 -7.444977652085071895e-02
6.153506004193332046e-02 -7.152298240725940559e-02
6.814685753488447517e-02 -7.662238980447000358e-02
6.677877237962093204e-02 -7.235780645896738861e-02
6.051870329247321934e-02 -7.488828114037460182e-02
6.475260607840027660e-02 -7.016057575856393669e-02
5.979624750034417957e-02 -7.128390689649677370e-02
6.802264867292251438e-02 -7.282478940942382906e-02
6.703730647859629244e-02 -6.784200688161945436e-02
6.947688291256781667e-02 -6.497989451781904791e-02
6.673709953611250967e-02 -5.758299162880575750e-02
7.376671720703598112e-02 -6.217109315366542432e-02
6.817630583827849478e-02 -6.365918143455928657e-02
