-8.818661904965979792e-02 -2.850024171902457160e-03
-6.484462879598140717e-03 -9.913442656397819519e-03
-1.619571354240179062e-02 -1.978402305394411087e-02
-2.571707312017679214e-02 -2.977100294083356857e-02
-3.550925664603710175e-02 -3.962896391749382019e-02
-4.321641195565462112e-02 -4.751838557422161102e-02
-5.122260283678770065e-02 -5.718305427581071854e-02
-5.102914643066469580e-02 -6.701374053955078125e-02
-5.503511500137392431e-02 -7.696608360856771469e-02
-5.993559282796923071e-02 -8.583550620824098587e-02
-5.754362513835076243e-02 -8.550797271891497076e-02
-6.244539238105062395e-02 -9.399698543711565435e-02
-5.700534350762609392e-02 -9.606865033856593072e-02
-5.338003418000880629e-02 -1.032333349285181612e-01
-5.449375290481839329e-02 -1.066460107394959778e-01
-5.434578437416348606e-02 -1.005290673056151718e-01
-5.475510675751138479e-02 -9.506913283257745206e-02
-6.097194897301960737e-02 -9.557134847273118794e-02
-5.942689413495827466e-02 -9.494068365893326700e-02
-6.311735436611343175e-02 -1.016712638956960291e-01
-6.770680211775470525e-02 -1.006261119327973574e-01
-7.019727486476767808e-02 -1.021778717113193125e-01
-7.179214137431699783e-02 -9.649531901231966913e-02
-7.128405467665288597e-02 -1.048707113077398390e-01
-7.089261191140394658e-02 -1.086804720980580896e-01
-7.413984781305771321e-02 -1.079113254381809384e-01
-6.506992357026319951e-02 -1.038234209700021893e-01
-6.546605304174590856e-02 -1.042548900295514613e-01
-6.104938332282472402e-02 -9.834466761094518006e-02
-5.605783518694806844e-02 -9.447807984543032944e-02
-6.303869532712269574e-02 -9.143169599701650441e-02
-5.794820348091889173e-02 -9.180211977218277752e-02
-6.324115228198934346e-02 -9.380163022433407605e-02
-6.627598237537313253e-02 -1.007588133506942540e-01
-6.335217431478668004e-02 -9.196736480225808918e-02
-5.975292409129906446e-02 -9.524423608672805130e-02
-6.512884209223557264e-02 -9.952424865332432091e-02
-6.176001993298996240e-02 -9.052435241756029427e-02
-6.218344120134133846e-02 -1.002986172970850021e-01
-6.628147240553516895e-02 -9.720417906646616757e-02
-6.955798024137038738e-02 -9.790716515271924436e-02
-7.593805815849918872e-02 -8.887765565305016935e-02
-7.689235116413328797e-02 -9.721255404292605817e-02
-7.623449708626139909e-02 -1.064709640049841255e-01
-7.799560746934730560e-02 -1.042103637882973999e-01
-7.482314675871748477e-02 -1.023717715579550713e-01
-7.254714828741271049e-02 -9.546089704963378608e-02
-6.478408708062488586e-02 -1.008252545434515923e-01
-6.255021698598284274e-02 -9.447461806121282279e-02
-5.790099508885759860e-02 -9.621505692484788597e-02
-6.332584990013856441e-02 -8.865457979845814407e-02
