-8.839302795441796035e-02 -9.676187131680558107e-02
-9.154384955763816833e-03 -9.914232417941093445e-03
-1.751182693988084793e-02 -1.942446455359458923e-02
-2.706960588693618774e-02 -2.892398927360773087e-02
-3.609507810324430466e-02 -3.874099254608154297e-02
-4.426535125821828842e-02 -4.832617659121751785e-02
-4.492177063366398215e-02 -5.807604454457759857e-02
-5.285937426378950477e-02 -6.431692140176892281e-02
-5.173370958073064685e-02 -7.400704594328999519e-02
-4.949294932885095477e-02 -8.134971931576728821e-02
-4.589032306103035808e-02 -7.998039084486663342e-02
-4.820686340099200606e-02 -8.907941146753728390e-02
-4.796426415850874037e-02 -8.991009573219344020e-02
-4.945803164446260780e-02 -9.053670562570914626e-02
-5.556351655104663223e-02 -9.594077378278598189e-02
-6.168850381800439209e-02 -9.954925550846382976e-02
-5.663127648585941643e-02 -9.841808333294466138e-02
-5.596290457469876856e-02 -1.051446961355395615e-01
-5.064901731384452432e-02 -1.072382978745736182e-01
-4.781205811013933271e-02 -1.071881095740536693e-01
-5.117301245627459139e-02 -1.024191144715587143e-01
-4.955359954328741878e-02 -9.844338827315368690e-02
-5.393654840008821338e-02 -9.419917155537405051e-02
-4.849027549789752811e-02 -1.024767936069110874e-01
-4.818743742362130433e-02 -9.481993949520983733e-02
-5.194536173075903207e-02 -8.622660654145875014e-02
-5.590686523646581918e-02 -9.448502099621691741e-02
-5.142440782219637185e-02 -9.580958044170984067e-02
-5.463463040359783918e-02 -9.932887941613444127e-02
-4.949547881551552564e-02 -9.974679618972004391e-02
-5.197516917542088777e-02 -9.958220392945804633e-02
-4.532081629440654069e-02 -9.855485827210941352e-02
-4.566768014046829194e-02 -9.862830549900536425e-02
-5.110838419932406396e-02 -9.344002152283792384e-02
-5.583658411342184991e-02 -9.745540017684106715e-02
-5.010995377961080521e-02 -1.046774649475992192e-01
-4.995376338774804026e-02 -9.946574936111574061e-02
-4.861257541051600128e-02 -9.768494022500817664e-02
-4.429059744870755821e-02 -1.016616694578260649e-01
-4.241269711928907782e-02 -1.106880050101608504e-01
-4.473769060859922320e-02 -1.067827051920176018e-01
-4.661530001612845808e-02 -1.098259793543547858e-01
-5.179125141876284033e-02 -1.068772137114137877e-01
-4.995572999177966267e-02 -1.052178085265040863e-01
-5.155049696622882038e-02 -1.007852984075725544e-01
-5.684576336352620274e-02 -1.059621042986691464e-01
-5.358646939566824585e-02 -1.044164414233819116e-01
-5.037293153873179108e-02 -1.003103179573372472e-01
-5.423585129028651863e-02 -9.383642046668683179e-02
-5.206199003441724926e-02 -9.643388238691841252e-02
-4.996400549134705216e-02 -9.948063923002337106e-02
