-7.729941927494399234e-02 -1.134413097260485309e-01
9.030572138726711273e-03 -9.806456044316291809e-03
1.877362933009862900e-02 -1.962043065577745438e-02
2.730142790824174881e-02 -2.946230955421924591e-02
3.540275432169437408e-02 -3.925767075270414352e-02
4.367984738200902939e-02 -4.864539112895727158e-02
4.978165123611688614e-02 -5.845612846314907074e-02
5.658771377056837082e-02 -6.634903699159622192e-02
6.246771663427352905e-02 -7.473541237413883209e-02
5.852041533216834068e-02 -7.651129993610084057e-02
6.025691796094179153e-02 -8.490065927617251873e-02
5.657948204316198826e-02 -8.293700939975678921e-02
6.309027620591223240e-02 -7.557609095238149166e-02
6.452696630731225014e-02 -8.091761893592774868e-02
6.610114523209631443e-02 -8.326143212616443634e-02
7.128795073367655277e-02 -8.233116340124979615e-02
6.898546335287392139e-02 -8.464369486318901181e-02
6.685654586181044579e-02 -8.862625557230785489e-02
7.125983992591500282e-02 -8.284116239519789815e-02
7.022871833760291338e-02 -7.805285678477957845e-02
6.465780560392886400e-02 -7.686206331709399819e-02
6.204391305800527334e-02 -8.272968843812122941e-02
6.470885814633220434e-02 -8.585908781969919801e-02
6.398487929254770279e-02 -7.970929524162784219e-02
7.075662817806005478e-02 -8.027545770164579153e-02
6.501204241067171097e-02 -8.019412120484048501e-02
7.396308891475200653e-02 -8.932596070371801034e-02
7.379961006517987698e-02 -8.729661696270341054e-02
7.947674619208555669e-02 -8.760395280114607885e-02
7.533832445915322751e-02 -8.027188300184207037e-02
7.406645260925870389e-02 -8.220923651970224455e-02
6.679098719905596226e-02 -8.798609727091388777e-02
6.795231816067826003e-02 -8.687852737057255581e-02
6.924987553793471307e-02 -8.323318715702043846e-02
6.402627813804429024e-02 -8.901977417554007843e-02
6.820175253960769624e-02 -9.320978372852550820e-02
6.937381827447097749e-02 -8.800400346081005409e-02
7.669962213549297303e-02 -8.846278279816033319e-02
7.278367054823320359e-02 -8.613754018006147817e-02
6.844237835321109742e-02 -8.639263851364376023e-02
7.660264165315311402e-02 -8.546528203441994265e-02
7.077410553756635636e-02 -9.358717577561037615e-02
7.433540669444482774e-02 -9.392152564396383241e-02
7.031635397288482636e-02 -9.141408466530265287e-02
6.727412987675052136e-02 -9.330743924510898069e-02
6.977642110723536462e-02 -8.477142733318032697e-02
6.981870583331328817e-02 -8.885607589763822034e-02
7.124721927175414748e-02 -8.756535524298669770e-02
6.761595902571571060e-02 -9.392407793347956613e-02
6.193411552885663696e-02 -9.133756417577387765e-02
6.708653986061108299e-02 -9.573094896768452600e-02
