9.067941405788361442e-02 -9.215737024671842581e-02
9.639130905270576477e-03 -9.967720136046409607e-03
1.933966577053070068e-02 -1.995588839054107666e-02
2.751755155622959137e-02 -2.967923413962125778e-02
3.530493658035993576e-02 -3.933975659310817719e-02
4.311492573469877243e-02 -4.929132107645273209e-02
4.874154692515730858e-02 -5.910691060125827789e-02
5.472377408295869827e-02 -6.876693759113550186e-02
4.839229071512818336e-02 -7.834256999194622040e-02
5.004096589982509613e-02 -8.788242749869823456e-02
4.905333241913467646e-02 -9.351354138925671577e-02
4.785062698647379875e-02 -9.577800636179745197e-02
5.519511131569743156e-02 -9.377526654861867428e-02
5.417097418103367090e-02 -9.622826520353555679e-02
5.353208869928494096e-02 -9.758004127070307732e-02
4.958997393259778619e-02 -1.052339444868266582e-01
5.302422313252463937e-02 -1.007422315888106823e-01
5.265318125020712614e-02 -1.055438751354813576e-01
5.687292886432260275e-02 -1.013223822228610516e-01
5.082487908657640219e-02 -9.678295208141207695e-02
5.363918619696050882e-02 -9.960208670236170292e-02
6.019416649360209703e-02 -1.030353212263435125e-01
5.975184103590436280e-02 -1.071778701152652502e-01
5.169132704031653702e-02 -1.038980924058705568e-01
5.657410508138127625e-02 -1.115210966672748327e-01
6.017129545216448605e-02 -1.062452120240777731e-01
5.233522554044611752e-02 -1.102455549407750368e-01
5.282155532040633261e-02 -1.052503760438412428e-01
5.434324641828425229e-02 -9.865037794224917889e-02
6.054224123363383114e-02 -9.514165879227221012e-02
6.210873709642328322e-02 -9.720321884378790855e-02
5.664842124679125845e-02 -9.343598247505724430e-02
5.687926764949224889e-02 -9.945478546433150768e-02
6.283759241341613233e-02 -1.057175078894942999e-01
6.425744292209856212e-02 -1.102466785814613104e-01
6.565941331791691482e-02 -1.081794213969260454e-01
5.686740876990370452e-02 -1.116253964137285948e-01
5.531100099324248731e-02 -1.037293334957212210e-01
5.391425554989837110e-02 -1.040314336714800447e-01
5.280687994672916830e-02 -1.023782655538525432e-01
4.725372567190788686e-02 -1.087453319632913917e-01
4.836985244764946401e-02 -1.086036815249826759e-01
4.969037658884190023e-02 -1.066732003528159112e-01
5.566404209821484983e-02 -1.102864190179388970e-01
5.513135358341969550e-02 -1.067906687676440924e-01
5.361014060326851904e-02 -1.076762608427088708e-01
4.924287382164038718e-02 -1.123253397818189114e-01
5.063956198864616454e-02 -1.063832824293058366e-01
5.800031605758704245e-02 -1.111753538425546139e-01
5.110946777858771384e-02 -1.132077553484123200e-01
5.446667075739242136e-02 -1.088764264422934502e-01
