9.882637026994925411e-02 -3.472424996057835167e-02
8.903781883418560028e-03 -9.495017118752002716e-03
1.845881622284650803e-02 -1.839098613709211349e-02
2.801490668207406998e-02 -2.818717714399099350e-02
3.745455574244260788e-02 -3.780359961092472076e-02
4.666087217628955841e-02 -4.774131719022989273e-02
5.506596714258193970e-02 -5.738900601863861084e-02
5.520815163617953658e-02 -6.582356058061122894e-02
6.215251464163884521e-02 -7.083087693899869919e-02
6.428027286892756820e-02 -7.894381973892450333e-02
6.931117404019460082e-02 -7.049717195332050323e-02
7.603283732896670699e-02 -7.456886395812034607e-02
8.119296975200995803e-02 -8.090911945328116417e-02
8.500075287884101272e-02 -7.273527840152382851e-02
8.587681478820741177e-02 -6.743639940395951271e-02
8.121888036839663982e-02 -6.244238046929240227e-02
7.567951013334095478e-02 -6.829209066927433014e-02
7.396975927986204624e-02 -7.387410616502165794e-02
6.961623509414494038e-02 -7.348815299337729812e-02
7.579207723028957844e-02 -8.126185968285426497e-02
8.165112766437232494e-02 -7.658155536046251655e-02
7.880165264941751957e-02 -7.254894025390967727e-02
7.306155678816139698e-02 -6.787682784488424659e-02
7.657079445198178291e-02 -6.265397829702124000e-02
8.175078360363841057e-02 -6.630452669924125075e-02
7.814561831764876842e-02 -6.550560629693791270e-02
7.833264695364050567e-02 -6.215661455644294620e-02
7.637014609645120800e-02 -7.118650310439988971e-02
8.071713053504936397e-02 -6.874989269999787211e-02
7.792522708768956363e-02 -7.049829239258542657e-02
8.092844879138283432e-02 -6.150048976996913552e-02
7.752150340820662677e-02 -5.817593104438856244e-02
7.113699332694523036e-02 -6.306123203830793500e-02
7.727455996791832149e-02 -6.375140434829518199e-02
6.955326252500526607e-02 -5.986103665782138705e-02
6.985932163661345840e-02 -5.972794664558023214e-02
6.465485686203464866e-02 -6.480332033243030310e-02
6.453147644060663879e-02 -6.555852311430498958e-02
6.937100292998366058e-02 -6.361870787804946303e-02
7.350230935844592750e-02 -6.900224456330761313e-02
7.172816523234359920e-02 -6.750024092616513371e-02
7.722084035049192607e-02 -6.851035013096407056e-02
7.059502598713152111e-02 -6.298771762521937490e-02
7.628676897729746997e-02 -6.724647182272747159e-02
7.827555897529236972e-02 -6.571182276820763946e-02
7.680314368917606771e-02 -6.510196119779720902e-02
7.645850724657066166e-02 -6.996669067302718759e-02
7.332370246876962483e-02 -6.911255256272852421e-02
7.600428539444692433e-02 -6.930558101157657802e-02
7.163112240959890187e-02 -7.597215843270532787e-02
7.533291893196292222e-02 -6.777433582465164363e-02
