7.291019359234689190e-02 1.844051190871162649e-02
9.946777485311031342e-03 -9.797298349440097809e-03
1.986211631447076797e-02 -1.890162192285060883e-02
2.926545497030019760e-02 -2.865676768124103546e-02
3.731293138116598129e-02 -3.484526043757796288e-02
4.597885534167289734e-02 -4.419780196622014046e-02
5.456812400370836258e-02 -5.395407741889357567e-02
6.419799290597438812e-02 -5.401401167546282522e-02
7.064965413883328438e-02 -5.193496604260872118e-02
7.592263026162981987e-02 -4.736405300718615763e-02
7.534645783016458154e-02 -4.520573552508722059e-02
8.373637130716815591e-02 -4.663978032112936489e-02
8.617715636501088738e-02 -4.620817118484410457e-02
8.877031487645581365e-02 -4.385941569853457622e-02
8.298738097073510289e-02 -3.954102472562226467e-02
8.726647106232121587e-02 -4.401084548953804187e-02
9.366618964122608304e-02 -5.002147845152649097e-02
9.087901987368240952e-02 -5.281511718567344360e-02
8.503128594020381570e-02 -4.502011487420531921e-02
9.130751440534368157e-02 -4.387614795632543974e-02
8.425889821955934167e-02 -5.209710368580999784e-02
8.118652744451537728e-02 -5.092057714864495210e-02
7.788597518811002374e-02 -5.372572912528994493e-02
8.377791574457660317e-02 -5.953167554616811685e-02
8.040827402146533132e-02 -5.956116077140904963e-02
7.541699084686115384e-02 -6.268158546299673617e-02
7.778929133201017976e-02 -6.011815430247224867e-02
8.300191542366519570e-02 -5.185510558658279479e-02
8.496479532914236188e-02 -5.047695446410216391e-02
8.785740874009206891e-02 -5.384280128055252135e-02
9.173075697617605329e-02 -5.839773933985270560e-02
9.343153500230982900e-02 -5.612107078195549548e-02
8.695377159165218472e-02 -5.331042563193477690e-02
8.066302520455792546e-02 -5.080369874485768378e-02
8.442418073536828160e-02 -5.219718374428339303e-02
8.465461109881289303e-02 -5.146462240372784436e-02
8.827050289255566895e-02 -5.074426214559935033e-02
8.858833511476404965e-02 -4.245328213437460363e-02
9.457436625962145627e-02 -3.848220975487492979e-02
8.707773455535061657e-02 -4.541247067390941083e-02
8.486985092167742550e-02 -4.422530715237371624e-02
8.864189501036889851e-02 -5.208791882614605129e-02
8.369970929925329983e-02 -4.941724214586429298e-02
8.028698831913061440e-02 -4.326160831260494888e-02
8.287282966193743050e-02 -5.045107399928383529e-02
8.059836344909854233e-02 -5.359454426798038185e-02
7.875990172033198178e-02 -5.417646261048503220e-02
8.358283157576806843e-02 -5.161131944623775780e-02
8.628538603079505265e-02 -4.880703779053874314e-02
8.999205686268396676e-02 -5.234349452075548470e-02
8.963492192560806870e-02 -5.327751956065185368e-02
