2.043700920682703717e-02 4.788936946716976228e-02
9.666008874773979187e-03 -2.587472088634967804e-03
1.929193921387195587e-02 -1.039888197556138039e-02
2.883566077798604965e-02 -2.001737477257847786e-02
3.871206473559141159e-02 -2.981021953746676445e-02
4.621848650276660919e-02 -3.549470053985714912e-02
5.541607923805713654e-02 -4.436557972803711891e-02
5.312489578500390053e-02 -5.163660133257508278e-02
6.223366083577275276e-02 -5.848472053185105324e-02
5.945012043230235577e-02 -6.816717749461531639e-02
6.098155328072607517e-02 -7.082695839926600456e-02
6.044487305916845798e-02 -7.577623520046472549e-02
6.416907021775841713e-02 -7.827484747394919395e-02
5.915985722094774246e-02 -8.620616747066378593e-02
6.373257748782634735e-02 -8.801855635829269886e-02
6.197665748186409473e-02 -8.106059976853430271e-02
6.171074567828327417e-02 -8.272592374123632908e-02
5.909257114399224520e-02 -8.929680031724274158e-02
6.672511261422187090e-02 -7.972408109344542027e-02
6.780365388840436935e-02 -7.873734412714838982e-02
6.577704963274300098e-02 -8.266601013019680977e-02
5.744367395527660847e-02 -8.506498858332633972e-02
6.683662184514105320e-02 -7.846764149144291878e-02
6.380142457783222198e-02 -8.313242346048355103e-02
6.534725427627563477e-02 -8.718268899247050285e-02
6.163599202409386635e-02 -8.352499641478061676e-02
6.085015484131872654e-02 -8.175802871119230986e-02
6.846828642301261425e-02 -8.226972148986533284e-02
6.291137705557048321e-02 -7.951445627259090543e-02
6.618486414663493633e-02 -7.964455473120324314e-02
7.231555203907191753e-02 -7.852262849337421358e-02
7.503902772441506386e-02 -7.740961070521734655e-02
7.064522383734583855e-02 -7.364096175297163427e-02
7.538401568308472633e-02 -7.667687776847742498e-02
6.991683878004550934e-02 -7.425391077413223684e-02
6.723817391321063042e-02 -7.714776750071905553e-02
6.728903693874599412e-02 -7.015150328516028821e-02
6.638961000862764195e-02 -7.261503589688800275e-02
6.458342535916017368e-02 -6.765463724150322378e-02
7.135383314016507939e-02 -6.391093981801532209e-02
6.664909603568958119e-02 -6.076421271427534521e-02
5.867674941691802815e-02 -6.786436782567761838e-02
6.128111709404038265e-02 -6.196676948457024992e-02
6.332260225462960079e-02 -6.721118753193877637e-02
6.932724914076970890e-02 -6.860281407716684043e-02
6.581140304479049519e-02 -7.390025744098238647e-02
7.123267086717532948e-02 -7.874840006115846336e-02
6.505718077096389607e-02 -7.362565884250216186e-02
6.877063349384116009e-02 -7.261126764933578670e-02
6.416857470321701840e-02 -8.080224596778862178e-02
6.663430919434176758e-02 -8.328638804960064590e-02
