-1.630851007398835539e-02 4.866120057634926166e-02
-9.636284783482551575e-03 -9.100305847823619843e-03
-1.945633906871080399e-02 -1.846151053905487061e-02
-2.721828222274780273e-02 -2.636210992932319641e-02
-3.646859712898731232e-02 -3.495780378580093384e-02
-4.241102468222379684e-02 -4.325639177113771439e-02
-4.772215383127331734e-02 -4.548359545879065990e-02
-5.141371442005038261e-02 -4.398651514202356339e-02
-5.021744570694863796e-02 -3.929123561829328537e-02
-4.359962209127843380e-02 -3.661635331809520721e-02
-5.066136526875197887e-02 -3.024802729487419128e-02
-4.234311426989734173e-02 -3.556544147431850433e-02
-4.799735010601580143e-02 -3.992994269356131554e-02
-4.941500723361968994e-02 -4.155954497400671244e-02
-4.815811931621283293e-02 -4.701724194455891848e-02
-5.284685164224356413e-02 -4.516569757834076881e-02
-5.495135032106190920e-02 -3.907239576801657677e-02
-4.675490141380578279e-02 -3.891022941388655454e-02
-4.999270604457706213e-02 -3.859198950522113591e-02
-5.352132057305425406e-02 -4.263785872899461538e-02
-4.845173226203769445e-02 -4.238547002023551613e-02
-4.164262663107365370e-02 -3.961692367738578469e-02
-4.733476031105965376e-02 -4.219988257682416588e-02
-4.928460461087524891e-02 -3.934164311795029789e-02
-4.562157858163118362e-02 -4.104219518194440752e-02
-4.308499558828771114e-02 -4.028353533067274839e-02
-4.760054848156869411e-02 -4.716035090677905828e-02
-4.706214572070166469e-02 -4.686172686342615634e-02
-4.515118984272703528e-02 -4.580011808138806373e-02
-4.377003939589485526e-02 -3.902075609948951751e-02
-4.476167232496663928e-02 -3.231098766264040023e-02
-4.064169822959229350e-02 -3.941811232652980834e-02
-4.250457283342257142e-02 -3.822945507999975234e-02
-4.398085345746949315e-02 -3.720672051713336259e-02
-4.596641456009820104e-02 -4.176356639072764665e-02
-4.559961115592159331e-02 -3.990977974899578840e-02
-4.911952759721316397e-02 -3.227868555404711515e-02
-4.692320842877961695e-02 -3.684471752785611898e-02
-4.872380805318243802e-02 -4.109679973043967038e-02
-4.585509144817478955e-02 -4.456137209490407258e-02
-4.415587152470834553e-02 -4.081410677463281900e-02
-3.947930785943754017e-02 -3.685818934172857553e-02
-4.005593984038569033e-02 -3.329836153716314584e-02
-3.678428279818035662e-02 -3.083298467390704900e-02
-3.698987232928629965e-02 -3.022723221511114389e-02
-3.525617472769226879e-02 -3.757946328551042825e-02
-3.979886403249111027e-02 -3.701949912647251040e-02
-4.236264327482786030e-02 -3.057342629472259432e-02
-4.130003786121960729e-02 -2.213383514026645571e-02
-4.036246040777768940e-02 -2.717825771833304316e-02
-4.489159338118042797e-02 -3.328415659780148417e-02
