-5.339996952939780883e-02 3.454846689478992261e-02
1.002491684630513191e-03 -8.379666134715080261e-03
-3.786381566897034645e-03 -1.810326613485813141e-02
-1.080606994219124317e-02 -2.641243673861026764e-02
-1.720146951265633106e-02 -3.388445265591144562e-02
-2.148175542242825031e-02 -4.214499238878488541e-02
-2.528772875666618347e-02 -5.201158486306667328e-02
-3.029821440577507019e-02 -5.670796521008014679e-02
-3.129202942363917828e-02 -6.084330659359693527e-02
-3.496081870980560780e-02 -5.613743187859654427e-02
-3.625284531153738499e-02 -6.095642549917101860e-02
-3.392925136722624302e-02 -5.572961317375302315e-02
-3.603163757361471653e-02 -6.451704213395714760e-02
-3.755070606712251902e-02 -6.353605457115918398e-02
-3.906132315751165152e-02 -5.969017336610704660e-02
-3.843835211591795087e-02 -5.469113180879503489e-02
-3.555986034916713834e-02 -6.344283989164978266e-02
-3.473720658803358674e-02 -6.372334292973391712e-02
-3.732672083424404263e-02 -7.109713272075168788e-02
-3.372138977283611894e-02 -6.784601297113113105e-02
-3.265735990134999156e-02 -6.883215505513362586e-02
-3.017975104739889503e-02 -6.718414751230739057e-02
-2.892502798931673169e-02 -6.474266512668691576e-02
-2.493251935811713338e-02 -7.071504541090689600e-02
-2.051394368754699826e-02 -6.277829114696942270e-02
-1.735595852369442582e-02 -6.787664009607397020e-02
-2.170099323848262429e-02 -6.895815915777347982e-02
-1.828777749324217439e-02 -6.816589305526576936e-02
-1.515605888562276959e-02 -6.221989341429434717e-02
-1.511303506049443968e-02 -6.116175124770961702e-02
-1.969113324958016165e-02 -5.892917825258336961e-02
-1.756702277998556383e-02 -6.127065964392386377e-02
-2.447351308728684671e-02 -6.894653089693747461e-02
-2.156356916020740755e-02 -6.783585561788640916e-02
-2.258796916066785343e-02 -7.631297627813182771e-02
-1.684761997967143543e-02 -7.444813891197554767e-02
-1.603568195787374862e-02 -7.094948223675601184e-02
-2.356853745368425734e-02 -7.565056715975515544e-02
-2.586850770239834674e-02 -6.592687588999979198e-02
-3.047940381293301471e-02 -5.891707676346413791e-02
-2.995170718713779934e-02 -6.544621611828915775e-02
-2.943058261371334083e-02 -6.611580992466770113e-02
-3.248553765661199577e-02 -5.898693003109656274e-02
-2.761937627292354591e-02 -6.459400834864936769e-02
-3.206127598605235107e-02 -6.144013590528629720e-02
-3.588399473301251419e-02 -6.561256115674041212e-02
-3.702548980436404236e-02 -7.021133470698259771e-02
-3.506615521109779365e-02 -7.781425220309756696e-02
-2.861418384782155044e-02 -7.461760038859210908e-02
-3.276305641702492721e-02 -6.894183656550012529e-02
-2.617385374105651863e-02 -6.755668783443979919e-02
