-8.242912898640242236e-02 6.616593809085989653e-03
-8.568710647523403168e-03 -9.741748683154582977e-03
-1.646453142166137695e-02 -1.906908303499221802e-02
-2.346991654485464096e-02 -2.821957785636186600e-02
-3.106980677694082260e-02 -3.716412838548421860e-02
-3.937769308686256409e-02 -4.543316084891557693e-02
-4.354176903143525124e-02 -5.413800384849309921e-02
-4.820161964744329453e-02 -5.673975846730172634e-02
-4.365544719621539116e-02 -6.173626077361404896e-02
-4.121993482112884521e-02 -6.472597364336252213e-02
-4.212867439491674304e-02 -5.668111424893140793e-02
-4.429177328711375594e-02 -6.401674821972846985e-02
-3.933705243980512023e-02 -6.814239080995321274e-02
-3.884211456170305610e-02 -6.529446667991578579e-02
-3.790008701616898179e-02 -6.919849338009953499e-02
-3.794493951136246324e-02 -7.417942676693201065e-02
-4.073138261446729302e-02 -6.858330406248569489e-02
-3.754896559985354543e-02 -6.822513497900217772e-02
-4.542562906863167882e-02 -7.338811352383345366e-02
-3.771764255361631513e-02 -7.499812729656696320e-02
-3.097033250378444791e-02 -8.000899944454431534e-02
-3.531305521028116345e-02 -7.519487431272864342e-02
-3.592081635724753141e-02 -7.158726640045642853e-02
-3.683937876485288143e-02 -6.372102722525596619e-02
-4.355454421602189541e-02 -6.414629740174859762e-02
-4.868309269659221172e-02 -6.367389246588572860e-02
-5.002536845859140158e-02 -7.275929156458005309e-02
-4.941867780871689320e-02 -7.993627706309780478e-02
-4.390569892711937428e-02 -7.470415293937548995e-02
-4.437689032056368887e-02 -7.671259873313829303e-02
-4.155004225322045386e-02 -8.061446290230378509e-02
-4.461751054623164237e-02 -7.552862021839246154e-02
-4.985506660887040198e-02 -7.799843110842630267e-02
-5.493346616276539862e-02 -7.830300964997150004e-02
-4.974806462996639311e-02 -7.752932232688181102e-02
-4.574440061696805060e-02 -7.776541214843746275e-02
-3.939662515767849982e-02 -8.289599510317202657e-02
-4.209860615083016455e-02 -8.190914719307329506e-02
-4.643576653324998915e-02 -8.503156514780130237e-02
-4.594393164734356105e-02 -8.221528619469609112e-02
-4.037866040016524494e-02 -8.340493949071969837e-02
-3.889480044017545879e-02 -8.031497626507189125e-02
-3.731522845919243991e-02 -7.476470489928033203e-02
-3.697588611976243556e-02 -7.538729386578779668e-02
-4.200969720841385424e-02 -6.846513498749118298e-02
-4.358891749870963395e-02 -6.605311871680896729e-02
-4.043853076291270554e-02 -7.347315612423699349e-02
-4.523637730744667351e-02 -6.872939287859480828e-02
-4.384373154607601464e-02 -7.118530098523478955e-02
-4.446162548265419900e-02 -6.787080845970194787e-02
-4.577571709523908794e-02 -6.835218450578395277e-02
