-9.266152732578082640e-02 -1.239891818506316801e-02
-9.094741195440292358e-03 -9.699092246592044830e-03
-1.843081042170524597e-02 -1.915374491363763809e-02
-2.732231002300977707e-02 -2.597435237839818001e-02
-3.693418949842453003e-02 -3.441450512036681175e-02
-4.567329119890928268e-02 -4.095872677862644196e-02
-5.477601382881402969e-02 -4.503703862428665161e-02
-6.375450361520051956e-02 -5.021675070747733116e-02
-7.347212918102741241e-02 -4.834839666727930307e-02
-8.271073177456855774e-02 -5.615311965811997652e-02
-7.887395936995744705e-02 -5.855363339651376009e-02
-8.231136505492031574e-02 -6.404753413517028093e-02
-8.320766093675047159e-02 -6.237277830950915813e-02
-8.207932591903954744e-02 -5.829036072827875614e-02
-8.944689214695245028e-02 -5.288542830385267735e-02
-8.199185330886393785e-02 -5.515071167610585690e-02
-7.685632922220975161e-02 -4.663189197890460491e-02
-8.354484161827713251e-02 -4.827347781974822283e-02
-8.632860251236706972e-02 -5.595919128973037004e-02
-8.841761888470500708e-02 -5.569084282615222037e-02
-9.285839123185724020e-02 -6.183657996007241309e-02
-8.586083713453263044e-02 -5.274831145652569830e-02
-9.172325243707746267e-02 -5.085950941429473460e-02
-9.066786640323698521e-02 -4.828131283284164965e-02
-9.101294449646957219e-02 -4.725351420347578824e-02
-9.122706761991139501e-02 -5.001576853101141751e-02
-9.679371349920984358e-02 -5.429523394559510052e-02
-9.447198871930595487e-02 -5.693604101543314755e-02
-9.934647472982760519e-02 -5.691375960850564297e-02
-9.767760905378963798e-02 -5.415706620806304272e-02
-9.791000696714036167e-02 -5.793442232788947877e-02
-9.298634991864673793e-02 -6.662977515043166932e-02
-8.606793262879364192e-02 -6.073544947685149964e-02
-9.158527801628224552e-02 -5.395961767317203339e-02
-9.421543192001990974e-02 -5.718133813024905976e-02
-8.677698226529173553e-02 -5.439653997564164456e-02
-8.596871109330095351e-02 -4.750575921752897557e-02
-8.849655292578972876e-02 -5.428942577236739453e-02
-9.411011092015542090e-02 -5.642057657496479806e-02
-9.372025006450712681e-02 -6.129794176922587212e-02
-8.582264208234846592e-02 -6.414550827139464673e-02
-9.259045333601534367e-02 -6.086053191938844975e-02
-9.965437068603932858e-02 -6.725128093057719525e-02
-9.248398314230144024e-02 -6.864477070303109940e-02
-9.208295118878595531e-02 -7.358712218956497964e-02
-8.701723112608306110e-02 -7.287620804527250584e-02
-8.611811653827317059e-02 -6.894099251621810254e-02
-8.496576329343952239e-02 -7.354620336809603032e-02
-7.915821360074914992e-02 -7.699035275982168969e-02
-8.087546032038517296e-02 -7.058903696270135697e-02
-7.552321141702122986e-02 -6.744129075923410710e-02
