-9.848644310424205239e-02 -3.266735667375303409e-02
-9.762049652636051178e-03 -9.545234031975269318e-03
-1.939480286091566086e-02 -1.947419997304677963e-02
-2.873319014906883240e-02 -2.802356239408254623e-02
-3.714414872229099274e-02 -3.784556407481431961e-02
-4.557168763130903244e-02 -4.154904186725616455e-02
-5.462128575891256332e-02 -5.008264444768428802e-02
-6.339095532894134521e-02 -5.943131167441606522e-02
-6.924387859180569649e-02 -6.695453822612762451e-02
-7.874737912788987160e-02 -7.501261867582798004e-02
-8.633389137685298920e-02 -7.011197833344340324e-02
-8.460977580398321152e-02 -7.389015937224030495e-02
-8.450999762862920761e-02 -7.437469504657201469e-02
-8.648147480562329292e-02 -7.347602510708384216e-02
-8.992427471093833447e-02 -7.088678746367804706e-02
-9.308593696914613247e-02 -6.679316793452017009e-02
-9.405259194318205118e-02 -6.917479375260882080e-02
-8.788206393364816904e-02 -7.009930527419783175e-02
-9.279860660899430513e-02 -6.667534625739790499e-02
-9.917442279402166605e-02 -6.298430138849653304e-02
-9.828593092970550060e-02 -6.574508958146907389e-02
-9.043827629648149014e-02 -6.392446093377657235e-02
-9.217797615565359592e-02 -6.078538115252740681e-02
-8.444622275419533253e-02 -5.818946546060033143e-02
-8.775484794750809669e-02 -6.327472699922509491e-02
-9.288483299314975739e-02 -6.475954005145467818e-02
-9.598473110236227512e-02 -6.047009085887111723e-02
-9.058536938391625881e-02 -6.823876654380001128e-02
-9.635984175838530064e-02 -6.735593118355609477e-02
-1.020474478136748075e-01 -6.944158292026259005e-02
-9.532361826859414577e-02 -6.785438038059510291e-02
-9.627700049895793200e-02 -6.916348068625666201e-02
-9.683588403277099133e-02 -6.744649264146573842e-02
-9.218093403615057468e-02 -6.220510604907758534e-02
-9.353594668209552765e-02 -6.767173626576550305e-02
-9.849723149091005325e-02 -7.221494804252870381e-02
-9.344313899055123329e-02 -6.856335772317834198e-02
-9.269269031938165426e-02 -6.574731718865223229e-02
-9.515797824133187532e-02 -5.959522051853127778e-02
-9.333865856751799583e-02 -5.229775726911611855e-02
-9.188749291934072971e-02 -5.766229963046498597e-02
-1.006400755140930414e-01 -6.453759621945209801e-02
-1.002529791148845106e-01 -6.237828687881119549e-02
-1.027337446867022663e-01 -5.794923289795406163e-02
-9.698410696000792086e-02 -5.950870251399464905e-02
-1.034947311563882977e-01 -6.496268304181285203e-02
-1.001351190789137036e-01 -7.053278878447599709e-02
-9.755727430456317961e-02 -6.614808159065432847e-02
-9.498101487406529486e-02 -6.556529123918153346e-02
-9.088644306757487357e-02 -7.247963538975454867e-02
-9.347001826972700655e-02 -7.668523062602616847e-02
