-5.328552476357212297e-02 -1.346206408074929750e-01
-9.460650384426116943e-03 -9.682215750217437744e-03
-1.873067114502191544e-02 -1.912554632872343063e-02
-2.812517993152141571e-02 -2.910064626485109329e-02
-3.744950704276561737e-02 -3.882278781384229660e-02
-3.446141653694212437e-02 -4.804646316915750504e-02
-3.890015301294624805e-02 -5.776815675199031830e-02
-4.363265517167747021e-02 -6.729734037071466446e-02
-4.130040900781750679e-02 -7.656057458370923996e-02
-4.099739450612105429e-02 -8.496375847607851028e-02
-4.481418375507928431e-02 -8.969148807227611542e-02
-4.950022223056294024e-02 -9.926696214824914932e-02
-4.588235742994584143e-02 -1.017624069936573505e-01
-4.095056062215007842e-02 -9.732360253110527992e-02
-3.772503152140416205e-02 -1.040219743736088276e-01
-3.845647643902339041e-02 -1.114429580047726631e-01
-4.397390843951143324e-02 -1.091346275061368942e-01
-4.472910406184382737e-02 -1.093534760875627398e-01
-3.773571018246002495e-02 -1.035805301507934928e-01
-3.105680717271752656e-02 -1.056007979204878211e-01
-3.163116527139209211e-02 -1.005549336550757289e-01
-2.805847240961156785e-02 -1.040474869078025222e-01
-3.554616015753708780e-02 -1.031462789978832006e-01
-3.974189594737254083e-02 -1.073642533738166094e-01
-4.120870187762193382e-02 -1.029155643191188574e-01
-3.268684513750486076e-02 -9.563271352089941502e-02
-3.711849192040972412e-02 -9.855211665853857994e-02
-3.145810842397622764e-02 -1.013782182708382607e-01
-2.732113862293772399e-02 -1.034840897191315889e-01
-2.868863960611633956e-02 -9.853393840603530407e-02
-3.108014955068938434e-02 -1.015398565214127302e-01
-3.499889557133428752e-02 -1.023393270443193614e-01
-3.381323520443402231e-02 -1.035908457706682384e-01
-3.187689019250683486e-02 -1.113570967572741210e-01
-3.825506588327698410e-02 -1.049131696927361190e-01
-3.552147067966870964e-02 -1.025243717595003545e-01
-3.190889276447705925e-02 -1.005599600612185895e-01
-3.323092494974844158e-02 -9.700558375334367156e-02
-3.009371549705974758e-02 -9.945518866879865527e-02
-2.330466077546589077e-02 -1.024844282655976713e-01
-2.857831257279030979e-02 -9.906142292311415076e-02
-3.434018601546995342e-02 -1.037540882243774831e-01
-3.132276769611053169e-02 -1.043872599839232862e-01
-3.236326688784174621e-02 -1.027982228551991284e-01
-2.770906567457132041e-02 -1.000397783354856074e-01
-3.156712881173007190e-02 -9.510614449391141534e-02
-3.529496767441742122e-02 -9.602316911332309246e-02
-3.848783831926994026e-02 -9.242242644540965557e-02
-3.968060409533791244e-02 -9.152779768919572234e-02
-4.408589584636501968e-02 -9.561033261707052588e-02
-4.107409596326760948e-02 -9.887835447443649173e-02
