-3.597620488508187359e-02 -1.433044086957664387e-01
6.303082685917615891e-03 -9.860898368060588837e-03
4.865748924203217030e-03 -1.954861730337142944e-02
1.114542933646589518e-02 -2.903763763606548309e-02
9.541290812194347382e-03 -3.871255740523338318e-02
1.737979985773563385e-02 -4.818204510957002640e-02
1.913208339828997850e-02 -5.767799913883209229e-02
1.159203855786472559e-02 -6.762531585991382599e-02
6.148539599962532520e-03 -7.735136058181524277e-02
6.845547934062778950e-03 -8.656404539942741394e-02
7.688355224672704935e-03 -9.633102361112833023e-02
9.204064321238547564e-03 -1.025316421873867512e-01
8.915896731195971370e-03 -1.084314319305121899e-01
1.157408018480055034e-02 -1.047058841213583946e-01
1.162187714726314880e-02 -1.008136032614856958e-01
1.210270781666622497e-02 -1.035094200633466244e-01
1.495529414751217701e-02 -1.017087768996134400e-01
1.683593384586856700e-02 -1.086757002631202340e-01
2.068140852861688472e-02 -1.092553792404942214e-01
2.685175772421644069e-02 -1.091212354076560587e-01
2.352706558667705394e-02 -1.025193676759954542e-01
2.446121222237707116e-02 -1.085216573846992105e-01
2.123060112717212178e-02 -1.113689151534345001e-01
2.098462827052571811e-02 -1.040697066055145115e-01
2.640846980284550227e-02 -1.104854811856057495e-01
2.255461298409500159e-02 -1.057956210279371589e-01
1.912639828879036941e-02 -1.079445549694355577e-01
2.351803265992202796e-02 -1.045285913569387048e-01
2.593655538294115104e-02 -1.062219486047979444e-01
2.865586339976289310e-02 -1.030977627669926733e-01
2.530875153388478793e-02 -1.091585358080919832e-01
3.143562985133030452e-02 -1.151744624075945467e-01
3.701291841935017146e-02 -1.083971307089086622e-01
3.203414383824565448e-02 -1.140859707666095346e-01
3.744409748833277263e-02 -1.061606289295013994e-01
2.951765669058659114e-02 -1.061669398691265087e-01
2.921775772483670153e-02 -1.142052073623744946e-01
3.443301373408758081e-02 -1.054377124305574398e-01
3.403372341199428774e-02 -1.039976987881345849e-01
3.457273298772634007e-02 -1.032600340909084480e-01
3.631151724039227702e-02 -1.054118153183480899e-01
3.669070647811167873e-02 -1.026690135254284542e-01
3.114114524578326382e-02 -9.893321860681680846e-02
3.505917880465858616e-02 -1.020571504263898532e-01
3.539458365776226856e-02 -9.984275079432336497e-02
3.535881371863069944e-02 -1.080672455495914619e-01
3.835373477704706602e-02 -1.070232487759312789e-01
3.588473809577408247e-02 -1.139786814815124671e-01
3.453780607014778070e-02 -1.079302670909783046e-01
3.302261187855037861e-02 -9.897491973924843478e-02
2.476592130187782459e-02 -1.015810708991011779e-01
