2.317275709522919475e-02 -1.472780721879576871e-01
8.326834999024868011e-03 -9.570089168846607208e-03
1.795675698667764664e-02 -1.856390945613384247e-02
2.732286881655454636e-02 -2.827522065490484238e-02
3.624760359525680542e-02 -3.804310411214828491e-02
4.523163195699453354e-02 -4.789085127413272858e-02
5.391007009893655777e-02 -5.665545258671045303e-02
5.950912274420261383e-02 -6.436388846486806870e-02
5.914639690308831632e-02 -6.732549238950014114e-02
6.710892738192342222e-02 -7.147388625890016556e-02
6.383017971529625356e-02 -7.982606720179319382e-02
6.324327664333395660e-02 -7.412269897758960724e-02
6.624005499179475009e-02 -8.018961781635880470e-02
6.034328413079492748e-02 -8.366626850329339504e-02
6.610565117443911731e-02 -7.760052313096821308e-02
6.510897210682742298e-02 -8.337779738940298557e-02
6.658033895655535161e-02 -9.219847363419830799e-02
6.187770664109848440e-02 -8.450414217077195644e-02
6.448005730635486543e-02 -8.551658666692674160e-02
6.089753573178313673e-02 -8.341447752900421619e-02
6.369064757018350065e-02 -7.797733717598021030e-02
6.716985636739991605e-02 -8.735410519875586033e-02
7.025966452783904970e-02 -8.517786930315196514e-02
6.705747367232106626e-02 -8.720929501578211784e-02
6.370841860189102590e-02 -8.675561664858832955e-02
6.798929683282040060e-02 -8.266438968712463975e-02
6.039289766340516508e-02 -9.119206905597820878e-02
6.711464570253156126e-02 -8.867111807921901345e-02
5.923987374990247190e-02 -9.031938615953549743e-02
5.675360662280581892e-02 -9.307529259240254760e-02
5.669283193856244907e-02 -9.679587412392720580e-02
6.113672421633964404e-02 -9.939473302802070975e-02
5.604516693711047992e-02 -9.128530783345922828e-02
6.337276173144346103e-02 -9.078455728013068438e-02
6.441020443890010938e-02 -9.143559675430878997e-02
6.957956254336750135e-02 -9.372025885386392474e-02
6.583812893222784624e-02 -8.756626787362620234e-02
6.442155423428630456e-02 -8.559776603942736983e-02
5.861899736191844568e-02 -8.329740114277228713e-02
6.086404449160909280e-02 -8.724500139942392707e-02
5.592792029347037897e-02 -8.423283294541761279e-02
5.542608020914485678e-02 -9.220649366034194827e-02
6.162772417155792937e-02 -9.251544359722174704e-02
6.437191363511374220e-02 -8.636728176497854292e-02
7.125840285880258307e-02 -9.433543650084175169e-02
7.045570832997327670e-02 -8.718068586313165724e-02
6.516571554675465450e-02 -8.061763751902617514e-02
6.514352592967043165e-02 -8.497207253822125494e-02
6.282721073694119696e-02 -8.228554451488889754e-02
6.618989245362172369e-02 -8.779957718797959387e-02
7.099472531444916967e-02 -8.082799395197071135e-02
