7.842351280917778111e-02 1.204637490352461482e-02
9.483170695602893829e-03 -9.725270792841911316e-03
1.849145162850618362e-02 -1.914768572896718979e-02
2.782469801604747772e-02 -2.817840874195098877e-02
3.735101036727428436e-02 -3.682849556207656860e-02
4.702957905828952789e-02 -4.374041687697172165e-02
5.670665949583053589e-02 -5.199388135224580765e-02
6.292445491999387741e-02 -5.399618181400001049e-02
6.066232873126864433e-02 -5.437657746369950473e-02
6.329288077540695667e-02 -4.649212068761698902e-02
6.541844084858894348e-02 -5.315757679636590183e-02
7.058331416919827461e-02 -5.288324641878716648e-02
7.728796871379017830e-02 -4.447288482333533466e-02
7.780398876639083028e-02 -3.767381186480633914e-02
7.837697415379807353e-02 -4.097437855671159923e-02
7.673084229463711381e-02 -4.874024863238446414e-02
7.938209624262526631e-02 -4.072074076975695789e-02
7.351273699896410108e-02 -4.009351515560410917e-02
7.380380673566833138e-02 -4.136845967150293291e-02
7.551116630202159286e-02 -3.432992132729850709e-02
8.175781409954652190e-02 -3.204680592170916498e-02
8.531006489647552371e-02 -3.113343034056015313e-02
8.517003570159431547e-02 -3.310840766062028706e-02
8.690988329180981964e-02 -3.950197531958110631e-02
8.217995577433612198e-02 -3.516997772385366261e-02
8.392873102275189012e-02 -3.166758015868254006e-02
7.744800274667795748e-02 -3.943445792538113892e-02
8.505645183322485536e-02 -3.937158337066648528e-02
8.413932354596909136e-02 -3.982876828376902267e-02
8.848643790406640619e-02 -3.274256997246993706e-02
8.026789709401782602e-02 -3.422067994688404724e-02
8.481262832356151193e-02 -3.527563559327973053e-02
8.430659565783571452e-02 -3.375015960045857355e-02
7.684101564518641680e-02 -2.773692824848694727e-02
7.144848704047035426e-02 -2.721505384397460148e-02
7.776851746893953532e-02 -3.223568066459847614e-02
7.588382279209326953e-02 -3.974579186615301296e-02
8.291797879792284220e-02 -4.065219609037740156e-02
8.511758926033508033e-02 -4.299883444764418527e-02
8.326814898464363068e-02 -4.940159798570675775e-02
8.321045824777684174e-02 -4.163268947013420984e-02
7.935286356587312184e-02 -3.959236776427133009e-02
8.619350005392334424e-02 -4.267775330663425848e-02
8.417697480399510823e-02 -3.868093404889805242e-02
8.053118755560717545e-02 -4.056355024658842012e-02
8.367877752971253358e-02 -4.750680358120007440e-02
8.770286358412704431e-02 -4.677809867280302569e-02
8.040475679081282578e-02 -4.250483912619529292e-02
8.962681816410622559e-02 -4.795796144026098773e-02
8.839188978527090512e-02 -4.025178681331453845e-02
9.175389931988320313e-02 -4.075971792190102860e-02
