6.411950934442763039e-02 2.673779069943217623e-02
9.837065823376178741e-03 -9.880922734737396240e-03
1.919314265251159668e-02 -1.958403084427118301e-02
2.839307300746440887e-02 -2.766739949584007263e-02
3.772379737347364426e-02 -3.349438868463039398e-02
4.758285265415906906e-02 -4.165431018918752670e-02
5.638556648045778275e-02 -4.705166257917881012e-02
6.522639933973550797e-02 -5.267818039283156395e-02
6.988842878490686417e-02 -4.495347337797284126e-02
7.277653133496642113e-02 -4.653608216904103756e-02
7.983770268037915230e-02 -4.126834427006542683e-02
7.567588845267891884e-02 -4.082107340218499303e-02
7.628843345446512103e-02 -3.486831468762829900e-02
7.640336670738179237e-02 -3.619887930108234286e-02
7.424973936576861888e-02 -4.127883183537051082e-02
7.414374144718749449e-02 -4.123800861634663306e-02
7.313846021861536428e-02 -3.895860057309619151e-02
8.021330151677830145e-02 -3.984314840272418223e-02
8.443415647343499586e-02 -4.007017294861725532e-02
8.299490162607980892e-02 -3.789218826204887591e-02
8.228128204791573808e-02 -3.313989596426836215e-02
8.023728138505248353e-02 -3.785902619347325526e-02
7.886502332257805392e-02 -4.006512634441605769e-02
8.523195329325972125e-02 -4.382381293908110820e-02
8.421713054849533364e-02 -3.725952360764495097e-02
7.643611111416248605e-02 -4.153939926982275210e-02
6.971964926196960732e-02 -3.473105778903118335e-02
6.834898620581952855e-02 -4.108478393391123973e-02
6.593486584461061284e-02 -4.529450260088196956e-02
7.192850356659619138e-02 -4.382282701772055589e-02
7.734752410760847852e-02 -3.887596467029652558e-02
7.516569608560530469e-02 -3.445642601218423806e-02
8.361999282351462170e-02 -3.399465931215672754e-02
7.912306917569367215e-02 -2.727152732768445276e-02
7.298843061289517209e-02 -3.474248200291185640e-02
8.043272059148875996e-02 -4.069975157835870050e-02
8.186229981220094487e-02 -3.596388129153638147e-02
7.846823089494137093e-02 -3.785610338309197687e-02
7.180142669676570222e-02 -3.486902149961679243e-02
6.737312010227469727e-02 -3.848985931472270750e-02
7.297532480879453942e-02 -4.155020136022358201e-02
7.495005043892888352e-02 -3.736025234320550226e-02
6.886258569284109399e-02 -3.381745237493305467e-02
7.680907227768329903e-02 -4.316630400353460573e-02
7.223492988123325631e-02 -3.632137132444768213e-02
6.760104872955707833e-02 -4.411665815496235155e-02
6.229574127792147920e-02 -3.967660572016029619e-02
7.175826734601287171e-02 -3.946453120079240762e-02
6.517139577044872567e-02 -4.530241872635087930e-02
6.136997497378615662e-02 -3.790060311075649224e-02
6.936039390711812302e-02 -4.322153396424255334e-02
