8.520933838894384146e-03 4.963630706982864738e-02
-2.871198579668998718e-03 -9.785327129065990448e-03
-6.274667801335453987e-03 -1.874051522463560104e-02
2.618795959278941154e-03 -2.670145779848098755e-02
2.331586205400526524e-03 -3.650782629847526550e-02
7.776634884066879749e-03 -4.612485412508249283e-02
6.446242565289139748e-03 -5.199859198182821274e-02
1.402099360711872578e-02 -5.960312345996499062e-02
1.663494575768709183e-02 -6.512781325727701187e-02
1.392395258881151676e-02 -6.833917554467916489e-02
9.711192222312092781e-03 -6.397140910848975182e-02
1.497011468745768070e-02 -6.665135663934051991e-02
7.845504442229866982e-03 -6.688652557204477489e-02
1.386050204746425152e-02 -6.859261551289819181e-02
1.187555887736380100e-02 -7.534930956899188459e-02
1.872368319891393185e-02 -7.678328579640947282e-02
1.880220516613917425e-02 -7.735888424213044345e-02
2.469000925339059904e-02 -6.996737417648546398e-02
2.029983892134623602e-02 -7.009763117821421474e-02
2.145216003555105999e-02 -6.573503358231391758e-02
1.802464499633060768e-02 -6.897669062891509384e-02
2.098597301664995030e-02 -7.250257102714385837e-02
2.021712618443416432e-02 -6.906129802518989891e-02
2.339812945137964562e-02 -6.684947093890514225e-02
2.278417122579412535e-02 -6.347966530302073807e-02
1.705984544969396666e-02 -6.767757992201950401e-02
1.385144197411136702e-02 -7.512326129653956741e-02
1.409733019681880251e-02 -7.688201194105204195e-02
1.825015390204498544e-02 -8.479425193218048662e-02
2.240710429759928957e-02 -9.351578143832739443e-02
2.425643258175114170e-02 -8.911657960561569780e-02
2.306717684405157343e-02 -8.511680153605993837e-02
2.096278852695832029e-02 -8.222470803593751043e-02
2.293883151287445799e-02 -7.398883158748503774e-02
1.984317604365060106e-02 -8.122531649132724851e-02
1.969178382569225505e-02 -8.002681609650608152e-02
2.237708855682285503e-02 -7.729545234178658575e-02
2.729573508986504748e-02 -7.875423667428549379e-02
3.162857879215152934e-02 -7.709067348332609981e-02
3.708188131713541225e-02 -7.078459519834723324e-02
3.169991530739935115e-02 -7.514244584308471531e-02
3.244338191143469885e-02 -8.221929134742822498e-02
3.064395889668958262e-02 -8.594717374944593757e-02
2.968035027879523113e-02 -8.372665998467709869e-02
3.267662920552538708e-02 -8.199061510094907135e-02
3.678942233818816021e-02 -8.347543059790041298e-02
3.699495702312560752e-02 -8.914959720277693123e-02
3.321048536599846557e-02 -8.834821752679999918e-02
3.487615020276280120e-02 -8.439365703088697046e-02
3.863484890462132171e-02 -7.895543541235383600e-02
4.204265506268711761e-02 -8.143962452595587820e-02
