-2.874169619172087242e-02 4.578055596008417938e-02
8.929917588829994202e-03 -9.567830711603164673e-03
1.777975074946880341e-02 -1.955952960997819901e-02
2.047034003771841526e-02 -2.912253513932228088e-02
3.024796885438263416e-02 -3.907861374318599701e-02
3.872093115933239460e-02 -4.862729646265506744e-02
3.794820228358730674e-02 -5.849525518715381622e-02
3.144611039897426963e-02 -6.293489690870046616e-02
3.326627885689958930e-02 -7.200017385184764862e-02
4.102877614786848426e-02 -7.914891466498374939e-02
4.928460245719179511e-02 -8.643960393965244293e-02
5.572108359774574637e-02 -9.089741995558142662e-02
6.254534091567620635e-02 -8.998745377175509930e-02
5.990538460901007056e-02 -9.369916538707911968e-02
5.318702239310368896e-02 -8.779615047387778759e-02
5.762689228868111968e-02 -8.470193506218492985e-02
6.189158553024753928e-02 -8.918193704448640347e-02
5.637381266569718719e-02 -9.111793164629489183e-02
5.915848206495866179e-02 -9.266252047382295132e-02
6.313175003742799163e-02 -9.386487130541354418e-02
5.895117804175242782e-02 -8.689147152472287416e-02
6.098202982684597373e-02 -9.301408298779278994e-02
5.356517009204253554e-02 -9.440965065732598305e-02
5.975050147389993072e-02 -1.021856730803847313e-01
6.375291611766442657e-02 -9.999248315580189228e-02
6.442645099014043808e-02 -1.028781882487237453e-01
5.702299438416957855e-02 -1.042357870610430837e-01
5.432529724203050137e-02 -1.002984341466799378e-01
6.118820817209780216e-02 -9.497481223661452532e-02
6.168375757988542318e-02 -9.018727170769125223e-02
6.255088833859190345e-02 -9.576381754595786333e-02
6.180489866528660059e-02 -9.135399677325040102e-02
5.785899574402719736e-02 -9.627609804738312960e-02
5.837695649825036526e-02 -9.770126652438193560e-02
5.413451069034636021e-02 -9.178934677038341761e-02
5.254552722908556461e-02 -9.815213049296289682e-02
4.946452146396040916e-02 -9.065182798076421022e-02
5.007205012952908874e-02 -9.355216857511550188e-02
4.952008969848975539e-02 -9.667288104537874460e-02
5.147392273647710681e-02 -9.751315927132964134e-02
4.767557274317368865e-02 -9.650677419267594814e-02
4.789639840601012111e-02 -8.914866927079856396e-02
4.686434700852259994e-02 -8.341575856320559978e-02
4.113449103897437453e-02 -8.808909100480377674e-02
4.603740101447328925e-02 -9.552109637297689915e-02
4.895984282484278083e-02 -8.726817579008638859e-02
4.447443544631823897e-02 -8.388401847332715988e-02
3.888547135284170508e-02 -8.557016053237020969e-02
4.704623849829658866e-02 -8.924153470434248447e-02
4.696735949983121827e-02 -9.245821973308920860e-02
5.073304009420098737e-02 -8.319002809002995491e-02
