-4.874893557376121234e-02 3.731289297936062066e-02
-4.832132719457149506e-03 -9.801251813769340515e-03
7.752599194645881653e-04 -1.970994099974632263e-02
7.044391706585884094e-03 -2.754697855561971664e-02
1.359363319352269173e-02 -3.730631619691848755e-02
1.942486502230167389e-02 -4.512474127113819122e-02
2.703548735007643700e-02 -5.331597756594419479e-02
3.007364924997091293e-02 -6.324884202331304550e-02
3.214463638141751289e-02 -7.216785475611686707e-02
3.374322224408388138e-02 -8.156517986208200455e-02
4.085323493927717209e-02 -9.084095619618892670e-02
4.962642956525087357e-02 -9.235411486588418484e-02
5.576997809112071991e-02 -9.420559962745755911e-02
6.123270560055971146e-02 -9.355096780927851796e-02
5.454412801191210747e-02 -9.485106315696612000e-02
5.130992108024656773e-02 -1.005057814181782305e-01
4.673073696903884411e-02 -9.659109875792637467e-02
4.933136259205639362e-02 -9.685256169177591801e-02
4.402097943238914013e-02 -9.895768854767084122e-02
4.526946309488266706e-02 -9.804608795093372464e-02
4.753518232610076666e-02 -1.054506374639458954e-01
4.569282184820622206e-02 -9.665178583236411214e-02
3.941799595486372709e-02 -9.501449513481929898e-02
4.588689876254647970e-02 -9.624697844265028834e-02
4.257016733754426241e-02 -1.021998912910930812e-01
3.914279129821807146e-02 -1.013560504652559757e-01
4.397458082530647516e-02 -9.473841870203614235e-02
3.691433288622647524e-02 -9.825694048777222633e-02
4.016464448068290949e-02 -9.773545706411823630e-02
3.975719309528358281e-02 -9.155003534397110343e-02
4.113463489920832217e-02 -8.694920543348416686e-02
4.469740475178696215e-02 -9.110904432600364089e-02
4.008048531250096858e-02 -9.202958201058208942e-02
4.634421216906048357e-02 -9.854146582074463367e-02
5.423362544388510287e-02 -9.567819698713719845e-02
4.974926300928927958e-02 -9.953288407996296883e-02
5.022672482300549746e-02 -1.032571073155850172e-01
4.816894012037664652e-02 -9.897259692661464214e-02
4.263209796044975519e-02 -9.352610330097377300e-02
4.115445772185921669e-02 -9.753232938237488270e-02
4.259580525103956461e-02 -9.431948419660329819e-02
3.769200586248189211e-02 -8.572912029922008514e-02
3.692094708094373345e-02 -9.447291959077119827e-02
3.646158004994504154e-02 -9.743282548151910305e-02
3.834144966094754636e-02 -9.873729874379932880e-02
3.729719363036565483e-02 -9.374654130078852177e-02
4.648447941872291267e-02 -9.494127996731549501e-02
4.676933001610450447e-02 -8.811873674858361483e-02
4.139189721900038421e-02 -8.278327959123998880e-02
3.453044846537522972e-02 -8.989510138053447008e-02
3.769171910244040191e-02 -9.338646370451897383e-02
