-9.982449974174256724e-02 -4.407807030514231117e-02
7.400917820632457733e-04 -9.605620987713336945e-03
4.636641591787338257e-03 -1.945204939693212509e-02
7.736730389297008514e-03 -2.892731875181198120e-02
8.144309336785227060e-03 -3.834970388561487198e-02
2.428783627692610025e-03 -4.761411994695663452e-02
-2.268755284603685141e-03 -5.678663030266761780e-02
4.930510709527879953e-03 -6.664479896426200867e-02
-4.685301682911813259e-04 -7.638924475759267807e-02
-6.350357027258723974e-03 -8.449436537921428680e-02
-8.219338662456721067e-03 -7.955410378053784370e-02
-1.001271238783374429e-02 -8.721890999004244804e-02
-1.055914751486852765e-02 -9.601027658209204674e-02
-5.263000552076846361e-03 -8.923813188448548317e-02
-6.649904011283069849e-03 -8.483549905940890312e-02
2.733468427322804928e-04 -8.030396420508623123e-02
1.344820193480700254e-03 -8.898094389587640762e-02
-1.609203929547220469e-03 -8.633568510413169861e-02
-9.891582885757088661e-04 -9.260374493896961212e-02
-2.257238724268972874e-03 -9.948291955515742302e-02
4.728686413727700710e-03 -1.048583528026938438e-01
1.044501352589577436e-02 -9.995885007083415985e-02
1.759701769333332777e-02 -9.766539931297302246e-02
1.761032740978407674e-02 -8.919516019523143768e-02
1.419271279519307427e-02 -8.990498114144429564e-02
1.692400367392110638e-02 -8.715108217438682914e-02
1.575072081686812453e-02 -7.927141984691843390e-02
1.746267704220372252e-02 -7.818614569259807467e-02
1.670200675653177314e-02 -8.718388777924701571e-02
1.717971176185528748e-02 -8.241281396476551890e-02
1.648018990454147570e-02 -8.805121964542195201e-02
2.089488428828190081e-02 -8.983235416235402226e-02
1.566748848927090876e-02 -9.507291280897334218e-02
1.720612150893430226e-02 -9.519361578713869676e-02
1.623278365514124744e-02 -9.757757084298646078e-02
1.145794869444216602e-02 -9.877751129533862695e-02
1.735467066100682132e-02 -9.627420934702968225e-02
1.625466635960037820e-02 -9.751457304082578048e-02
2.226706045257742517e-02 -1.035495419273502193e-01
2.396301050248439424e-02 -1.000213572042412125e-01
2.866817601534421556e-02 -9.157744843832915649e-02
2.795136881104554050e-02 -9.862738058291142806e-02
3.139741134873474948e-02 -9.450390378333395347e-02
3.419069245501304977e-02 -8.959212342597311363e-02
3.768016768663073890e-02 -9.599087342940038070e-02
3.664099644447560422e-02 -9.761965195502853021e-02
3.985447586092050187e-02 -1.029621820416650735e-01
4.115226804788107984e-02 -9.509291606809711084e-02
3.937354146546567790e-02 -9.002897715981816873e-02
4.364677726334775798e-02 -8.715795390162384138e-02
4.394354878968442790e-02 -8.163837799656903371e-02
