-6.138911937063669388e-02 -1.289390652522419967e-01
1.250698580406606197e-03 -9.852321818470954895e-03
7.411553873680531979e-03 -1.928125973790884018e-02
2.927789813838899136e-03 -2.905591297894716263e-02
2.607184782391414046e-03 -3.839540295302867889e-02
-1.439719140762463212e-03 -4.770063050091266632e-02
6.788821279769763350e-03 -5.612055305391550064e-02
6.524518539663404226e-04 -6.356575526297092438e-02
-1.004922582069411874e-03 -7.279303669929504395e-02
-2.947942732134833932e-03 -8.144627232104539871e-02
-2.677580836461856961e-03 -9.087030868977308273e-02
4.344437242252752185e-03 -9.936228767037391663e-02
6.452141999034211040e-03 -1.048898650333285332e-01
1.781487575499340892e-03 -1.082109285052865744e-01
2.054392214631661773e-03 -1.042686274740844965e-01
9.531353454804047942e-03 -1.027067998657003045e-01
4.039354942506179214e-03 -1.102270801784470677e-01
4.634268989320844412e-04 -1.038417300442233682e-01
-1.354529667878523469e-03 -1.071283099008724093e-01
-4.865595983574166894e-03 -1.033222697442397475e-01
-8.821121795335784554e-03 -1.105317323235794902e-01
-1.550116753787733614e-02 -1.098755233688279986e-01
-7.898137351730838418e-03 -1.117117123212665319e-01
-2.254411956528201699e-03 -1.160097878891974688e-01
1.751784322550520301e-03 -1.186676197685301304e-01
-2.718562638619914651e-03 -1.134985168464481831e-01
-3.091148886596783996e-03 -1.074088774621486664e-01
-4.312081466196104884e-03 -1.047980438452214003e-01
-6.501244351966306567e-03 -1.104642383288592100e-01
-3.032907348824664950e-03 -1.052719822619110346e-01
-8.729830820811912417e-03 -1.145430395845323801e-01
-3.399833542061969638e-03 -1.144985912105767056e-01
-1.213355964864604175e-02 -1.123006592242745683e-01
-9.318432275904342532e-03 -1.098573861381737515e-01
-1.202092223684303463e-02 -1.018461335188476369e-01
-1.267739405739121139e-02 -1.097946457302896306e-01
-1.079633235349319875e-02 -1.127147343213437125e-01
-9.331052278866991401e-03 -1.107452515716431662e-01
-9.501892898697406054e-03 -1.197258256579516456e-01
-1.065715664299204946e-02 -1.162635159416822717e-01
-9.833763819187879562e-03 -1.210225999093381688e-01
-1.198565959930419922e-02 -1.131396416312782094e-01
-4.491850268095731735e-03 -1.049130774772493169e-01
-2.661613398231565952e-03 -1.035439850966213271e-01
-3.444336820393800735e-03 -1.020005050086183473e-01
-2.890196046791970730e-03 -1.043641402357025072e-01
-9.332431829534471035e-03 -1.059114363015396520e-01
1.614695647731423378e-04 -1.111698316381080076e-01
2.830584649927914143e-03 -1.152202950761420652e-01
2.677912125363945961e-04 -1.070362821192247793e-01
1.352328690700232983e-04 -1.085848644579527900e-01
