-2.540340693555780127e-02 -1.467195270670119400e-01
-9.285440668463706970e-03 -9.961953386664390564e-03
-1.811465248465538025e-02 -1.984282117336988449e-02
-2.658707369118928909e-02 -2.975773252546787262e-02
-3.581488132476806641e-02 -3.973628580570220947e-02
-4.218428907915949821e-02 -4.940980486571788788e-02
-4.834780422970652580e-02 -5.896076187491416931e-02
-5.270288651809096336e-02 -6.651367107406258583e-02
-4.616855224594473839e-02 -7.603732449933886528e-02
-4.722000611945986748e-02 -8.562831440940499306e-02
-4.155701445415616035e-02 -9.449383104220032692e-02
-4.331535799428820610e-02 -1.030290019698441029e-01
-4.790885699912905693e-02 -1.110269273631274700e-01
-4.809361351362895221e-02 -1.147535259369760752e-01
-4.105010190687607974e-02 -1.132104976568371058e-01
-4.260512806649785489e-02 -1.100605328101664782e-01
-3.899042347620707005e-02 -1.159178533125668764e-01
-4.206345176498871297e-02 -1.155626942636445165e-01
-3.799176674510817975e-02 -1.079424541676416993e-01
-4.614684257830958813e-02 -1.091717426897957921e-01
-4.466400777164380997e-02 -1.152328482130542397e-01
-4.715144906367640942e-02 -1.175732127157971263e-01
-4.512741851794999093e-02 -1.176800385437672958e-01
-4.173502016055863351e-02 -1.150629513285821304e-01
-4.602923446509521455e-02 -1.149948697129730135e-01
-4.660661389061715454e-02 -1.188476704119239002e-01
-4.551569161412771791e-02 -1.168028711399529129e-01
-4.843857463856693357e-02 -1.118833039945457131e-01
-5.246328887005802244e-02 -1.180087569227907807e-01
-4.871104539779480547e-02 -1.192870387167204171e-01
-5.390434128639753908e-02 -1.178703912592027336e-01
-5.930750885454472154e-02 -1.096600349119398743e-01
-5.093500924704130739e-02 -1.091198940703179687e-01
-4.470680582744535059e-02 -1.113171536417212337e-01
-4.510017800203058869e-02 -1.158221411460544914e-01
-5.386359746626112610e-02 -1.140654420887585729e-01
-5.200555502960924059e-02 -1.174232075863983482e-01
-4.570992897788528353e-02 -1.259693653264548630e-01
-4.706058932060841471e-02 -1.233507747238036245e-01
-4.875507067481521517e-02 -1.154665256326552480e-01
-5.372674904356244951e-02 -1.237337634374853224e-01
-4.622665142233017832e-02 -1.261917367519345134e-01
-5.319127395341638476e-02 -1.278636589122470468e-01
-4.797813716868404299e-02 -1.202597919327672571e-01
-4.840762082312721759e-02 -1.139893404615577310e-01
-4.806693021964747459e-02 -1.179968103242572397e-01
-5.142367428925354034e-02 -1.275262202543672174e-01
-4.927377899002749473e-02 -1.335655989532824606e-01
-4.480225995939690620e-02 -1.279208747146185488e-01
-4.852280912746209651e-02 -1.260330668592359871e-01
-5.191066309635061771e-02 -1.177221174293663353e-01
