3.439452911161487714e-02 -1.438989689357145219e-01
8.734018541872501373e-03 -9.965590201318264008e-03
1.445440249517560005e-02 -1.986781042069196701e-02
2.306799823418259621e-02 -2.960992883890867233e-02
3.099380200728774071e-02 -3.954376187175512314e-02
2.155678486451506615e-02 -4.932027310132980347e-02
2.930112788453698158e-02 -5.907215643674135208e-02
3.691313927993178368e-02 -6.896831188350915909e-02
3.792991698719561100e-02 -7.872073911130428314e-02
4.158992343582212925e-02 -8.866716921329498291e-02
4.115613157046027482e-02 -9.839796368032693863e-02
3.714840280008502305e-02 -1.076257266104221344e-01
2.858392408234067261e-02 -1.160769686102867126e-01
3.217409065109677613e-02 -1.228296020999550819e-01
3.159259611857123673e-02 -1.309811165556311607e-01
2.635463725891895592e-02 -1.320738330250605941e-01
2.427531851571984589e-02 -1.233870316063985229e-01
2.400751307141035795e-02 -1.196484818356111646e-01
2.679784956853836775e-02 -1.276605866150930524e-01
2.990608627442270517e-02 -1.359534190269187093e-01
2.602645813021808863e-02 -1.325903331162407994e-01
2.447087701875716448e-02 -1.278223969275131822e-01
2.205783559475094080e-02 -1.328742407495155931e-01
2.241502594552002847e-02 -1.314155482687056065e-01
2.229228925716597587e-02 -1.268844772130250931e-01
2.186960233666468412e-02 -1.290385597385466099e-01
2.130344703618902713e-02 -1.278356414986774325e-01
2.177367759577464312e-02 -1.295341389486566186e-01
1.764683685905765742e-02 -1.285829549306072295e-01
1.493957736238371581e-02 -1.238756902166642249e-01
1.696608639031182975e-02 -1.308269333676435053e-01
1.327108200348448008e-02 -1.289327932172454894e-01
1.183728878095280379e-02 -1.361969551653601229e-01
1.911004450812470168e-02 -1.317540701129473746e-01
1.727197917352896184e-02 -1.363949375809170306e-01
2.547490170400124043e-02 -1.328133112401701510e-01
1.994180625479202718e-02 -1.337316685821861029e-01
1.532486492942553014e-02 -1.361113381572067738e-01
1.582742742903064936e-02 -1.310964515432715416e-01
1.171082099608611315e-02 -1.338127341587096453e-01
1.477121892094146460e-02 -1.362838598433881998e-01
1.639274896297138184e-02 -1.434326928574591875e-01
7.814646858605556190e-03 -1.426243156311102211e-01
1.528462038550060242e-02 -1.390289993141777813e-01
1.587685452250298113e-02 -1.376021821633912623e-01
2.478625600633677095e-02 -1.335896393866278231e-01
2.470968251873273402e-02 -1.309357223217375576e-01
2.019029769871849567e-02 -1.275462303892709315e-01
2.843145940278191119e-02 -1.282613818184472620e-01
2.296354302961844951e-02 -1.301206539501436055e-01
2.802111401979345828e-02 -1.325299684540368617e-01
