6.692348255546452795e-02 -1.243050972857746572e-01
9.266610257327556610e-03 -9.869814850389957428e-03
1.915231253951787949e-02 -1.944358926266431808e-02
2.880695182830095291e-02 -2.939162123948335648e-02
3.835701290518045425e-02 -3.930311556905508041e-02
4.700244590640068054e-02 -4.850222729146480560e-02
5.672646313905715942e-02 -5.846858769655227661e-02
5.633455427596345544e-02 -6.792995333671569824e-02
5.390040070051327348e-02 -7.756295893341302872e-02
5.858556652674451470e-02 -8.693660423159599304e-02
6.582273129606619477e-02 -8.811535581480711699e-02
6.473452568752691150e-02 -9.649975399952381849e-02
5.784321128157898784e-02 -9.646598796825855970e-02
5.248511227546259761e-02 -9.850350243505090475e-02
6.007370603037998080e-02 -9.810749514144845307e-02
6.398551695747300982e-02 -9.995395285659469664e-02
5.977481108857318759e-02 -9.456793419667519629e-02
5.723090510582551360e-02 -9.899852439411915839e-02
6.142421805998310447e-02 -9.919005318079143763e-02
5.546119011705741286e-02 -9.918034477686887840e-02
5.707402742700651288e-02 -9.218644798329478363e-02
5.492840457009151578e-02 -9.513854682973033050e-02
5.947122006909921765e-02 -1.007331607916057692e-01
5.853752343682572246e-02 -1.002963720175102935e-01
6.003410782432183623e-02 -1.017303262424320565e-01
5.727971059968695045e-02 -1.013580308581367717e-01
5.387286463519558311e-02 -1.104347295413390384e-01
5.582219868665561080e-02 -1.070364505803809152e-01
5.362738104304298759e-02 -1.004497489711866365e-01
5.352837296231882647e-02 -9.461999747964000562e-02
5.960091093584196642e-02 -9.687783795470750192e-02
5.899791164119960740e-02 -1.034718727978543029e-01
6.141920714435400441e-02 -1.024705195386559353e-01
5.724193249625386670e-02 -9.997485769508784870e-02
6.183423428592504933e-02 -1.084786383953542099e-01
5.712409411353291944e-02 -1.123549393896610127e-01
6.256413134542526677e-02 -1.039741621871144162e-01
6.273379358026431873e-02 -9.969711076064413646e-02
5.534903886291431263e-02 -1.045545642782599316e-01
5.254560424509691074e-02 -1.104265200492591248e-01
5.511505081813083962e-02 -1.074646807328463183e-01
6.383737008582102135e-02 -1.094905573927462683e-01
5.960994883935200050e-02 -1.079357344942764030e-01
6.170977041620062664e-02 -1.053074676829055534e-01
6.304953498329268768e-02 -1.115245669434443698e-01
5.595896737213479355e-02 -1.079755645996556268e-01
6.010852353210793808e-02 -1.022385006590411649e-01
5.420999666239367798e-02 -1.029380040645264671e-01
6.127171143452869728e-02 -1.055715088668875978e-01
6.514594419422792271e-02 -9.735249121968081454e-02
6.304640271264361218e-02 -1.066071153554730699e-01
