9.080403418328826526e-02 -9.188827253588069399e-02
7.816038094460964203e-03 -9.690982289612293243e-03
1.775629539042711258e-02 -1.947173196822404861e-02
2.753945812582969666e-02 -2.908223215490579605e-02
3.709483332931995392e-02 -3.901749383658170700e-02
4.663188103586435318e-02 -4.870431683957576752e-02
5.416120495647192001e-02 -5.817387718707323074e-02
6.363425683230161667e-02 -6.274695601314306259e-02
7.023636763915419579e-02 -6.265718545910203829e-02
7.080234831664711237e-02 -6.809895960759604350e-02
7.387616334017366171e-02 -5.921198623400414363e-02
7.777972857002168894e-02 -5.274694841500604525e-02
8.502741961274296045e-02 -5.223474666854599491e-02
7.826757768634706736e-02 -5.754719177639344707e-02
7.284243556205183268e-02 -6.222725581756094471e-02
7.568164903204888105e-02 -5.983487089542904869e-02
7.397839741315692663e-02 -5.323615056840935722e-02
6.896499951835721731e-02 -5.773712127847829834e-02
7.108825992327183485e-02 -5.741465418395819142e-02
7.048782776109874249e-02 -6.503455900383414701e-02
7.620775164104998112e-02 -6.638420897797914222e-02
8.426867169328033924e-02 -5.733102153317304328e-02
8.630325226113200188e-02 -6.471591129229636863e-02
8.550843567354604602e-02 -6.676278950908454135e-02
8.472184033598750830e-02 -5.714007037022383884e-02
7.974067784380167723e-02 -5.060776125901611522e-02
8.278582070488482714e-02 -5.203644885477842763e-02
7.879388576839119196e-02 -5.439564889093162492e-02
8.196887501981109381e-02 -5.060644215700449422e-02
8.405580406542867422e-02 -5.222113140189321712e-02
8.304011472500860691e-02 -4.747543845587642863e-02
8.638767246156930923e-02 -5.489864561968715861e-02
8.870646590366959572e-02 -5.566132878448115662e-02
7.978816842660307884e-02 -5.683549907553242519e-02
8.340498781763017178e-02 -5.217577511939452961e-02
8.192393160425126553e-02 -5.238929564802674577e-02
7.761333812959492207e-02 -5.856476665212539956e-02
7.661909156013280153e-02 -6.340051755978493020e-02
7.768857770133763552e-02 -5.807869077398208901e-02
8.085026906337589025e-02 -5.534369602537481114e-02
7.879166828934103251e-02 -5.928767204022733495e-02
7.656586274970322847e-02 -6.010166048508835956e-02
7.499846804421395063e-02 -6.793231755000306293e-02
8.159629057627171278e-02 -6.285709892836166546e-02
8.057761506643146276e-02 -5.984760569845093414e-02
8.201190421823412180e-02 -6.818636348907602951e-02
8.105750987306237221e-02 -6.204412533406866714e-02
8.594133565202355385e-02 -6.779456260119332001e-02
7.981704035773873329e-02 -6.608140240859938785e-02
8.248193305917084217e-02 -5.802085674804402515e-02
8.559910324402153492e-02 -5.195987043407512829e-02
