9.838142172067870783e-02 -3.208085213471439934e-02
9.847675450146198273e-03 -6.532398518174886703e-03
1.977285370230674744e-02 -1.626083021983504295e-02
2.967931237071752548e-02 -2.558441972360014915e-02
3.953559324145317078e-02 -3.322035633027553558e-02
4.842202179133892059e-02 -4.184646811336278915e-02
5.535337049514055252e-02 -4.238663043361157179e-02
6.356246769428253174e-02 -4.808820027392357588e-02
6.901348149403929710e-02 -4.878386453492566943e-02
7.529475493356585503e-02 -4.567794402828440070e-02
7.144647883251309395e-02 -4.430052120005711913e-02
7.878455892205238342e-02 -4.455157773918472230e-02
7.859289959014859051e-02 -4.720842078677378595e-02
7.824728863488417119e-02 -4.342185342102311552e-02
8.597749836917500943e-02 -4.505543372943066061e-02
8.207467819738667458e-02 -4.029783056466840208e-02
8.783110154035966843e-02 -3.652996951132081449e-02
8.681710557721089572e-02 -3.596929486957378685e-02
8.635261077142786235e-02 -3.666236394201405346e-02
9.239829079888295382e-02 -3.363510619965381920e-02
9.043974061205517501e-02 -3.409106860635802150e-02
8.753166468522977084e-02 -3.636411781189963222e-02
8.062097783840727061e-02 -4.328573466045781970e-02
8.422731146856676787e-02 -3.470056754304096103e-02
8.269495241984259337e-02 -3.989967628149315715e-02
7.817776971205603331e-02 -4.624964640242978930e-02
7.623381556186359376e-02 -4.139478009892627597e-02
7.281452968891244382e-02 -4.365786834387108684e-02
6.960815323691349477e-02 -4.088428191607818007e-02
6.331921966921072453e-02 -4.076849989360198379e-02
7.142544390808325261e-02 -3.862063580891117454e-02
8.012260163377504796e-02 -3.814662154763936996e-02
7.842715950391720980e-02 -3.787032541004009545e-02
7.534778215631376952e-02 -3.068172305938787758e-02
7.555180766212288290e-02 -3.680439924937672913e-02
7.415009361284319311e-02 -3.599544145981781185e-02
7.042359352635685354e-02 -3.626477101352065802e-02
7.505601529555860907e-02 -3.858227108139544725e-02
7.946048515441361815e-02 -4.170620476361364126e-02
7.317003259959165007e-02 -3.915565402712672949e-02
7.961706515925470740e-02 -3.641823923680931330e-02
7.229376609029714018e-02 -3.082035726401954889e-02
8.062539181264583021e-02 -3.723633999470621347e-02
7.766392805206123739e-02 -4.155634029302746058e-02
8.088258469069842249e-02 -4.617255285847932100e-02
7.485913952405098826e-02 -4.073553404305130243e-02
7.522704084112774581e-02 -4.514168074820190668e-02
8.097910699143540114e-02 -4.777098156046122313e-02
7.559781991585623473e-02 -4.388195148203521967e-02
7.130228965252172202e-02 -3.948274732101708651e-02
7.918743001937400550e-02 -3.394900693092495203e-02
