-1.916981599973515554e-02 4.814539293586987678e-02
-8.208497427403926849e-03 -8.118697442114353180e-03
-1.064391643740236759e-02 -1.292656874284148216e-02
-1.831860304810106754e-02 -2.256375038996338844e-02
-1.681339868810027838e-02 -2.979869628325104713e-02
-2.267232898157089949e-02 -3.727599605917930603e-02
-2.890635968651622534e-02 -4.231548635289072990e-02
-3.753371199127286673e-02 -3.637945745140314102e-02
-4.170726833399385214e-02 -4.334547417238354683e-02
-3.746131702791899443e-02 -4.129573842510581017e-02
-3.608727618120610714e-02 -3.977358003612607718e-02
-3.294797707349061966e-02 -4.383954394143074751e-02
-3.740982152521610260e-02 -4.097613214980810881e-02
-3.768266417318955064e-02 -3.457729460205882788e-02
-3.900488890940323472e-02 -3.819484950508922338e-02
-3.697372606256976724e-02 -3.835832417826168239e-02
-4.222154902527108788e-02 -4.229697395930998027e-02
-4.169448302127420902e-02 -4.700749085168354213e-02
-4.051997233182191849e-02 -5.394156786496751010e-02
-4.560060193762183189e-02 -4.674497243831865489e-02
-3.825084632262587547e-02 -4.455847150529734790e-02
-3.297550138086080551e-02 -3.879324809531681240e-02
-3.671629773452877998e-02 -4.083130319486372173e-02
-3.540109144523739815e-02 -4.146168907755054533e-02
-3.442056884523481131e-02 -4.195504981908015907e-02
-4.207641992252320051e-02 -3.717840064200572670e-02
-3.967746777925640345e-02 -3.603136885794810951e-02
-3.687596262898296118e-02 -4.309306174400262535e-02
-3.346972900908440351e-02 -4.626476179691962898e-02
-3.067367279436439276e-02 -4.181328203412704170e-02
-3.379284346010535955e-02 -3.824993289890699089e-02
-3.550387581344693899e-02 -4.664682570728473365e-02
-3.394485195167362690e-02 -3.930580822634510696e-02
-3.531013440806418657e-02 -4.169545668992213905e-02
-3.509042334917467088e-02 -3.693091051536612213e-02
-3.939850458118598908e-02 -4.383737381431274116e-02
-3.416865707549732178e-02 -4.487708557280711830e-02
-4.032096329319756478e-02 -3.825348123791627586e-02
-3.675006695266347378e-02 -3.575180770712904632e-02
-3.530432649131398648e-02 -4.398369902628473938e-02
-3.433473296172451228e-02 -4.476245815749280155e-02
-3.440105028130346909e-02 -5.190872491220943630e-02
-3.204202836059266701e-02 -5.535708830575458705e-02
-3.190214341884711757e-02 -4.726564136217348278e-02
-3.785428978881100193e-02 -4.193269924144260585e-02
-3.106602669140556827e-02 -3.912289693835191429e-02
-3.526581000915030017e-02 -3.827186781563796103e-02
-3.676977640861878172e-02 -4.545604172744788229e-02
-3.947529316792497411e-02 -4.289131230325438082e-02
-3.362629682669648901e-02 -4.816644443781115115e-02
-3.220102345949271694e-02 -4.286947511718608439e-02
