-4.034556598532490490e-02 4.149991970118768747e-02
-9.124880656599998474e-03 -9.925562888383865356e-03
-1.847208850085735321e-02 -1.689636148512363434e-02
-2.842736616730690002e-02 -2.284099766984581947e-02
-3.239019680768251419e-02 -2.947588264942169189e-02
-4.008080996572971344e-02 -3.328893007710576057e-02
-4.391156951896846294e-02 -2.794537367299199104e-02
-4.746502661146223545e-02 -3.349672118201851845e-02
-5.071642179973423481e-02 -3.235525765921920538e-02
-5.447609256953001022e-02 -3.055698319803923368e-02
-4.831257881596684456e-02 -2.579812461044639349e-02
-5.357746174558997154e-02 -2.904126339126378298e-02
-5.625743977725505829e-02 -2.841216977685689926e-02
-5.917574511840939522e-02 -3.529050387442111969e-02
-5.582980858162045479e-02 -3.110755234956741333e-02
-4.848479293286800385e-02 -3.971418552100658417e-02
-5.550624756142497063e-02 -3.364246059209108353e-02
-5.679566529579460621e-02 -3.346042324847076088e-02
-5.161293200217187405e-02 -2.617460432520601898e-02
-5.760876392014324665e-02 -3.343445657810661942e-02
-5.649715883191674948e-02 -2.925765504187438637e-02
-5.113886098843067884e-02 -3.658876325062010437e-02
-4.778431530576199293e-02 -3.250999831652734429e-02
-5.296773544978350401e-02 -3.640667152649257332e-02
-5.233162990771234035e-02 -4.193407426646444947e-02
-5.488150520250201225e-02 -3.747853905952069908e-02
-5.431162042077630758e-02 -3.612327844894025475e-02
-5.768687219824641943e-02 -3.548705491994041950e-02
-5.185517889913171530e-02 -3.480956710700411350e-02
-5.157818540465086699e-02 -3.390469589794520289e-02
-5.038481217343360186e-02 -3.914575978706125170e-02
-5.339603696484118700e-02 -3.573666747251991183e-02
-5.173284804914146662e-02 -3.233515565807465464e-02
-5.401689151767641306e-02 -3.740204499626997858e-02
-4.712543135974556208e-02 -3.918814346252474934e-02
-4.492731217760592699e-02 -3.375909397436771542e-02
-5.364516109693795443e-02 -2.914247116132173687e-02
-5.060008156578987837e-02 -2.657064156665001065e-02
-4.944782727397978306e-02 -2.189820366038475186e-02
-4.571588290855288506e-02 -2.782577568723354489e-02
-5.155227892100811005e-02 -2.691052971931640059e-02
-4.856481798924505711e-02 -2.168448294105473906e-02
-4.424911760725080967e-02 -1.662638994457665831e-02
-5.047607910819351673e-02 -2.508140566351357847e-02
-4.622636199928820133e-02 -2.675508383254054934e-02
-4.978820425458252430e-02 -3.072891898045782000e-02
-5.162062624003738165e-02 -3.797789757663849741e-02
-5.194384910282678902e-02 -3.837869410926941782e-02
-5.562871068832464516e-02 -3.541930812934879214e-02
-5.543976873741485178e-02 -3.063171404937747866e-02
-6.009902936057187617e-02 -3.497034731844905764e-02
