-7.373836081747307813e-02 1.754742144561960426e-02
-9.494580328464508057e-03 -9.782524779438972473e-03
-1.934235263615846634e-02 -1.871207077056169510e-02
-2.740946225821971893e-02 -2.776561956852674484e-02
-3.562388382852077484e-02 -3.696220833808183670e-02
-4.119158256798982620e-02 -4.635851178318262100e-02
-4.969836957752704620e-02 -5.467224400490522385e-02
-5.858967546373605728e-02 -5.002735182642936707e-02
-5.690672760829329491e-02 -5.830455943942070007e-02
-5.977140902541577816e-02 -5.654003308154642582e-02
-6.632949621416628361e-02 -6.109180464409291744e-02
-6.599677831400185823e-02 -6.784401671029627323e-02
-6.162529962603002787e-02 -6.247014901600778103e-02
-5.577332631219178438e-02 -5.451091355644166470e-02
-6.297879538033157587e-02 -6.133655435405671597e-02
-6.883983791340142488e-02 -6.530724582262337208e-02
-6.794592441292479634e-02 -7.006533793173730373e-02
-6.504586298251524568e-02 -7.062413025414571166e-02
-6.123584235319867730e-02 -6.720172095810994506e-02
-6.797025218838825822e-02 -6.535571027779951692e-02
-6.937261408893391490e-02 -6.161463685566559434e-02
-7.051247422350570560e-02 -5.278931983048096299e-02
-6.691747013246640563e-02 -5.187924631172791123e-02
-7.195283466717228293e-02 -5.796307843411341310e-02
-7.978926127543672919e-02 -5.250124965095892549e-02
-7.464185677235946059e-02 -5.263348553853575140e-02
-7.202459656400606036e-02 -5.967608351784292608e-02
-6.849367119139060378e-02 -5.163381599413696676e-02
-6.748243788024410605e-02 -5.835530838521663100e-02
-6.479490612400695682e-02 -5.187772844510618597e-02
-6.271771172760054469e-02 -5.924756803142372519e-02
-6.570456124609336257e-02 -5.906597414286807179e-02
-6.701031775446608663e-02 -5.969734227983281016e-02
-6.394402246223762631e-02 -6.354020390426740050e-02
-6.352917413460090756e-02 -6.157820386579260230e-02
-6.412521877791732550e-02 -6.283149466617032886e-02
-6.931523222010582685e-02 -5.710625153733417392e-02
-7.337385078426450491e-02 -6.509592168731614947e-02
-7.115569978486746550e-02 -6.134792201919481158e-02
-7.913080777507275343e-02 -6.645493925316259265e-02
-7.328789343591779470e-02 -6.407045078231021762e-02
-7.719293108675628901e-02 -5.784113117260858417e-02
-7.388264650944620371e-02 -6.437489966629073024e-02
-7.681663252878934145e-02 -5.830399290425702929e-02
-7.538138970267027617e-02 -5.756937642581760883e-02
-6.989411253016442060e-02 -6.219364074058830738e-02
-6.833036558236926794e-02 -5.453874752856791019e-02
-7.282084168400615454e-02 -5.819760006852447987e-02
-6.842461775522679090e-02 -5.081851198337972164e-02
-7.285968482028692961e-02 -5.093978299555601552e-02
-7.316265223198570311e-02 -4.605834745598258451e-02
