-9.983015249316309903e-02 -5.582586072540374200e-02
-6.654329597949981689e-03 -9.941034950315952301e-03
-1.536601968109607697e-02 -1.985273323953151703e-02
-2.289829775691032410e-02 -2.942596655339002609e-02
-2.992699434980750084e-02 -3.908741287887096405e-02
-2.898534591076895595e-02 -4.835650604218244553e-02
-3.644353960407897830e-02 -5.814577918499708176e-02
-3.792984579922631383e-02 -6.787759531289339066e-02
-3.475748520577326417e-02 -7.750090118497610092e-02
-4.108674783492460847e-02 -8.194965030997991562e-02
-3.927329677389934659e-02 -8.816322591155767441e-02
-3.818025725195184350e-02 -9.763702657073736191e-02
-3.412412811303511262e-02 -9.573285374790430069e-02
-3.233648469904437661e-02 -1.003067116253077984e-01
-3.602669230895116925e-02 -1.072399546392261982e-01
-4.024092649342492223e-02 -1.022583413869142532e-01
-4.156107519520446658e-02 -1.059124339371919632e-01
-3.543311328394338489e-02 -1.047392226755619049e-01
-3.654688032111153007e-02 -1.081304289400577545e-01
-3.563256538473069668e-02 -1.054109157994389534e-01
-2.969826967455446720e-02 -1.089671417139470577e-01
-3.647939511574804783e-02 -1.054108927492052317e-01
-3.343370859511196613e-02 -1.046685657929629087e-01
-3.085485054180026054e-02 -1.133736341726034880e-01
-3.904377063736319542e-02 -1.083255379926413298e-01
-3.737571323290467262e-02 -1.087091332010459155e-01
-3.699437106843106449e-02 -1.005687359429430217e-01
-3.732020760071463883e-02 -1.059562614827882499e-01
-3.712924505816772580e-02 -9.917816563392989337e-02
-3.794001246569678187e-02 -1.004774938046466559e-01
-4.181606479687616229e-02 -1.078877397521864623e-01
-4.614379460690543056e-02 -1.147962426475714892e-01
-4.135748435510322452e-02 -1.169438473589252681e-01
-3.924644755898043513e-02 -1.084504117898177356e-01
-3.571152145741507411e-02 -1.075828435423318297e-01
-4.426169878570362926e-02 -1.096720387286040932e-01
-4.124423762550577521e-02 -1.118880649155471474e-01
-4.244540230138227344e-02 -1.133031166682485491e-01
-3.415788215352222323e-02 -1.062710240075830370e-01
-3.261903574457392097e-02 -1.031119505933020264e-01
-4.075981205096468329e-02 -1.069093713595066220e-01
-3.677655750652775168e-02 -1.040933808835688978e-01
-4.304069926729425788e-02 -1.057860955188516527e-01
-4.318458963825833052e-02 -1.068565174064133316e-01
-4.169046929746400565e-02 -1.117668514198157936e-01
-3.520846091851126403e-02 -1.170786087459418923e-01
-3.692347607284318656e-02 -1.093690184934530407e-01
-3.793892524845432490e-02 -1.106087259540800005e-01
-4.431209321774076670e-02 -1.122035387961659580e-01
-3.834482216916512698e-02 -1.028692493273410946e-01
-4.524870058230590075e-02 -9.726251699612475932e-02
