-1.324847856907216195e-02 -1.491185039011628799e-01
9.276527911424636841e-03 -9.979335591197013855e-03
1.674523530527949333e-02 -1.992551703006029129e-02
2.527424739673733711e-02 -2.959856763482093811e-02
3.153592487797141075e-02 -3.942568879574537277e-02
2.744529582560062408e-02 -4.918590281158685684e-02
2.643911819905042648e-02 -5.888607539236545563e-02
2.615345997037366033e-02 -6.687594950199127197e-02
2.756403718376532197e-02 -7.606880925595760345e-02
3.429137269267812371e-02 -8.531750366091728210e-02
3.193633124465122819e-02 -9.400567412376403809e-02
3.449629462556913495e-02 -1.033069770783185959e-01
3.507692011771723628e-02 -1.104188072495162487e-01
3.515843423519982025e-02 -1.199161666445434093e-01
3.211938362073851749e-02 -1.232660477980971336e-01
3.548665489506674930e-02 -1.183610782027244568e-01
3.169833641004515812e-02 -1.250019194558262825e-01
3.220142464124364778e-02 -1.301520317792892456e-01
2.482206880085868761e-02 -1.281562524382025003e-01
3.101720142149133608e-02 -1.258214169647544622e-01
3.161021041887579486e-02 -1.267558640101924539e-01
3.229554939753143117e-02 -1.257919508498162031e-01
3.545871411188272759e-02 -1.213890092913061380e-01
3.080717601551441476e-02 -1.203862159745767713e-01
3.439814002922503278e-02 -1.282865741522982717e-01
3.216287225222913548e-02 -1.302806903840973973e-01
2.862929191178409383e-02 -1.277223447104915977e-01
3.016117412335006520e-02 -1.272748056217096746e-01
3.088222105725435540e-02 -1.261087599559687078e-01
3.164321381336776540e-02 -1.281170418369583786e-01
3.264860470517305657e-02 -1.231983114848844707e-01
3.102009195572463796e-02 -1.308232552255503833e-01
3.540357259771553800e-02 -1.245480665820650756e-01
2.950297772622434422e-02 -1.299514735001139343e-01
3.375577984115807340e-02 -1.271972192334942520e-01
3.271731081622419879e-02 -1.221517861704342067e-01
2.880182209628401324e-02 -1.164434302481822670e-01
2.942024409276200458e-02 -1.173145223292522132e-01
3.065864141535712406e-02 -1.220126558910124004e-01
3.172186662413878366e-02 -1.293151054414920509e-01
2.893202116683823988e-02 -1.323338648653589189e-01
3.397895831585628912e-02 -1.245519350632093847e-01
3.719100489252014086e-02 -1.234157430590130389e-01
3.109495661192340776e-02 -1.227631354122422636e-01
3.587338927172822878e-02 -1.177537966868840158e-01
2.986207504727644846e-02 -1.247366000316105783e-01
3.361123933427734300e-02 -1.237822939292527735e-01
3.834353567071957514e-02 -1.221065404242835939e-01
3.040902961947722360e-02 -1.179758468060754240e-01
3.307196607784135267e-02 -1.159008624381385744e-01
3.330127467779675499e-02 -1.211952091543935239e-01
