5.587031083122832517e-03 -1.498438034315411060e-01
8.616499602794647217e-03 -8.995778858661651611e-03
1.852443162351846695e-02 -1.778933312743902206e-02
2.826092205941677094e-02 -2.771893609315156937e-02
3.777209948748350143e-02 -3.766783419996500015e-02
4.748704936355352402e-02 -4.757728986442089081e-02
5.697008688002824783e-02 -5.741063505411148071e-02
5.810231762006878853e-02 -6.650919653475284576e-02
5.276970844715833664e-02 -7.616899255663156509e-02
5.618591047823429108e-02 -8.238556608557701111e-02
5.144569603726267815e-02 -9.104303829371929169e-02
5.166823831677902490e-02 -9.549110988155007362e-02
5.785643072158563882e-02 -9.838282084092497826e-02
5.310397497669328004e-02 -1.015879467595368624e-01
5.486187567294109613e-02 -9.950390248559415340e-02
5.241706311062444001e-02 -1.053841395769268274e-01
5.891634053841698915e-02 -1.069626940879970789e-01
5.644797878630924970e-02 -1.011232153978198767e-01
5.237963162653613836e-02 -9.860512544400990009e-02
5.458451593585778028e-02 -9.993185207713395357e-02
4.753530882589984685e-02 -9.857657598331570625e-02
4.666739965614397079e-02 -1.067066811956465244e-01
4.711691047123167664e-02 -1.002462720498442650e-01
5.507936365029308945e-02 -1.039401304442435503e-01
5.589546206465456635e-02 -1.100356380920857191e-01
5.693030358816031367e-02 -1.114440695382654667e-01
5.678535879997070879e-02 -1.109060446615330875e-01
5.871441062481608242e-02 -1.143530241097323596e-01
5.340163070650305599e-02 -1.114603678579442203e-01
5.595359286235179752e-02 -1.111098234250675887e-01
5.185813024581875652e-02 -1.087925582833122462e-01
4.484853414760436863e-02 -1.142466086603235453e-01
4.689298068115022033e-02 -1.164511423266958445e-01
5.128890193009283394e-02 -1.154488615866284817e-01
5.365173738391604275e-02 -1.140470390382688493e-01
5.469267045555170625e-02 -1.138281004532473162e-01
4.696239459735807031e-02 -1.113555293559329584e-01
5.133668168855365366e-02 -1.117674212873680517e-01
5.357380372879561037e-02 -1.101204507722286507e-01
5.823072533530648798e-02 -1.076051252166507766e-01
6.533676966500934213e-02 -1.065515546797541901e-01
6.293829366040881723e-02 -1.046650296048028395e-01
5.757826914486940950e-02 -1.068759775225771591e-01
5.304774151591118425e-02 -1.074161404249025509e-01
4.647073683736380190e-02 -1.150634368386818096e-01
4.931114356440957636e-02 -1.074014422920299694e-01
4.344517247227486223e-02 -1.009507477720035240e-01
4.850047941727098078e-02 -9.586649671837221831e-02
4.866555448097642511e-02 -1.030385587800992653e-01
4.256718627584632486e-02 -1.023771200998453423e-01
4.831930597720202059e-02 -1.102039168326882645e-01
