4.620476768036980292e-02 -1.386855086448910979e-01
9.024616330862045288e-03 -9.388253092765808105e-03
1.891945488750934601e-02 -1.926659606397151947e-02
2.848149649798870087e-02 -2.883961703628301620e-02
3.775378316640853882e-02 -3.810621518641710281e-02
4.562785662710666656e-02 -4.529417818412184715e-02
5.264911334961652756e-02 -5.517446110025048256e-02
5.860677128657698631e-02 -6.199191324412822723e-02
5.614778655581176281e-02 -7.172674965113401413e-02
6.483371811918914318e-02 -7.080435828538611531e-02
6.869048182852566242e-02 -7.620055630104616284e-02
7.092633191496133804e-02 -8.005209203111007810e-02
6.620727013796567917e-02 -7.844087952980771661e-02
6.587446999037638307e-02 -8.386692270869389176e-02
7.138275686884298921e-02 -8.124909159960225224e-02
6.682649446884170175e-02 -8.361303625861182809e-02
6.993473117472603917e-02 -9.167339379200711846e-02
6.316730921389535069e-02 -9.355007339036092162e-02
5.794186174171045423e-02 -1.011929045780561864e-01
5.411485984222963452e-02 -9.891266206977888942e-02
5.294757854426279664e-02 -9.618381009204313159e-02
6.058790074894204736e-02 -9.787851857254281640e-02
6.110144127160310745e-02 -8.828306948998942971e-02
6.662904471158981323e-02 -8.592068712459877133e-02
6.702089397003874183e-02 -8.050472178729251027e-02
6.231562787434086204e-02 -8.201004361035302281e-02
6.241396361292572692e-02 -9.155551978619769216e-02
6.747428805829258636e-02 -8.681060170056298375e-02
7.073074358777375892e-02 -8.154380443738773465e-02
6.696322595962556079e-02 -8.640281652333214879e-02
6.468920748011441901e-02 -8.555945730768144131e-02
6.302866503392579034e-02 -8.307014219462871552e-02
6.289638266753172502e-02 -8.678330294787883759e-02
6.279002473456785083e-02 -8.597023360198363662e-02
6.565003906143829226e-02 -9.051888011163100600e-02
6.143960048211738467e-02 -8.981176163069903851e-02
6.899116438580676913e-02 -8.173043257556855679e-02
6.433989590732380748e-02 -8.479080139659345150e-02
6.357459013815969229e-02 -7.822094135917723179e-02
6.442185223568230867e-02 -8.368922467343509197e-02
6.220132776070386171e-02 -7.638973859138786793e-02
6.219326086829823907e-02 -8.193366718478500843e-02
5.968637775185925420e-02 -7.552016829140484333e-02
6.259042687270266470e-02 -8.406646014191210270e-02
6.540169181789678987e-02 -8.545332611538469791e-02
6.651300970952434000e-02 -8.195580914616584778e-02
6.064905539642495569e-02 -8.387814299203455448e-02
6.218239082045329269e-02 -8.174947160296142101e-02
6.087344895604474004e-02 -8.734606974758207798e-02
6.704901448938471731e-02 -9.094381309114396572e-02
7.155062082711083349e-02 -8.312682597897946835e-02
