6.286732613335037356e-02 -1.277669550956122002e-01
9.799949824810028076e-03 -9.635130874812602997e-03
1.809672266244888306e-02 -1.939113624393939972e-02
2.637932635843753815e-02 -2.932066377252340317e-02
3.545282408595085144e-02 -3.923326823860406876e-02
4.383212327957153320e-02 -4.919090121984481812e-02
4.992640949785709381e-02 -5.879372544586658478e-02
4.412141535431146622e-02 -6.832768488675355911e-02
4.375088488450273871e-02 -7.822686340659856796e-02
4.695480846567079425e-02 -8.242483157664537430e-02
4.188918013824149966e-02 -9.130309242755174637e-02
4.026812635129317641e-02 -9.982561320066452026e-02
4.539066640427336097e-02 -1.078140726312994957e-01
3.698262193938717246e-02 -1.037978618405759335e-01
3.995133022544905543e-02 -1.016970591153949499e-01
4.418250051094219089e-02 -1.072825512383133173e-01
3.980468556983396411e-02 -1.053034816868603230e-01
3.805657970951870084e-02 -9.835088392719626427e-02
3.907967550912871957e-02 -1.020328439772129059e-01
4.722329141804948449e-02 -9.731197496876120567e-02
4.586794617353007197e-02 -1.026216228492558002e-01
4.507596435723826289e-02 -1.039311791537329555e-01
4.983770305989310145e-02 -1.060037022689357400e-01
4.717085178708657622e-02 -1.074954115319997072e-01
4.282519122352823615e-02 -1.047550619114190340e-01
4.291863103571813554e-02 -1.098103786353021860e-01
4.599723235878627747e-02 -1.053778959903866053e-01
4.716210979677271098e-02 -1.017505719792097807e-01
4.410357498272787780e-02 -1.058182183187454939e-01
5.053030750423204154e-02 -1.018601551186293364e-01
5.797921172052156180e-02 -1.017373814684106037e-01
5.536665026738774031e-02 -9.690246735408436507e-02
5.342334699525963515e-02 -9.680227909848326817e-02
4.887825115292798728e-02 -1.025642582462751307e-01
5.505598620220553130e-02 -1.094872124740504660e-01
5.208798013336490840e-02 -1.017682321617030539e-01
4.594155102677177638e-02 -1.012274058666662313e-01
4.028237824968528003e-02 -1.006226679091923870e-01
4.449477772868704051e-02 -1.080025150222354569e-01
4.202439826622139663e-02 -1.104071261142962612e-01
4.151589794491883367e-02 -1.120442588362493552e-01
4.235057275218423456e-02 -1.082144471365609206e-01
4.071505296451505274e-02 -1.123054426643648185e-01
4.871594368887599558e-02 -1.104725295226671733e-01
4.725324395985808223e-02 -1.127055258039035834e-01
4.139765711443033069e-02 -1.115308851949521340e-01
3.409961085708346218e-02 -1.150776172071346082e-01
3.588522654899861664e-02 -1.104545678026624955e-01
3.882658817747142166e-02 -1.068163205418386497e-01
3.787056069995742291e-02 -1.094942438430734910e-01
4.390549279924016446e-02 -1.042570174686261453e-01
