9.929054922629276803e-02 -6.189061959450116446e-02
9.830362163484096527e-03 -6.537556648254394531e-03
1.939482335001230240e-02 -1.540486048907041550e-02
2.897154819220304489e-02 -2.485647518187761307e-02
3.872972354292869568e-02 -3.400383982807397842e-02
4.835443198680877686e-02 -3.922265022993087769e-02
5.799108184874057770e-02 -4.862139187753200531e-02
6.733028031885623932e-02 -5.407483829185366631e-02
7.290695747360587120e-02 -5.384150279860477895e-02
7.517945836298167706e-02 -4.834356943320017308e-02
7.352690049447119236e-02 -4.772782126383390278e-02
7.145966845564544201e-02 -4.780344644677825272e-02
7.627750211395323277e-02 -4.881535927415825427e-02
7.182053732685744762e-02 -4.998882862855680287e-02
7.688662200234830379e-02 -4.379878149484284222e-02
8.159544947557151318e-02 -4.199286692892201245e-02
8.697825414128601551e-02 -4.933131256257183850e-02
7.944069919176399708e-02 -4.844864647020585835e-02
7.558961398899555206e-02 -4.575030857813544571e-02
7.757660280913114548e-02 -4.366249035228975117e-02
7.670554355718195438e-02 -3.543499394436366856e-02
7.930953800678253174e-02 -4.347048889030702412e-02
8.083763660397380590e-02 -3.662905844976194203e-02
7.490872812923043966e-02 -4.237333175842650235e-02
7.125716411974281073e-02 -4.283153172582387924e-02
7.885338494088500738e-02 -4.766183160245418549e-02
8.562723349314182997e-02 -5.214508203789591789e-02
8.102761011105030775e-02 -5.571577022783458233e-02
8.008890668861567974e-02 -5.104933842085301876e-02
8.516449970193207264e-02 -4.379291157238185406e-02
8.525312703568488359e-02 -4.323533514980226755e-02
8.623486559372395277e-02 -4.662126523908227682e-02
9.088409447576850653e-02 -3.981693403329700232e-02
8.709260856267064810e-02 -3.726069361437112093e-02
8.969621558208018541e-02 -3.779799491167068481e-02
8.695747528690844774e-02 -3.511436982080340385e-02
8.757234842050820589e-02 -3.460399550385773182e-02
8.330201089847832918e-02 -4.077597684226930141e-02
8.078535983804613352e-02 -4.148384812287986279e-02
8.522301597986370325e-02 -3.866041428409516811e-02
8.929992339108139277e-02 -4.461046191863715649e-02
8.129145076964050531e-02 -3.615765529684722424e-02
9.001686016563326120e-02 -3.502372826915234327e-02
9.492190845776349306e-02 -3.151790110860019922e-02
9.514594681968446821e-02 -3.488904668483883142e-02
9.096496830170508474e-02 -3.756721795070916414e-02
8.736074993794318289e-02 -3.864414268173277378e-02
8.420523603854235262e-02 -4.171018418855965137e-02
9.307737810013350099e-02 -3.958377428352832794e-02
9.146908273396547884e-02 -4.614974744617938995e-02
8.845646026020403951e-02 -3.752396721392869949e-02
