8.787560929862664461e-02 -2.272887261063852304e-03
9.944400750100612640e-03 -9.585937485098838806e-03
1.988224498927593231e-02 -1.917640957981348038e-02
2.961101010441780090e-02 -2.853786107152700424e-02
3.952628094702959061e-02 -3.675219882279634476e-02
4.636433999985456467e-02 -4.165180493146181107e-02
5.406284937635064125e-02 -5.017011426389217377e-02
5.690733087249100208e-02 -5.056829951354302466e-02
6.171048874966800213e-02 -5.066979966795770451e-02
7.033458608202636242e-02 -4.587533429003087804e-02
7.709180493839085102e-02 -4.984425112343160436e-02
7.868973747827112675e-02 -4.551427636033622548e-02
7.399072661064565182e-02 -4.378259693476138636e-02
7.771174074150621891e-02 -5.126571375149069354e-02
7.496826420538127422e-02 -4.625041921826777980e-02
8.078600396402180195e-02 -4.267776454071281478e-02
8.016534021589905024e-02 -4.971458040381548926e-02
8.192088059149682522e-02 -4.728717775287805125e-02
8.237377693876624107e-02 -4.806286124949110672e-02
8.180559385800734162e-02 -4.875365760381100699e-02
8.662512857699766755e-02 -4.851205852901330218e-02
8.863422117428854108e-02 -5.011287595698377118e-02
8.121984387980774045e-02 -5.342570909851929173e-02
8.148745202925056219e-02 -5.866482326382538304e-02
8.297495031729340553e-02 -5.593961555132409558e-02
7.895490853115916252e-02 -5.640799717366462573e-02
7.454146072268486023e-02 -5.761275780241703615e-02
7.708324585109949112e-02 -5.227873488183831796e-02
7.645184313878417015e-02 -5.562407537217950448e-02
8.313457248732447624e-02 -5.601587279670638964e-02
8.264675198006443679e-02 -5.111115233012242243e-02
8.388185311923734844e-02 -4.882727393851382658e-02
7.727278952370397747e-02 -5.512263642594916746e-02
7.077946324716322124e-02 -4.851486317784292623e-02
7.336026916163973510e-02 -5.631213977903826162e-02
7.493080021231435239e-02 -4.891598567337496206e-02
8.041949392645619810e-02 -4.680391906731529161e-02
8.268367763957940042e-02 -5.561360849969787523e-02
7.961235530092380941e-02 -5.781590838887495920e-02
8.186413519433699548e-02 -5.623537330393446609e-02
7.774589429027400911e-02 -5.354204685863805935e-02
8.155663599609397352e-02 -5.435332265187753364e-02
8.857359047397039831e-02 -5.062571987946284935e-02
8.018168676062487066e-02 -5.290256073203636333e-02
8.472501495270989835e-02 -5.045054019865347072e-02
7.903596022515557706e-02 -5.407491680671228096e-02
8.023315164609812200e-02 -5.802250076521886513e-02
8.246290529496036470e-02 -6.168968771089566872e-02
7.856178501970134676e-02 -5.636370769207132980e-02
8.066994891851209104e-02 -5.484961746697081253e-02
7.942251497297547758e-02 -5.485342024326200772e-02
