6.219172465433312619e-02 2.830829703498609351e-02
9.496816433966159821e-03 -5.754800979048013687e-03
1.944644097238779068e-02 -1.353711122646927834e-02
2.911069709807634354e-02 -2.287556370720267296e-02
3.542296960949897766e-02 -3.250157414004206657e-02
4.485110659152269363e-02 -3.419765410944819450e-02
5.162949441000819206e-02 -4.165160143747925758e-02
5.727308383211493492e-02 -3.993550501763820648e-02
6.156565295532345772e-02 -4.095747671090066433e-02
6.388175580650568008e-02 -4.998539830558001995e-02
7.102749682962894440e-02 -4.353745863772928715e-02
6.654293742030858994e-02 -4.186577373184263706e-02
7.018543314188718796e-02 -4.477090109139680862e-02
6.267447397112846375e-02 -4.649981716647744179e-02
7.054945174604654312e-02 -4.650751033750566421e-02
7.513973303139209747e-02 -4.582446375115978299e-02
7.139619067311286926e-02 -4.983961376547085820e-02
6.619662139564752579e-02 -4.851504360976832686e-02
6.183061702176928520e-02 -4.792393602383526741e-02
6.184687001587008126e-02 -4.728359377895685611e-02
6.422735426531289704e-02 -5.182694152881595073e-02
5.973099080802057870e-02 -4.534965495531650959e-02
6.324307762042735703e-02 -4.197665092488023220e-02
5.891972642348264344e-02 -4.650773501907679019e-02
6.354722335890983231e-02 -4.103636390482279239e-02
5.496737129942630418e-02 -4.953159692649933277e-02
5.749381894202088006e-02 -5.295360668515058933e-02
6.187004318417166360e-02 -4.825519931455346523e-02
6.221983781506423838e-02 -5.239377378438803134e-02
5.682935439472203143e-02 -4.655700803687068401e-02
6.334244426761870272e-02 -3.954632042859884677e-02
6.661871717733447440e-02 -4.278753579546901165e-02
7.025876794432406314e-02 -4.309727549389208434e-02
7.170829562892322429e-02 -4.679577769547904609e-02
7.450074343432788737e-02 -4.261480988770927070e-02
7.742090839383308776e-02 -3.803315358072723029e-02
7.246730932456557639e-02 -3.977106169168109773e-02
6.874854457055334933e-02 -4.027231708005274413e-02
7.335515007798676379e-02 -4.165883846417273162e-02
7.467520937279914506e-02 -4.142929978388565360e-02
8.098865348802064545e-02 -4.133374519278731896e-02
8.090624410760938190e-02 -4.280583917261537863e-02
7.521032879230915569e-02 -4.267961680579901440e-02
7.741671858457266353e-02 -4.699359703499794705e-02
7.188230391693650745e-02 -4.487212593357980950e-02
7.105543196303187869e-02 -4.459313687675603433e-02
7.339162041535018943e-02 -4.387305677209951682e-02
7.511651923050521873e-02 -5.103989457984425826e-02
7.010597071712254547e-02 -4.816324566763796611e-02
7.536422076736926101e-02 -4.727205133804091020e-02
7.195061386664747261e-02 -4.827455489703424973e-02
