4.413891963897433740e-02 3.973157623213896539e-02
9.539918974041938782e-03 -3.112092614173889160e-03
1.862152758985757828e-02 -8.648632559925317764e-03
2.405449189245700836e-02 -1.024508930277079344e-02
2.807959821075201035e-02 -1.862872287165373564e-02
3.640963323414325714e-02 -2.028470975346863270e-02
3.151929518207907677e-02 -2.298512845300137997e-02
3.529330622404813766e-02 -2.400138101074844599e-02
4.142456408590078354e-02 -3.028426051605492830e-02
4.802383529022336006e-02 -2.768853085581213236e-02
3.995548048987984657e-02 -2.809119538869708776e-02
4.574077390134334564e-02 -3.059363795910030603e-02
4.995160689577460289e-02 -3.805739863310009241e-02
5.516901845112442970e-02 -4.119407513644546270e-02
5.159078957512974739e-02 -4.364319832529872656e-02
4.630960850045084953e-02 -3.915482701268047094e-02
5.072637833654880524e-02 -3.271565155591815710e-02
5.405823863111436367e-02 -3.151071863248944283e-02
5.536701588425785303e-02 -2.813339326530694962e-02
6.369169114623218775e-02 -3.089004242792725563e-02
5.949819379020482302e-02 -3.509014798328280449e-02
6.392165936995297670e-02 -3.384365630336105824e-02
5.922941130120307207e-02 -3.265076829120516777e-02
5.177525675389915705e-02 -2.672633621841669083e-02
5.763896007556468248e-02 -2.709602925460785627e-02
5.299277103040367365e-02 -2.786424075020477176e-02
6.165128259453922510e-02 -3.161551378434523940e-02
5.632413050625473261e-02 -2.672103693475946784e-02
5.541549588087946177e-02 -2.124690118944272399e-02
5.689367314334958792e-02 -2.560942567652091384e-02
5.251296970527619123e-02 -2.248228009557351470e-02
5.309682339429855347e-02 -1.764272892614826560e-02
4.748109914362430573e-02 -2.091743139317259192e-02
5.228394595906138420e-02 -2.392110618529841304e-02
5.318638886092230678e-02 -1.855619222624227405e-02
5.342462385306134820e-02 -1.779452356277033687e-02
5.470174754736945033e-02 -2.334965969203040004e-02
5.104292480973526835e-02 -2.236043597804382443e-02
4.747188015608116984e-02 -2.710829518036916852e-02
4.588431172305718064e-02 -2.928303863154724240e-02
3.986336855450645089e-02 -2.450738690095022321e-02
4.730242124060168862e-02 -1.770537655102089047e-02
4.722641041735187173e-02 -1.793267588072922081e-02
4.245749633992090821e-02 -2.585895928496029228e-02
3.941614675568416715e-02 -2.006698549666907638e-02
4.597508237930014729e-02 -1.730160192528273910e-02
4.164115135790780187e-02 -2.542013266065623611e-02
4.089594312245026231e-02 -2.349399669037666172e-02
4.775643773609772325e-02 -1.672156700806226581e-02
5.069195205578580499e-02 -1.973370077030267566e-02
4.926497099222615361e-02 -1.356994859816040844e-02
