6.353908320198449478e-03 4.979793509416170771e-02
5.924892146140336990e-03 -9.378014132380485535e-03
2.207916695624589920e-03 -1.921887230128049850e-02
2.224480826043873094e-03 -2.867394592612981796e-02
6.749806087100296281e-03 -3.848744649440050125e-02
1.425907012162497267e-04 -4.828964080661535263e-02
4.339437093221931718e-03 -5.191437434405088425e-02
9.474963508182554506e-03 -6.112249661237001419e-02
1.151340301112213638e-02 -7.075313199311494827e-02
1.151769812167913187e-02 -7.796056102961301804e-02
1.389595208638638724e-02 -8.285575686022639275e-02
2.249049482816189993e-02 -7.909423648379743099e-02
2.880755945989221800e-02 -7.615648442879319191e-02
3.482674149745434988e-02 -7.848727516829967499e-02
3.933955816501111258e-02 -7.991032465361058712e-02
3.892948775501281489e-02 -8.451717835851013660e-02
4.689908883483440150e-02 -9.291286882944405079e-02
5.421284557269245852e-02 -8.760398835875093937e-02
4.896872694553167094e-02 -8.296791068278253078e-02
5.064016039432317484e-02 -8.567587006837129593e-02
4.680810863101214636e-02 -8.107407949864864349e-02
4.737730673696205486e-02 -8.931318484246730804e-02
5.102886120039329398e-02 -8.934711836263886653e-02
4.858704493562981952e-02 -8.430971050620428286e-02
5.247413553479418624e-02 -7.909791855126968585e-02
5.161458830298215616e-02 -8.582267057136050425e-02
4.710252088443667162e-02 -8.195858736507943831e-02
4.604885023036331404e-02 -8.940341657944372855e-02
4.686786810816556681e-02 -8.325785360284498893e-02
4.850397742302448023e-02 -8.638094373964122497e-02
4.818422295102209318e-02 -9.265882111139944755e-02
4.611816042051941622e-02 -8.909190640770248137e-02
5.178361031175882090e-02 -9.512030155383399688e-02
5.128856154806271661e-02 -9.655708758145920001e-02
4.751123406640544999e-02 -9.186267698169103824e-02
4.989208665392652620e-02 -9.405613861963502131e-02
4.587500414527312387e-02 -8.948807589695206843e-02
4.483731475374952424e-02 -8.532326700151315890e-02
5.143930635131255258e-02 -8.881380440652719699e-02
4.419152403897896875e-02 -8.479405039906851016e-02
4.848359257630363572e-02 -8.072813864782801829e-02
4.420858912817493547e-02 -8.577874846741906367e-02
4.585233377474651206e-02 -8.322415532529703341e-02
4.266736982572183479e-02 -8.980454117045155726e-02
4.176539660147682298e-02 -8.549240030333749019e-02
3.661347797788039315e-02 -8.732068570316187106e-02
3.879253065861121286e-02 -8.422247794442228042e-02
4.252716095834330190e-02 -9.147205025874427520e-02
4.338036087756336201e-02 -8.833356535978964530e-02
4.652104276647150982e-02 -8.044520075418404303e-02
5.003206856963515747e-02 -8.425292660467675887e-02
