-3.151043423868066934e-02 4.490570338019618524e-02
6.937277037650346756e-03 -9.798401035368442535e-03
7.236283738166093826e-03 -1.969413459300994873e-02
7.286209780431818217e-03 -2.898088935762643814e-02
6.061251559003721923e-03 -3.870288003236055374e-02
7.562979873910080642e-03 -4.813166428357362747e-02
1.084535993140889332e-02 -5.798825155943632126e-02
6.061537707864772528e-03 -6.486275605857372284e-02
6.771324078727047890e-03 -7.377801835536956787e-02
1.134920852928189561e-02 -7.760398206301033497e-02
1.965121539979008958e-02 -8.486998104490339756e-02
2.263147627672879025e-02 -8.980293874628841877e-02
2.651858247554628178e-02 -9.632555651478469372e-02
2.338802848680643365e-02 -9.495971014257520437e-02
2.416405593248782679e-02 -9.468296458362601697e-02
2.927083148824749514e-02 -8.862297245650552213e-02
2.733470813109306619e-02 -9.237543828203342855e-02
2.722215370158664882e-02 -9.282148248166777194e-02
2.964634724776260555e-02 -8.780706292600370944e-02
3.235445564496330917e-02 -9.007092184037901461e-02
3.492777884821407497e-02 -9.133670807932503521e-02
3.337187712895683944e-02 -9.907877960358746350e-02
3.748460460337810218e-02 -9.869420804898254573e-02
4.090329815517179668e-02 -1.004552076046820730e-01
4.166482135769911110e-02 -9.394788960344158113e-02
3.950467755203135312e-02 -8.791869165725074708e-02
3.433303165365941823e-02 -8.257007118663750589e-02
3.570449040853418410e-02 -8.352706723962910473e-02
3.414192728814668953e-02 -9.163965520565398037e-02
3.517281348467804492e-02 -8.428268882562406361e-02
3.864237843663431704e-02 -8.524094134918414056e-02
4.706053333939053118e-02 -8.108895583427511156e-02
4.473331305780448020e-02 -8.031101510277949274e-02
4.623752916813828051e-02 -8.391499621211551130e-02
4.318680023425258696e-02 -8.338731512776575983e-02
4.332973097916692495e-02 -9.192834034911356866e-02
4.532973130699247122e-02 -9.041278981021605432e-02
4.556672293983865529e-02 -8.935285356710664928e-02
4.285017582878936082e-02 -9.186462775687687099e-02
4.236458575178403407e-02 -8.815750500070862472e-02
4.462438386690337211e-02 -9.007515208213590086e-02
4.660169391718227416e-02 -8.575824889703653753e-02
4.967139272775966674e-02 -8.223619390628300607e-02
4.797584268089849502e-02 -7.944021638832055032e-02
3.923566437151748687e-02 -8.477159295580349863e-02
3.953893280413467437e-02 -8.332593712839297950e-02
3.609037988644558936e-02 -8.832404270651750267e-02
3.253580869932193309e-02 -8.942107993061654270e-02
3.743501713324803859e-02 -8.726113286684267223e-02
3.386566702101845294e-02 -8.766127194394357502e-02
3.680199927475769073e-02 -8.999211623449809849e-02
