-6.508858614713226853e-02 2.591756024377588064e-02
9.289805777370929718e-03 -9.758980944752693176e-03
1.833788212388753891e-02 -1.970987115055322647e-02
2.367253834381699562e-02 -2.965496759861707687e-02
2.625124622136354446e-02 -3.932827804237604141e-02
2.543351880740374327e-02 -4.927647951990365982e-02
2.538239769273786806e-02 -5.917424149811267853e-02
2.835949114160030149e-02 -6.783823482692241669e-02
3.610324277178733610e-02 -7.652544695883989334e-02
3.640103828729479574e-02 -8.384679211303591728e-02
3.702785737914382480e-02 -9.302145848050713539e-02
3.976336598498164676e-02 -9.532127925194799900e-02
3.175300184739171527e-02 -1.042073175776749849e-01
3.435405308482586406e-02 -1.097678996156901121e-01
3.602917957687168382e-02 -1.096860695906798355e-01
3.584870804843376391e-02 -1.054597570837358944e-01
3.985298394036362879e-02 -1.061978902362170629e-01
3.864529907514224760e-02 -1.044509413113701157e-01
3.732292777203838341e-02 -1.011161974092829041e-01
3.770883446486550383e-02 -1.100402346273767762e-01
4.172040354387718253e-02 -1.017738406007993035e-01
4.625551467688637786e-02 -1.063142528219032101e-01
4.611154681697371416e-02 -1.103020321970689110e-01
4.628690844037919305e-02 -1.091385877152788453e-01
4.443845641435473226e-02 -1.068383026795345359e-01
4.439334702328778803e-02 -1.072852123397751711e-01
3.992212135926820338e-02 -1.009441605638130568e-01
4.493544055731035769e-02 -1.037083057090057991e-01
4.547024561907164752e-02 -1.006568687371327542e-01
4.756640616687946022e-02 -9.988377862464403734e-02
3.995697779464535415e-02 -1.045027176369330846e-01
3.999748987916973419e-02 -9.964982806559419259e-02
3.362153166744974442e-02 -1.036993280504248105e-01
3.610122063037124462e-02 -9.838932906131958589e-02
3.058503567081061192e-02 -1.027672687996528111e-01
3.646346739333239384e-02 -1.038495657485327683e-01
3.961553027693298645e-02 -1.044847980592749082e-01
3.063094870958593674e-02 -1.079146889023832045e-01
3.374426135633257218e-02 -1.110405436702421866e-01
3.342571268512983806e-02 -1.106120113036013208e-01
3.572746641657431610e-02 -1.063275018459535204e-01
3.638781079280306585e-02 -1.015140738090849482e-01
3.631193408000399359e-02 -1.075562245896435343e-01
3.116918293017079122e-02 -1.019274026839411817e-01
2.375853092598845251e-02 -1.010998601777828299e-01
2.729768779317964800e-02 -9.479138094320660457e-02
3.188046215291251428e-02 -9.917593540012603626e-02
2.960328881817986257e-02 -9.609976482897764072e-02
2.982798044467926957e-02 -9.396179511531954631e-02
2.693836402977467515e-02 -9.974127753957873210e-02
2.812919568168581463e-02 -9.961974009638652205e-02
