-8.081753240088002110e-02 8.894197138875306607e-03
9.033679962158203125e-03 -9.939551353454589844e-03
1.808398962020874023e-02 -1.946011371910572052e-02
2.216823585331439972e-02 -2.918500360101461411e-02
2.870159875601530075e-02 -3.903827909380197525e-02
3.386183734983205795e-02 -4.775821603834629059e-02
3.972448688000440598e-02 -5.691523943096399307e-02
4.628221597522497177e-02 -6.595071125775575638e-02
5.281602684408426285e-02 -7.483321242034435272e-02
5.559134064242243767e-02 -8.339720964431762695e-02
5.631480988813564181e-02 -9.161928016692399979e-02
6.149142299545928836e-02 -8.699155785143375397e-02
5.715654900996014476e-02 -8.995949476957321167e-02
5.846467666560783982e-02 -8.591694943606853485e-02
5.649940675357356668e-02 -9.316587680950760841e-02
5.632426506781484932e-02 -9.158450958784669638e-02
6.122615338244941086e-02 -8.962312468793243170e-02
6.254552361497189850e-02 -9.028413897613063455e-02
6.297361965698655695e-02 -9.923040779540315270e-02
6.154543998127337545e-02 -9.369508927920833230e-02
5.970349138078745455e-02 -8.874073723563924432e-02
5.659670777095016092e-02 -9.494819265091791749e-02
5.363575111550744623e-02 -9.567566495388746262e-02
5.092200053331907839e-02 -9.685955801978707314e-02
5.077995134342927486e-02 -9.081763541325926781e-02
5.051338269549887627e-02 -9.345368598587810993e-02
5.856165073055308312e-02 -9.361417089530732483e-02
5.785927559190895408e-02 -9.402509960636962205e-02
6.060305015125777572e-02 -9.083257960446644574e-02
6.242381698393728584e-02 -9.150374100136104971e-02
5.459445818269159645e-02 -9.386299109610263258e-02
5.632595763017889112e-02 -9.911479965376202017e-02
6.008354153891559690e-02 -9.678046849148813635e-02
5.309934353863354772e-02 -9.432634619588498026e-02
5.201585868780966848e-02 -9.426990655992995016e-02
5.339108208136167377e-02 -8.529098650251398794e-02
5.141393710800912231e-02 -8.426146772035281174e-02
4.913903480337467045e-02 -9.114652270727674477e-02
4.727642609213944525e-02 -8.709878944137017243e-02
4.029726608132477850e-02 -9.360046828442136757e-02
3.860656484903302044e-02 -8.853139359780470841e-02
4.579021908284630626e-02 -9.169492082946817391e-02
4.611605619720648974e-02 -9.067603786752442829e-02
4.566376244474668056e-02 -9.153876201526145451e-02
3.869863141153473407e-02 -8.902503041827003472e-02
3.751599539828021079e-02 -9.833918655567686073e-02
3.455274279986042529e-02 -1.022479809289507102e-01
3.547131946834269911e-02 -9.898605364651302807e-02
3.851083807239774615e-02 -9.640960236356477253e-02
4.079737119900528342e-02 -8.996540335283498280e-02
3.969842790684197098e-02 -8.894980819241027348e-02
