-9.047845911295215870e-02 -7.413048517816586691e-03
1.627299701794981956e-03 -9.584262967109680176e-03
8.349227486178278923e-03 -1.931559201329946518e-02
2.541626570746302605e-03 -2.923482470214366913e-02
-1.899858703836798668e-03 -3.877822216600179672e-02
-9.804369648918509483e-03 -4.828804358839988708e-02
-1.276514213532209396e-02 -5.754373408854007721e-02
-1.487619732506573200e-02 -6.704449094831943512e-02
-7.233974756672978401e-03 -7.664145715534687042e-02
-1.599840470589697361e-02 -8.524848800152540207e-02
-2.006666711531579494e-02 -9.211892075836658478e-02
-1.976991110132075846e-02 -1.004838589578866959e-01
-2.498146091238595545e-02 -1.040668592322617769e-01
-3.034261232824064791e-02 -1.010066161397844553e-01
-2.273569107637740672e-02 -9.352469560690224171e-02
-1.616500169620849192e-02 -1.007496539968997240e-01
-1.565750510781072080e-02 -9.755827719345688820e-02
-2.034532334073446691e-02 -1.005916749127209187e-01
-1.602891142829321325e-02 -9.285277966409921646e-02
-2.081741261645220220e-02 -9.103126532863825560e-02
-2.160259589436464012e-02 -9.239515662193298340e-02
-1.935510381008498371e-02 -9.711334714666008949e-02
-2.228745326283387840e-02 -1.038519809953868389e-01
-1.777372017386369407e-02 -1.120601692236959934e-01
-1.979975958238355815e-02 -1.088975195307284594e-01
-2.629807541961781681e-02 -1.108092252397909760e-01
-2.308793037082068622e-02 -1.083720569731667638e-01
-2.094533407944254577e-02 -1.142939679557457566e-01
-2.254595592967234552e-02 -1.068838970968499780e-01
-2.870565777993761003e-02 -1.098233369411900640e-01
-2.769234307925216854e-02 -1.083537761587649584e-01
-2.136818549479357898e-02 -1.045629517175257206e-01
-2.251513136434368789e-02 -1.043034176109358668e-01
-2.546740786056034267e-02 -1.019240681780502200e-01
-1.724298481713049114e-02 -1.008118109311908484e-01
-2.106618156540207565e-02 -1.088290621992200613e-01
-2.719084892305545509e-02 -1.092889209685381502e-01
-2.007126269745640457e-02 -1.042955134471412748e-01
-2.416277836891822517e-02 -9.830521591356955469e-02
-2.403739761211909354e-02 -1.021813886181917042e-01
-2.991266004391945899e-02 -1.086860435025300831e-01
-3.673334713676013052e-02 -1.037795311713125557e-01
-2.779416475095786154e-02 -9.971778476028703153e-02
-2.427406111382879317e-02 -1.060698005312588066e-01
-2.979044165113009512e-02 -1.012994452321436256e-01
-2.417983268969692290e-02 -1.045217151695396751e-01
-3.119865400367416441e-02 -1.041707904369104654e-01
-3.050591927603818476e-02 -1.040060849190922454e-01
-3.435201747925020754e-02 -9.951794829976279289e-02
-2.938306928263045847e-02 -9.135952436190564185e-02
-2.747814301983453333e-02 -9.290567839343566447e-02
