-8.582584846100663190e-02 -1.013217666877157253e-01
-7.389225065708160400e-03 -9.759062901139259338e-03
-1.674653030931949615e-02 -1.970741339027881622e-02
-2.624741662293672562e-02 -2.943228278309106827e-02
-3.314609546214342117e-02 -3.932047821581363678e-02
-3.863587789237499237e-02 -4.928196966648101807e-02
-4.411423113197088242e-02 -5.862513557076454163e-02
-4.235929402057081461e-02 -6.853488273918628693e-02
-4.952044284436851740e-02 -7.844088505953550339e-02
-5.722283490467816591e-02 -8.742140606045722961e-02
-5.197714467067271471e-02 -9.611484874039888382e-02
-4.850383906159549952e-02 -1.037908135913312435e-01
-5.592528183478862047e-02 -1.131365536712110043e-01
-4.848408198449760675e-02 -1.146996937459334731e-01
-5.308702553156763315e-02 -1.104763279436156154e-01
-5.073377571534365416e-02 -1.178922000108286738e-01
-5.428205395583063364e-02 -1.116487699327990413e-01
-4.736952122766524553e-02 -1.150847271783277392e-01
-4.994460393209010363e-02 -1.223863692721351981e-01
-5.914965376723557711e-02 -1.263140066293999553e-01
-5.270467384252697229e-02 -1.245365508366376162e-01
-4.944159497972577810e-02 -1.227138635003939271e-01
-4.781688924413174391e-02 -1.183436234714463353e-01
-5.297105375211685896e-02 -1.137119896011427045e-01
-4.817243886645883322e-02 -1.099447890883311629e-01
-4.911722970427945256e-02 -1.014339573448523879e-01
-5.201333953300490975e-02 -1.059665106004104018e-01
-5.444055917905643582e-02 -1.127651551505550742e-01
-4.664015659363940358e-02 -1.159657730022445321e-01
-4.332090873504057527e-02 -1.138647975167259574e-01
-4.440274013904854655e-02 -1.167318559018895030e-01
-5.077866249484941363e-02 -1.120854726759716868e-01
-5.261290358612313867e-02 -1.078033748781308532e-01
-5.088600568706169724e-02 -1.129796550376340747e-01
-5.128283254452981055e-02 -1.072087477659806609e-01
-4.991754531511105597e-02 -1.037135623628273606e-01
-5.831329259672202170e-02 -1.022667323704808950e-01
-5.480980910942889750e-02 -1.097974095027893782e-01
-4.820210151956416667e-02 -1.068427311256527901e-01
-4.942843134631402791e-02 -1.075618867762386799e-01
-4.610687683452852070e-02 -1.086007850244641304e-01
-5.086119243060238659e-02 -1.160840447992086411e-01
-4.406146382098086178e-02 -1.126124688889831305e-01
-4.570106652681715786e-02 -1.139921601861715317e-01
-5.065489051048643887e-02 -1.074236510321497917e-01
-4.469607819919474423e-02 -1.152794091030955315e-01
-5.026551758055575192e-02 -1.113430922850966454e-01
-4.619791547884233296e-02 -1.106151562999002635e-01
-4.412443449837155640e-02 -1.049234780366532505e-01
-4.678362657432444394e-02 -1.086158223333768547e-01
-4.809428381850011647e-02 -1.160975412349216640e-01
