-5.830890117103815218e-02 -1.312408274467099789e-01
-8.755460381507873535e-03 -9.845782071352005005e-03
-1.746684964746236801e-02 -1.974543835967779160e-02
-2.631126716732978821e-02 -2.952925488352775574e-02
-2.761950204148888588e-02 -3.934496454894542694e-02
-2.942700567655265331e-02 -4.933498613536357880e-02
-3.236776520498096943e-02 -5.721185170114040375e-02
-2.948993374593555927e-02 -6.702006421983242035e-02
-2.914395739207975566e-02 -7.692398689687252045e-02
-2.646458332310430706e-02 -8.675950393080711365e-02
-3.085532595287077129e-02 -9.665948804467916489e-02
-2.919874360668472946e-02 -1.065393602475523949e-01
-2.471368733677081764e-02 -1.154428906738758087e-01
-2.840768030728213489e-02 -1.204951247200369835e-01
-2.319828697363846004e-02 -1.170464763417840004e-01
-2.064059927943162620e-02 -1.249895738437771797e-01
-1.952087841345928609e-02 -1.250769482940086164e-01
-2.533074989332817495e-02 -1.278433153420337476e-01
-2.441392556647770107e-02 -1.298766132458695211e-01
-2.237828515353612602e-02 -1.296464463448501192e-01
-1.757375869783572853e-02 -1.371148287071264349e-01
-2.100738367880694568e-02 -1.331396077512181364e-01
-1.946697323000989854e-02 -1.263713238513446413e-01
-2.164367990917526186e-02 -1.285843323203152977e-01
-2.340503581217490137e-02 -1.299471990423626266e-01
-2.671443097642622888e-02 -1.256191889042383991e-01
-2.618284933851100504e-02 -1.186150233479565941e-01
-2.563841574010439217e-02 -1.202273289891309105e-01
-2.071794893709011376e-02 -1.283729146452969871e-01
-1.486624151584692299e-02 -1.226525162564939819e-01
-1.593783163116313517e-02 -1.306342422249144875e-01
-1.272268328466452658e-02 -1.225532307507819496e-01
-1.603839304880239069e-02 -1.188077416954911314e-01
-1.386693157837726176e-02 -1.264704379937029444e-01
-1.375175990688148886e-02 -1.231481980285025202e-01
-1.545400651230011135e-02 -1.283340726731694303e-01
-1.480624709802214056e-02 -1.357182588180876337e-01
-1.627673594339285046e-02 -1.391364129012799822e-01
-1.177969913987908512e-02 -1.322617836049175821e-01
-1.511698089598212391e-02 -1.303544385809800588e-01
-1.025995113013777882e-02 -1.314583731800667010e-01
-1.744923427759204060e-02 -1.275174523689202033e-01
-1.444634878134820610e-02 -1.352524844915024005e-01
-1.607741498446557671e-02 -1.309853022903553210e-01
-1.572358513658400625e-02 -1.382011714376858436e-01
-1.674023711530026048e-02 -1.404549981452873908e-01
-2.414023385790642351e-02 -1.323241478748968802e-01
-2.158231379871722311e-02 -1.291719848741195165e-01
-2.085451128368731588e-02 -1.287151939686737023e-01
-2.096903743222355843e-02 -1.281705708461231552e-01
-2.722473116591572762e-02 -1.291818226673058234e-01
