9.999438874656733922e-02 -4.894065152080675357e-02
9.827451780438423157e-03 -9.859240613877773285e-03
1.962970755994319916e-02 -1.956029236316680908e-02
2.920236811041831970e-02 -2.809629682451486588e-02
3.743005823343992233e-02 -3.786211926490068436e-02
4.670616239309310913e-02 -4.734945669770240784e-02
5.593233369290828705e-02 -5.101260077208280563e-02
6.210404401645064354e-02 -5.951362755149602890e-02
6.287779571721330285e-02 -6.303433142602443695e-02
5.969002615893259645e-02 -6.494268251117318869e-02
5.689338460797443986e-02 -6.118266668636351824e-02
6.489253748441115022e-02 -5.812018958386033773e-02
7.321274519199505448e-02 -5.916464945767074823e-02
7.785971049452200532e-02 -6.196530943270772696e-02
7.901590823894366622e-02 -6.538484443444758654e-02
8.198166842339560390e-02 -6.105492927599698305e-02
8.642769342986866832e-02 -6.755422626156359911e-02
8.641448802154627629e-02 -5.867593933362513781e-02
8.061440800156560726e-02 -5.725000915117561817e-02
7.367855914708343334e-02 -6.163973757065832615e-02
7.617746711548534222e-02 -6.665386375971138477e-02
6.949697154414025135e-02 -6.893834890797734261e-02
7.379363429572549649e-02 -6.392585486173629761e-02
7.302200152844307013e-02 -6.433900742558762431e-02
7.319269492654711939e-02 -5.657203373266384006e-02
7.863063761396915652e-02 -6.241388962371274829e-02
7.705570059260935523e-02 -6.050513434456661344e-02
7.645286637489334680e-02 -5.571863689692690969e-02
7.291523780804709531e-02 -6.385334470542147756e-02
7.443040697035030462e-02 -6.034332263516262174e-02
7.109710545410052873e-02 -5.791644082637503743e-02
7.014353544582263567e-02 -6.186802481533959508e-02
7.205386908390210010e-02 -6.435278692515566945e-02
6.760329037570045330e-02 -6.529768800828605890e-02
6.662973494167090394e-02 -7.106663670856505632e-02
6.770124880495131947e-02 -7.457400031853467226e-02
7.057441433789790608e-02 -7.495107420254498720e-02
7.734949316727579571e-02 -7.627891364973038435e-02
7.003792643445194699e-02 -6.717287737410515547e-02
6.658609945225180127e-02 -6.921902194153517485e-02
6.367797579514444806e-02 -7.717432349454611540e-02
6.310789136114181019e-02 -7.411426270846277475e-02
6.406858947957516648e-02 -7.990911195520311594e-02
6.789654761450947262e-02 -7.202613039407879114e-02
6.419948011534870602e-02 -6.833189667668193579e-02
6.923267839374602772e-02 -7.172499538864940405e-02
7.383335323902429081e-02 -7.755666912999004126e-02
6.587416807087720372e-02 -7.020008040126413107e-02
7.214776880937279202e-02 -6.396821455564349890e-02
6.464040361242950894e-02 -7.156356552150100470e-02
7.217597205089987256e-02 -7.036604627501219511e-02
