9.226139282902413863e-02 -1.142753063066232616e-02
9.749612770974636078e-03 -8.154787123203277588e-03
1.971040852367877960e-02 -1.778534054756164551e-02
2.950680255889892578e-02 -2.735170349478721619e-02
3.913462720811367035e-02 -3.718785848468542099e-02
4.887317586690187454e-02 -4.555931594222784042e-02
5.782380048185586929e-02 -5.478164553642272949e-02
6.744769401848316193e-02 -5.191439273767173290e-02
7.435245811939239502e-02 -5.897907051257789135e-02
7.703383732587099075e-02 -5.814278876641765237e-02
8.126076729968190193e-02 -4.850247228750959039e-02
8.334426302462816238e-02 -5.434568651253357530e-02
8.472984691616147757e-02 -4.778125049779191613e-02
8.758361230138689280e-02 -4.549403308192268014e-02
8.616300357971340418e-02 -4.518801093217916787e-02
9.312949201557785273e-02 -4.261084672180004418e-02
9.379556315252557397e-02 -4.280546482186764479e-02
8.867260121041908860e-02 -4.370136017678305507e-02
8.085234422469511628e-02 -3.807412384776398540e-02
8.593364484841004014e-02 -4.251856933115050197e-02
7.835726399207487702e-02 -3.445218334672972560e-02
8.605345623800531030e-02 -4.106823558686301112e-02
9.134894242743030190e-02 -4.733926214976236224e-02
8.661507494980469346e-02 -4.489472782006487250e-02
8.438820374431088567e-02 -4.340766585664823651e-02
8.361493004485964775e-02 -4.878755129175260663e-02
8.908706763759255409e-02 -4.523499292554333806e-02
8.045916585251688957e-02 -5.235368927242234349e-02
8.563222317025065422e-02 -5.506488640094175935e-02
8.973279874771833420e-02 -5.217120848828926682e-02
8.214715775102376938e-02 -4.686568729812279344e-02
8.480754657648503780e-02 -4.282445093849673867e-02
8.671156212221831083e-02 -4.532930400455370545e-02
7.987158594187349081e-02 -4.247861896874383092e-02
7.525329187046736479e-02 -4.563843092182651162e-02
7.917659718077629805e-02 -4.970501136267557740e-02
7.994816376594826579e-02 -4.846279689809307456e-02
8.118303486844524741e-02 -5.735845857998356223e-02
8.459730813046917319e-02 -5.581577360862866044e-02
8.078839135123416781e-02 -4.641805641585960984e-02
8.632896112976595759e-02 -5.409974145004525781e-02
9.081744606373831630e-02 -5.808419600361958146e-02
8.435580664081498981e-02 -5.167739797616377473e-02
7.828620699001476169e-02 -4.370567254954949021e-02
7.736780913546681404e-02 -5.154866684461012483e-02
8.175956970080733299e-02 -4.773017280967906117e-02
8.573999162763357162e-02 -5.042324290843680501e-02
8.588351603248156607e-02 -4.346595547394827008e-02
8.663192743551917374e-02 -4.490599414566531777e-02
8.862945184228010476e-02 -4.222402587765827775e-02
8.560060130548663437e-02 -4.566261131549254060e-02
