6.712340586247063368e-02 2.412454644328046460e-02
9.916343726217746735e-03 -8.451356552541255951e-03
1.966875884681940079e-02 -1.749030314385890961e-02
2.944444958120584488e-02 -2.635542489588260651e-02
3.928438480943441391e-02 -3.584398608654737473e-02
4.820738080888986588e-02 -3.841551626101136208e-02
5.598262557759881020e-02 -4.774808371439576149e-02
6.454457761719822884e-02 -4.837908589979633689e-02
7.002330757677555084e-02 -5.255441641202196479e-02
7.170007436070591211e-02 -5.800449702655896544e-02
7.838588545564562082e-02 -5.623427248792722821e-02
8.191364340018481016e-02 -5.350639933021739125e-02
8.565374661702662706e-02 -6.086992874043062329e-02
7.840929331723600626e-02 -5.958183779148384929e-02
7.620322762522846460e-02 -5.678226141026243567e-02
8.027516410220414400e-02 -6.357238296186551452e-02
7.984403418959118426e-02 -6.019263522466644645e-02
7.862173850298859179e-02 -5.502045660978183150e-02
8.231730517582036555e-02 -5.171174922725185752e-02
8.544287961558438838e-02 -5.408905766671523452e-02
8.810144095332361758e-02 -6.314619764452800155e-02
8.321944708586670458e-02 -5.909638892626389861e-02
7.837065719650126994e-02 -6.551728484919294715e-02
8.522536270902492106e-02 -6.326410424662753940e-02
8.799192067817784846e-02 -5.733300809515640140e-02
8.016144522116519511e-02 -5.050561827374622226e-02
7.681207303539849818e-02 -5.811385222477838397e-02
7.855028033372946084e-02 -6.228135264245793223e-02
7.260131722432561219e-02 -5.565814179135486484e-02
6.799630241584964097e-02 -5.257982172770425677e-02
6.589454741333611310e-02 -6.051955156726762652e-02
7.178086697240360081e-02 -5.185094353510066867e-02
7.449526249547488987e-02 -5.932462000055238605e-02
7.718194884364493191e-02 -6.715164863271638751e-02
7.120445885811932385e-02 -5.879584763897582889e-02
6.742503217537887394e-02 -6.599736277712509036e-02
7.466094990377314389e-02 -6.530180282425135374e-02
7.781096946564503014e-02 -5.913363059516996145e-02
7.435789963346906006e-02 -5.684139940422028303e-02
6.696377487969584763e-02 -5.895541643258184195e-02
6.340380295296199620e-02 -6.337446288671344519e-02
6.550838801194913685e-02 -6.688933807890862226e-02
7.299726086785085499e-02 -6.116181833203881979e-02
7.603856877540238202e-02 -6.449435569811612368e-02
7.210746363853104413e-02 -5.925662734080106020e-02
7.261709644808433950e-02 -5.855656962376087904e-02
8.072394746704958379e-02 -5.676419357769191265e-02
8.191058409283868968e-02 -5.610379081917926669e-02
7.687252803589217365e-02 -5.836862599244341254e-02
7.909390956046991050e-02 -6.110388849629089236e-02
7.531959933112375438e-02 -5.639838211936876178e-02
