5.192657903263913494e-02 3.546128006276925981e-02
9.815474972128868103e-03 -9.169124998152256012e-03
1.945511251688003540e-02 -1.566555257886648178e-02
2.880746591836214066e-02 -2.311402978375554085e-02
3.781644627451896667e-02 -3.257074067369103432e-02
4.557731514796614647e-02 -4.143794206902384758e-02
5.476574273779988289e-02 -4.385188710875809193e-02
6.368719367310404778e-02 -5.016080220229923725e-02
6.574560538865625858e-02 -4.389237263239920139e-02
7.038437132723629475e-02 -5.230176472105085850e-02
7.479567755945026875e-02 -4.677525791339576244e-02
7.737413397990167141e-02 -5.455583822913467884e-02
7.029754179529845715e-02 -5.270190851297229528e-02
6.737904925830662251e-02 -5.729060794692486525e-02
6.873930827714502811e-02 -5.701475168461911380e-02
7.271966361440718174e-02 -5.271306770737282932e-02
6.549405748955905437e-02 -5.182431239518336952e-02
6.456240353872999549e-02 -5.619172865408472717e-02
6.750528159318491817e-02 -5.352773607592098415e-02
6.079089938430115581e-02 -5.048745099338702857e-02
6.234151177341118455e-02 -4.903034991002641618e-02
6.090026494348421693e-02 -5.297678787610493600e-02
6.723003840306773782e-02 -5.610444801277481019e-02
6.360714422771707177e-02 -5.723901648889295757e-02
6.326920914580114186e-02 -5.239505550707690418e-02
5.702947874669916928e-02 -4.922379759955219924e-02
6.350683936034329236e-02 -4.893508224631659687e-02
6.578432329115457833e-02 -5.584031340549699962e-02
6.423673048266209662e-02 -5.793745160917751491e-02
6.669863584102131426e-02 -5.313638082589022815e-02
6.483580233179964125e-02 -5.485211775521747768e-02
5.737629267969168723e-02 -5.871702401782386005e-02
5.571689052158035338e-02 -6.150857775355689228e-02
6.019962826394475996e-02 -6.540243580820970237e-02
5.588976727449335158e-02 -5.728674374404363334e-02
6.151895844959653914e-02 -5.674776874366216362e-02
5.618621097528375685e-02 -5.105254260706715286e-02
6.348024835460819304e-02 -4.612669695052318275e-02
6.802644222625531256e-02 -5.460215147468261421e-02
7.241221625008620322e-02 -5.282811223878525198e-02
6.853834414505399764e-02 -5.138937532319687307e-02
6.583737526671029627e-02 -5.185353517299517989e-02
6.396348334965296090e-02 -5.082649114774540067e-02
6.523877711151726544e-02 -4.857180482940748334e-02
7.247484990512020886e-02 -4.941907827742397785e-02
7.220693715498782694e-02 -5.101382196880877018e-02
6.401389781967736781e-02 -4.923519084695726633e-02
6.491526067839004099e-02 -5.702078586909919977e-02
5.952588553191162646e-02 -6.097340083215385675e-02
6.035907260957174003e-02 -6.512395956087857485e-02
5.465580170857720077e-02 -5.895951634738594294e-02
