-6.037632955270032936e-02 2.971636488039157420e-02
-6.822404917329549789e-03 -7.683235220611095428e-03
-1.177313504740595818e-02 -1.668157521635293961e-02
-2.168927574530243874e-02 -2.301513496786355972e-02
-3.152224561199545860e-02 -2.591172745451331139e-02
-4.107994260266423225e-02 -3.024816233664751053e-02
-4.440161166712641716e-02 -2.985132773756049573e-02
-5.239463271573185921e-02 -3.457143073319457471e-02
-5.867097014561295509e-02 -4.162124227150343359e-02
-6.395309139043092728e-02 -3.251133076264522970e-02
-7.099809031933546066e-02 -3.271438053343445063e-02
-7.747342484071850777e-02 -2.771251148078590631e-02
-7.442496204748749733e-02 -3.398955205921083689e-02
-6.748619489371776581e-02 -3.599438408855348825e-02
-7.028367975726723671e-02 -3.658374107908457518e-02
-6.986807446810416877e-02 -3.391205111984163523e-02
-6.999159198312554508e-02 -3.644930210430175066e-02
-7.439198777137789875e-02 -3.000842651817947626e-02
-7.278275060525629669e-02 -3.137448325287550688e-02
-7.406933467427734286e-02 -3.632153233047574759e-02
-7.076460892858449370e-02 -4.046976508107036352e-02
-7.200528729299549013e-02 -3.876121703069657087e-02
-6.630362758005503565e-02 -3.234076208900660276e-02
-5.772395899111870676e-02 -2.691293915268033743e-02
-6.272631605679634959e-02 -3.658932296093553305e-02
-5.741631706769112498e-02 -3.497412416618317366e-02
-5.646085938496980816e-02 -3.154755325522273779e-02
-6.248076273186597973e-02 -4.043282044585794210e-02
-6.929742232023272663e-02 -3.489473031368106604e-02
-6.505742449371609837e-02 -3.635967534501105547e-02
-6.115341222903225571e-02 -2.902607864234596491e-02
-5.841764844080898911e-02 -3.491915867198258638e-02
-5.639345933741424233e-02 -4.293363832402974367e-02
-5.801844877714756876e-02 -4.310921095020603389e-02
-6.508815848792437464e-02 -4.295148275559768081e-02
-7.284921316022519022e-02 -4.050521523458883166e-02
-7.358731831482145935e-02 -3.952526248758658767e-02
-7.216401073674205691e-02 -3.046704962616786361e-02
-6.698977436462882906e-02 -3.502984804799780250e-02
-6.830851164704654366e-02 -3.394253301667049527e-02
-6.224660518637392670e-02 -3.098787000635638833e-02
-6.270924450655002147e-02 -3.028753568651154637e-02
-6.630844816390890628e-02 -3.290100680897012353e-02
-6.710238080995623022e-02 -2.938454976538196206e-02
-6.668245537730399519e-02 -2.453103061998263001e-02
-6.364920364285353571e-02 -2.131136419484391809e-02
-6.158310292812529951e-02 -2.749220846453681588e-02
-6.833358320000115782e-02 -3.476246359059587121e-02
-6.969173940888140351e-02 -4.178946051979437470e-02
-7.230115206039045006e-02 -3.624026203760877252e-02
-6.828678901365492493e-02 -3.361826558830216527e-02
