-9.529157942953998817e-02 -1.967649608268083605e-02
-9.228431619703769684e-03 -9.821060113608837128e-03
-1.715721189975738525e-02 -1.960341073572635651e-02
-2.690703235566616058e-02 -2.945897821336984634e-02
-3.365767654031515121e-02 -3.921328112483024597e-02
-3.918747371062636375e-02 -4.837643168866634369e-02
-4.672081209719181061e-02 -5.745789315551519394e-02
-5.281238397583365440e-02 -6.735798344016075134e-02
-4.506290750578045845e-02 -7.623588759452104568e-02
-4.716146411374211311e-02 -8.574037626385688782e-02
-5.473093688488006592e-02 -8.747458644211292267e-02
-5.251325317658483982e-02 -9.456121688708662987e-02
-5.218473146669566631e-02 -9.418066745274700224e-02
-4.345961264334619045e-02 -9.942307011806406081e-02
-4.396929376525804400e-02 -1.015795619750861079e-01
-3.903409343911334872e-02 -9.512079801061190665e-02
-4.372203088132664561e-02 -9.803319480852223933e-02
-4.577555804280564189e-02 -9.561892543570138514e-02
-4.223297507269307971e-02 -9.645051389816217124e-02
-4.895247163949534297e-02 -9.274271174217574298e-02
-5.582844669697806239e-02 -1.004827990836929530e-01
-5.541621739394031465e-02 -9.352088949526660144e-02
-4.848249288625083864e-02 -8.907474295119754970e-02
-4.636187301366589963e-02 -8.594679852831177413e-02
-4.954730914323590696e-02 -9.489480053889565170e-02
-5.375720895244739950e-02 -9.523072038427926600e-02
-4.941068458720110357e-02 -9.054701859713532031e-02
-5.362085960223339498e-02 -9.314292707131244242e-02
-5.166652947082184255e-02 -9.811434792936779559e-02
-4.896471541724167764e-02 -9.751488020992837846e-02
-4.876298588351346552e-02 -1.028552892094012350e-01
-5.214863936998881400e-02 -9.461279571405611932e-02
-5.012793224886991084e-02 -9.684924487373791635e-02
-5.039981941808946431e-02 -1.026695071195717901e-01
-4.373840431799180806e-02 -9.976729992195032537e-02
-3.928580883075483143e-02 -9.562378199188970029e-02
-4.702762936358340085e-02 -9.820046214736066759e-02
-4.695916985656367615e-02 -1.057456758280750364e-01
-4.421796295355306938e-02 -9.718321342370472848e-02
-4.947937996621476486e-02 -9.188201217330060899e-02
-5.164073914784239605e-02 -9.701718096039257944e-02
-4.356830422329949215e-02 -1.005054901761468500e-01
-4.464457574795233086e-02 -1.059821968374308199e-01
-4.942016787390457466e-02 -1.092942253162618726e-01
-5.480314529995666817e-02 -1.070051960123237222e-01
-5.126348179328488186e-02 -9.995696585974656045e-02
-5.342676206055330113e-02 -1.042218453658279032e-01
-4.764541699114488438e-02 -9.754804553813301027e-02
-4.770841373829171062e-02 -9.502690503722988069e-02
-5.221560009522363544e-02 -1.026395953667815775e-01
-5.406624620081856847e-02 -1.032691443979274482e-01
