-9.631318223015639113e-02 -7.690299107349754526e-02
-8.961249142885208130e-03 -8.824315853416919708e-03
-1.477070758119225502e-02 -1.866420358419418335e-02
-1.828112476505339146e-02 -2.827372681349515915e-02
-2.757571381516754627e-02 -3.756316751241683960e-02
-3.370385454036295414e-02 -4.737340193241834641e-02
-3.942964575253427029e-02 -5.563572887331247330e-02
-4.165275651030242443e-02 -6.544048711657524109e-02
-3.925115428864955902e-02 -7.509367447346448898e-02
-4.355916334316134453e-02 -8.491455949842929840e-02
-4.518000676762312651e-02 -9.411145001649856567e-02
-5.152904090937227011e-02 -8.924010908231139183e-02
-5.059890926349908113e-02 -9.838538849726319313e-02
-4.733606765512377024e-02 -9.107783995568752289e-02
-4.963638784829527140e-02 -8.729655481874942780e-02
-4.613410716410726309e-02 -9.088356816209852695e-02
-4.490759619511663914e-02 -9.729457157664000988e-02
-4.543480405118316412e-02 -1.012223118450492620e-01
-5.223885166924446821e-02 -9.657135209999978542e-02
-5.108572111930698156e-02 -9.498676506336778402e-02
-5.600817070808261633e-02 -1.006085783010348678e-01
-4.831729538273066282e-02 -1.052510224981233478e-01
-4.283905529882758856e-02 -1.055735414265654981e-01
-4.847602441441267729e-02 -1.068361197249032557e-01
-5.062967783305794001e-02 -9.976434806594625115e-02
-4.670310870278626680e-02 -1.036040809121914208e-01
-5.100824183318763971e-02 -1.068853093893267214e-01
-4.849243361968547106e-02 -1.038361336686648428e-01
-5.020601232536137104e-02 -9.523980651283636689e-02
-5.269812885671854019e-02 -1.005020575248636305e-01
-5.492637213319540024e-02 -9.879254625411704183e-02
-5.078897904604673386e-02 -9.364715759875252843e-02
-5.310744885355234146e-02 -8.906098577426746488e-02
-4.880047217011451721e-02 -9.087209549034014344e-02
-4.390888847410678864e-02 -9.966101549798622727e-02
-4.234213870950043201e-02 -9.877396730007603765e-02
-4.964296543039381504e-02 -1.063956756261177361e-01
-4.777314630337059498e-02 -9.859082550974562764e-02
-4.810121265472844243e-02 -1.006296475534327328e-01
-4.621598817175254226e-02 -9.732254227856174111e-02
-5.154744064202532172e-02 -1.015034206793643534e-01
-5.418469099095091224e-02 -9.665356116602197289e-02
-5.117867392254993320e-02 -9.155323595041409135e-02
-5.665726651204749942e-02 -8.416360482806339860e-02
-5.749029980506747961e-02 -8.962864620843902230e-02
-5.430847511161118746e-02 -9.194660634966567159e-02
-5.511165363714098930e-02 -8.445926645072177052e-02
-5.454335315153002739e-02 -8.999790326924994588e-02
-5.613311030901968479e-02 -8.510988840134814382e-02
-5.050380225293338299e-02 -8.554218179779127240e-02
-4.767318489030003548e-02 -8.950298262061551213e-02
