-8.944668502718730596e-02 -9.471342681619411563e-02
-8.410889655351638794e-03 -9.272193536162376404e-03
-1.729767769575119019e-02 -1.881291344761848450e-02
-2.589622512459754944e-02 -2.786400914192199707e-02
-3.493688069283962250e-02 -3.500270331278443336e-02
-3.836970939300954342e-02 -4.462225036695599556e-02
-4.062807979062199593e-02 -5.380885815247893333e-02
-4.721207357943058014e-02 -6.336661567911505699e-02
-5.387456202879548073e-02 -7.269326644018292427e-02
-5.360832001315429807e-02 -8.128592697903513908e-02
-4.919047030853107572e-02 -9.024368738755583763e-02
-4.755952389677986503e-02 -9.478351566940546036e-02
-4.959842766402289271e-02 -9.963177144527435303e-02
-4.632895201211795211e-02 -9.646892617456614971e-02
-4.662493197247385979e-02 -9.561699582263827324e-02
-4.824820242356508970e-02 -9.722212504129856825e-02
-4.853873036336153746e-02 -9.040809131693094969e-02
-5.051956383977085352e-02 -9.745205088984221220e-02
-4.568644997198134661e-02 -1.008601359790191054e-01
-5.156314990017563105e-02 -9.431498951744288206e-02
-5.711161450017243624e-02 -9.268264484126120806e-02
-4.945914598647505045e-02 -9.923835110384970903e-02
-4.455774521920830011e-02 -9.071395744103938341e-02
-4.559514019638299942e-02 -9.798488544765859842e-02
-5.352549627423286438e-02 -9.740089939441531897e-02
-4.725701408460736275e-02 -9.802787704393267632e-02
-5.157550750300288200e-02 -9.413085621781647205e-02
-4.265726776793599129e-02 -9.426451366744004190e-02
-4.087159852497279644e-02 -8.551644519320689142e-02
-4.273598408326506615e-02 -9.427853845409117639e-02
-4.419835843145847321e-02 -9.522577785537578166e-02
-4.135781456716358662e-02 -9.750251370132900774e-02
-4.577642143703997135e-02 -9.564679223694838583e-02
-5.037374491803348064e-02 -1.020676984044257551e-01
-4.442789196036756039e-02 -9.404245266341604292e-02
-5.146681354381144047e-02 -9.815120711573399603e-02
-4.662054241634905338e-02 -9.510195525945164263e-02
-3.848168370313942432e-02 -9.480423005879856646e-02
-3.964591433759778738e-02 -9.354003824410028756e-02
-3.533375437837094069e-02 -9.252601783373393118e-02
-3.888616722542792559e-02 -8.989690468297339976e-02
-3.649751597549766302e-02 -9.491520878509618342e-02
-4.187893390189856291e-02 -9.827372423023916781e-02
-3.867456910666078329e-02 -9.604814639897085726e-02
-4.370800487231463194e-02 -9.470548262470401824e-02
-3.839921939652413130e-02 -1.008184330130461603e-01
-3.254758834373205900e-02 -1.043899349460843951e-01
-3.693205572199076414e-02 -9.701163336285389960e-02
-3.895322780590504408e-02 -1.053465066070202738e-01
-3.871156793320551515e-02 -1.085153589083347470e-01
-4.463619185844436288e-02 -1.099239805771503597e-01
