-6.411257048177053386e-02 -1.267435880462987330e-01
-7.191465236246585846e-03 -9.240416809916496277e-03
-9.862235514447093010e-03 -1.915804110467433929e-02
-1.232942380011081696e-02 -2.883934602141380310e-02
-1.809036871418356895e-02 -3.872839361429214478e-02
-1.757800241466611624e-02 -4.862744361162185669e-02
-2.199090027716010809e-02 -5.690419301390647888e-02
-2.261104487115517259e-02 -6.671915575861930847e-02
-2.698773756856098771e-02 -7.642529439181089401e-02
-2.533289807615801692e-02 -8.509503770619630814e-02
-2.151314512593671679e-02 -9.026194131001830101e-02
-2.606893115444108844e-02 -9.482574835419654846e-02
-2.558392577338963747e-02 -1.018185890279710293e-01
-2.759529522154480219e-02 -1.042675531934946775e-01
-3.021884954068809748e-02 -1.104180335532873869e-01
-2.560751012060791254e-02 -1.061720417346805334e-01
-2.875054988544434309e-02 -1.057955096766818315e-01
-3.359375509899109602e-02 -1.090632262930739671e-01
-2.779763366561383009e-02 -1.139624216884840280e-01
-2.607991488184779882e-02 -1.188113936514128000e-01
-2.969452517572790384e-02 -1.242845687374938279e-01
-3.336419758852571249e-02 -1.213716958009172231e-01
-2.918514783959835768e-02 -1.142750550352502614e-01
-2.679182111751288176e-02 -1.082165888801682740e-01
-3.053742402698844671e-02 -1.056652693368960172e-01
-3.676140948664397001e-02 -1.074872080062050372e-01
-3.090342122595757246e-02 -1.006403330538887531e-01
-3.087808925192803144e-02 -1.014137599559035152e-01
-2.353862149175256491e-02 -1.077075941429939121e-01
-2.303111657965928316e-02 -1.008144459628965706e-01
-2.561038837302476168e-02 -1.018872264248784631e-01
-2.313909761141985655e-02 -1.070866736990865320e-01
-2.501226414460688829e-02 -1.027551147562917322e-01
-2.162872662302106619e-02 -1.069561618787702173e-01
-1.567347429227083921e-02 -1.075227046094369143e-01
-1.767832285258919001e-02 -1.054245519626419991e-01
-2.462881535757333040e-02 -1.099755952309351414e-01
-2.505113987717777491e-02 -1.037929567683022469e-01
-2.833377558272331953e-02 -1.094566189858596772e-01
-2.728883223608136177e-02 -1.078136480355169624e-01
-2.820952789625152946e-02 -1.099543302261736244e-01
-2.817216174662462436e-02 -1.056529587076511234e-01
-2.552777071468881331e-02 -1.070464664080645889e-01
-2.628310935324407183e-02 -1.089747796941082925e-01
-2.125304125002003275e-02 -1.023213325242977589e-01
-2.281200422658002935e-02 -1.063061586755793542e-01
-2.509403533986187540e-02 -1.013269538234453648e-01
-2.260529345585382544e-02 -1.101290334190707654e-01
-2.307324413777678274e-02 -1.117084921279456466e-01
-2.036638743811636232e-02 -1.129426313273143023e-01
-2.113711781203164719e-02 -1.052452888980042189e-01
