-2.823481030317327722e-02 -1.459312018435285907e-01
8.383090607821941376e-03 -9.504277259111404419e-03
1.651889551430940628e-02 -1.934926304966211319e-02
1.264081709086894989e-02 -2.921151556074619293e-02
1.593962893821299076e-02 -3.881897497922182083e-02
2.220409479923546314e-02 -4.863519780337810516e-02
1.876646722666919231e-02 -5.856312066316604614e-02
1.972920144908130169e-02 -6.854019314050674438e-02
2.582208602689206600e-02 -7.841279078274965286e-02
2.604358880489598960e-02 -8.807868417352437973e-02
3.237421489029657096e-02 -9.774116892367601395e-02
3.096080168324988335e-02 -1.071424093097448349e-01
3.386240701365750283e-02 -1.089274265104904771e-01
2.921374065044801682e-02 -1.130139675224199891e-01
3.418750751006882638e-02 -1.158446491463109851e-01
3.965156541380565614e-02 -1.146065188804641366e-01
3.438935118902008981e-02 -1.140543700894340873e-01
3.221146312716882676e-02 -1.164488018257543445e-01
2.928839174273889512e-02 -1.217594187473878264e-01
3.751968049618881196e-02 -1.295386826386675239e-01
4.099379798572044820e-02 -1.268811094341799617e-01
4.408678312029223889e-02 -1.278846251079812646e-01
4.378549118700902909e-02 -1.205307423369958997e-01
5.007321356970351189e-02 -1.167007052572444081e-01
5.007075845446706808e-02 -1.230030056321993470e-01
4.603951751437307394e-02 -1.142686797538772225e-01
4.398831679668546712e-02 -1.202466707909479737e-01
3.742324375730277097e-02 -1.166791719151660800e-01
4.428752885382891691e-02 -1.106689450098201632e-01
4.025618919354201353e-02 -1.117537703830748796e-01
4.134703405384243524e-02 -1.158790530171245337e-01
3.648394789729536569e-02 -1.140084351645782590e-01
3.879404627900839841e-02 -1.089548195013776422e-01
3.203336150568247831e-02 -1.133518359856680036e-01
3.408212565068424738e-02 -1.197087807813659310e-01
3.598891630485923088e-02 -1.213556653819978237e-01
4.229503743067652977e-02 -1.139154359698295593e-01
3.415267694458634651e-02 -1.099303420633077621e-01
3.372902264186450338e-02 -1.085214873310178518e-01
4.205845044293710089e-02 -1.081392391643021256e-01
4.678508899473854399e-02 -1.123420925869140774e-01
4.404244692364045477e-02 -1.165279228298459202e-01
3.774957479276963568e-02 -1.160564894380513579e-01
3.753725948286046332e-02 -1.226268249156419188e-01
3.268204486471404380e-02 -1.228488230117363855e-01
2.942448664930452651e-02 -1.191204751812620088e-01
2.921224524857279903e-02 -1.141408051335019991e-01
3.283973852762755996e-02 -1.166469443560345098e-01
2.872384315946874267e-02 -1.140556396421743557e-01
3.234577644275304920e-02 -1.147404242510674521e-01
3.019078727470514423e-02 -1.172956455702660605e-01
