-1.113062744445752171e-02 -1.493786150672904434e-01
5.758583545684814453e-03 -9.263250045478343964e-03
1.096786465495824814e-02 -1.896205730736255646e-02
1.276591140776872635e-02 -2.889964450150728226e-02
1.738550746813416481e-02 -3.870336897671222687e-02
2.507478790357708931e-02 -4.836011026054620743e-02
1.935017853975296021e-02 -5.798755679279565811e-02
1.854246173752471805e-02 -6.697866693139076233e-02
1.751414692262187600e-02 -7.692683488130569458e-02
1.250029361108317971e-02 -8.680558297783136368e-02
1.170289196306839585e-02 -9.679822809994220734e-02
1.570218714186921716e-02 -1.064534839242696762e-01
1.641819271026179194e-02 -1.133901560679078102e-01
1.736817986238747835e-02 -1.225524703040719032e-01
1.647350465646013618e-02 -1.308106016367673874e-01
2.172137884190306067e-02 -1.378360018134117126e-01
2.896134735783562064e-02 -1.346853110007941723e-01
2.946134208468720317e-02 -1.310915932990610600e-01
2.499132527736946940e-02 -1.313173989328788593e-01
2.264564106008037925e-02 -1.302639250206993893e-01
2.380806155269965529e-02 -1.309621159598464146e-01
2.727843465982005000e-02 -1.355026194505626336e-01
2.345484815305098891e-02 -1.377806200325721875e-01
2.081678475951775908e-02 -1.327711858466500416e-01
1.923271449049934745e-02 -1.390736766770714894e-01
2.116460941033437848e-02 -1.400802191492402926e-01
2.688436658354476094e-02 -1.391932066908339038e-01
2.264133357675746083e-02 -1.409894880052888766e-01
2.096097910543903708e-02 -1.407413991837529466e-01
2.178281272063031793e-02 -1.323085815383819863e-01
2.104166237404569983e-02 -1.238095077424077317e-01
2.129316894570365548e-02 -1.265790876204846427e-01
2.897999488050118089e-02 -1.241732259950367734e-01
3.176789247663691640e-02 -1.327445173374144360e-01
3.071891452418640256e-02 -1.309151984023628756e-01
2.805543743306770921e-02 -1.270343735086498782e-01
2.883269748417660594e-02 -1.235098758916137740e-01
2.858350059250369668e-02 -1.272868212981848046e-01
2.354216860840097070e-02 -1.310549421905307099e-01
2.746982831740751863e-02 -1.295992609084350988e-01
2.280724799493327737e-02 -1.274243232765002176e-01
2.068541740300133824e-02 -1.262868008780060336e-01
2.232451288728043437e-02 -1.243895970255834982e-01
2.387116156751289964e-02 -1.324856037244899198e-01
2.579582406906411052e-02 -1.266494568408234045e-01
2.961819822667166591e-02 -1.286799998924834654e-01
2.716688037617132068e-02 -1.326852401689393446e-01
3.060460923006758094e-02 -1.374827612162334844e-01
2.521909581264480948e-02 -1.309372631803853437e-01
2.968008018797263503e-02 -1.266087477997643873e-01
2.577359409769997001e-02 -1.362063631386263296e-01
