7.831821254210723227e-02 -1.121792375653587470e-01
9.885935112833976746e-03 -9.925280697643756866e-03
1.969880051910877228e-02 -1.941991876810789108e-02
2.953227888792753220e-02 -2.923772856593132019e-02
3.949877247214317322e-02 -3.920887503772974014e-02
4.881368856877088547e-02 -4.893557075411081314e-02
5.748342722654342651e-02 -5.795819964259862900e-02
5.785624234704300761e-02 -6.201569689437747002e-02
6.723459454951807857e-02 -5.765137821435928345e-02
6.890380830736830831e-02 -5.868411448318511248e-02
7.476092065917328000e-02 -6.057559512555599213e-02
7.125890936003997922e-02 -5.846080696210265160e-02
7.722976646618917584e-02 -6.266249064356088638e-02
7.217183458851650357e-02 -5.743620777502655983e-02
7.847936247708275914e-02 -4.970085760578513145e-02
8.117395971203222871e-02 -5.409958353266119957e-02
7.979391730623319745e-02 -5.399656287045218050e-02
8.198555378476157784e-02 -5.729763969429768622e-02
8.774074685061350465e-02 -5.545872557559050620e-02
8.409114630194380879e-02 -5.261725294985808432e-02
8.459401398431509733e-02 -4.943601242848671973e-02
8.538792520994320512e-02 -4.857451908173970878e-02
8.353005984099581838e-02 -5.469436079147271812e-02
8.554495667340233922e-02 -5.107232366572134197e-02
8.223323040874674916e-02 -5.220318466308526695e-02
7.868968072580173612e-02 -5.234270125220064074e-02
7.606534898513928056e-02 -4.652352120319847018e-02
8.236664446303620934e-02 -5.191764376650098711e-02
7.560664886841550469e-02 -5.766229053551796824e-02
8.375713328132405877e-02 -6.146432647074107081e-02
7.854425354162231088e-02 -5.705862307513598353e-02
7.217034563655033708e-02 -6.471968909318093210e-02
7.382283912738785148e-02 -6.170842914434615523e-02
7.649078121175989509e-02 -6.026605879014823586e-02
8.057021343847736716e-02 -5.977667130355257541e-02
8.166603645076975226e-02 -5.988317168521462008e-02
7.782461371971294284e-02 -6.329693574662087485e-02
7.886292896000668406e-02 -6.321757454861653969e-02
8.313183131394907832e-02 -6.729483725939644501e-02
8.790419640718027949e-02 -7.021688092936528847e-02
9.517230436904355884e-02 -6.211189907480729744e-02
8.915210067061707377e-02 -6.836917978216661140e-02
9.063127805711701512e-02 -6.000756733556045219e-02
9.796689666109159589e-02 -5.632590530876768753e-02
9.814738905697595328e-02 -5.478984716319246218e-02
9.763891731563489884e-02 -5.392960790049983189e-02
9.813854964158963412e-02 -5.179653298546327278e-02
9.054816728166770190e-02 -5.522785434004617855e-02
9.212812063924502581e-02 -6.309312773373676464e-02
8.779832375876139849e-02 -5.998622607876313850e-02
8.151341303891967982e-02 -5.668791621428681538e-02
