9.895867362135292444e-02 -3.560621956876686145e-02
9.747731499373912811e-03 -5.480758380144834518e-03
1.964345853775739670e-02 -1.489851111546158791e-02
2.917487639933824539e-02 -2.466318989172577858e-02
3.898488637059926987e-02 -3.419046709313988686e-02
4.859352577477693558e-02 -4.272485570982098579e-02
4.996415844652801752e-02 -4.681846685707569122e-02
5.756796908099204302e-02 -5.595247074961662292e-02
6.369121617171913385e-02 -5.081456620246171951e-02
6.868356384802609682e-02 -5.190788826439529657e-02
6.654638086911290884e-02 -5.586642643902450800e-02
6.831950810737907887e-02 -5.440880556125193834e-02
7.352339639328420162e-02 -4.876915237400680780e-02
6.816481077112257481e-02 -4.710250883363187313e-02
7.048131665214896202e-02 -4.548834834713488817e-02
6.969137868145480752e-02 -5.062037205789238214e-02
6.770240381592884660e-02 -4.311801411677151918e-02
7.157700258539989591e-02 -4.358030893490649760e-02
6.792855757521465421e-02 -5.251027681515552104e-02
6.590494170086458325e-02 -5.553599205450154841e-02
6.425751227652654052e-02 -5.489412872702814639e-02
6.341592391254380345e-02 -4.965331303537823260e-02
6.739050924079492688e-02 -4.741559494868852198e-02
7.156402507098391652e-02 -5.345875202328898013e-02
7.526135124498978257e-02 -5.006726217106916010e-02
7.656281144591048360e-02 -4.642146304831840098e-02
7.232920388923957944e-02 -4.122919999645091593e-02
7.967055152403190732e-02 -4.736842485726810992e-02
7.809442834695801139e-02 -4.983438705676235259e-02
8.385027240728959441e-02 -4.328659517341293395e-02
8.640313817886635661e-02 -4.848055416368879378e-02
9.357326448662206531e-02 -5.215031318948604167e-02
8.985096885589882731e-02 -4.684100105077959597e-02
8.512005553347989917e-02 -5.414615609333850443e-02
8.825608220649883151e-02 -5.374634484178386629e-02
8.073583635268732905e-02 -5.932976803160272539e-02
8.742191566852852702e-02 -5.114836277789436281e-02
8.885899669257923961e-02 -5.734491519979201257e-02
8.095886948285624385e-02 -5.665547304670326412e-02
7.370383822126314044e-02 -4.779737439821474254e-02
7.825542305363342166e-02 -5.318956726114265621e-02
7.524449977790936828e-02 -5.031990652787499130e-02
7.162197277648374438e-02 -5.910016057896427810e-02
7.985578448278829455e-02 -5.793573145638220012e-02
7.052175019634887576e-02 -5.250553131918422878e-02
7.842955895466729999e-02 -4.967329508508555591e-02
8.168383053271099925e-02 -4.956997997214784846e-02
8.325354260159656405e-02 -5.533922716131201014e-02
7.756002497626468539e-02 -5.348471804609289393e-02
8.045067143393680453e-02 -5.563944388268282637e-02
7.679183798609301448e-02 -5.234681415458908305e-02
