8.549806394852504932e-02 1.865991372516175029e-03
9.713888168334960938e-03 -7.463299669325351715e-03
1.962491683661937714e-02 -1.710262056440114975e-02
2.912940736860036850e-02 -2.571495715528726578e-02
3.886884171515703201e-02 -3.324006777256727219e-02
4.284972744062542915e-02 -3.990482352674007416e-02
5.249379063025116920e-02 -4.880841542035341263e-02
6.099326582625508308e-02 -4.557522712275385857e-02
6.849733786657452583e-02 -4.666214878670871258e-02
7.520788861438632011e-02 -4.617185291135683656e-02
7.979930099099874496e-02 -4.347249801503494382e-02
7.956494863901752979e-02 -4.693936934927478433e-02
8.112865018483716995e-02 -5.141485534841194749e-02
7.917964931402821094e-02 -4.788340051891282201e-02
7.964181537681724876e-02 -5.376188206719234586e-02
7.171049631142523140e-02 -5.165868817130103707e-02
7.763572233670856804e-02 -4.600146837765350938e-02
8.191055768111255020e-02 -4.185241652885451913e-02
8.291021581680979580e-02 -4.129958344856277108e-02
8.249825892562512308e-02 -4.900785448262467980e-02
8.182619571743998677e-02 -4.799701337469741702e-02
8.999508865235839039e-02 -4.931817058240994811e-02
9.144308093527797610e-02 -4.704509855946525931e-02
8.707672778109554201e-02 -4.871424433076754212e-02
8.625534422753844410e-02 -4.468992963666096330e-02
8.440877335669938475e-02 -4.830248007783666253e-02
7.676600736158434302e-02 -5.004251661011949182e-02
7.913848200405482203e-02 -5.018647851829882711e-02
8.415292298013810068e-02 -4.461200207879301161e-02
9.072707082668785006e-02 -5.088285867532249540e-02
8.765535733255092055e-02 -5.642383171652909368e-02
8.512598184461239725e-02 -5.063052986224647611e-02
8.620381019136402756e-02 -4.391223516722675413e-02
7.712891454866621643e-02 -5.072392335569020361e-02
8.440659138432238251e-02 -4.883132093527819961e-02
8.505053610133472830e-02 -4.730327239667531103e-02
8.821420163440052420e-02 -5.394759865885134786e-02
8.625788196513894945e-02 -4.844725130533333868e-02
8.284375771472696215e-02 -5.642309317772742361e-02
7.841078053752426058e-02 -4.847553650324698538e-02
7.029920212517026812e-02 -5.478198964556213468e-02
7.319599018956068903e-02 -5.494474191800691187e-02
6.903722883726004511e-02 -5.470909614814445376e-02
7.845905890280846506e-02 -5.470021744076802861e-02
7.408956765721086413e-02 -5.976249486957385670e-02
8.055469162354711443e-02 -5.560369905833795201e-02
8.424446337448898703e-02 -5.280791339282586705e-02
8.566252097079996020e-02 -5.220005690171092283e-02
8.978470183501485735e-02 -4.422631702436774503e-02
9.290312744269613177e-02 -3.926913376017182600e-02
9.716993199253920466e-02 -4.581997898458212148e-02
