7.537717620676354091e-02 1.571363106003595411e-02
7.585527841001749039e-03 -9.573048911988735199e-03
1.721811154857277870e-02 -1.869960874319076538e-02
2.656317176297307014e-02 -2.324221888557076454e-02
3.579002665355801582e-02 -3.245513746514916420e-02
4.548617778345942497e-02 -4.019835218787193298e-02
5.519771249964833260e-02 -4.861304815858602524e-02
6.423230050131678581e-02 -5.524928960949182510e-02
7.099413266405463219e-02 -5.555291267228312790e-02
7.835012534633278847e-02 -5.018732629832811654e-02
8.589059673249721527e-02 -4.434157235664315522e-02
8.715016918722540140e-02 -4.067642803420312703e-02
8.608172729145735502e-02 -4.540798629750497639e-02
8.529196638846769929e-02 -5.262088499148376286e-02
7.815730251604691148e-02 -4.369354437221772969e-02
8.149745740229263902e-02 -4.396798918605782092e-02
8.524993091123178601e-02 -4.690501271397806704e-02
7.880420034052804112e-02 -4.880038197734393179e-02
7.169968663947656751e-02 -5.229347213753499091e-02
7.976683537708595395e-02 -5.616693772026337683e-02
7.755106786498799920e-02 -5.985533740022219718e-02
7.195145223522558808e-02 -5.322046313085593283e-02
7.937990879872813821e-02 -5.027996693388558924e-02
8.588336181128397584e-02 -5.024868403415894136e-02
8.146810677135363221e-02 -4.615020812343573198e-02
8.121701623895205557e-02 -4.638466775213601068e-02
7.795311851077713072e-02 -4.197356035729171708e-02
8.196121981018222868e-02 -4.659079458360793069e-02
8.007093126070685685e-02 -4.649217154656071216e-02
8.222150130313821137e-02 -3.955142766062635928e-02
8.395721708075143397e-02 -3.794578109227586538e-02
8.412308250262867659e-02 -3.712135706155095249e-02
8.947893655567895621e-02 -4.188670463918242604e-02
8.624467304616700858e-02 -4.326048681105021387e-02
8.838212168484460562e-02 -3.791565356368664652e-02
8.292348873510491103e-02 -4.342218629608396441e-02
8.495090487122070044e-02 -4.717089633049909025e-02
8.216314208402764052e-02 -5.093310262600425631e-02
8.374891411222051829e-02 -4.854305648768786341e-02
8.734770891896914691e-02 -5.381221744755748659e-02
8.786558026622515172e-02 -5.622289261373225600e-02
8.793365234305383638e-02 -5.746292603726033121e-02
8.928354015370132402e-02 -5.431620615127030760e-02
9.230718948674621060e-02 -6.181461109372321516e-02
8.474417636898579076e-02 -5.861825963074807078e-02
8.238675725442590192e-02 -5.035908056015614420e-02
8.450296638329746202e-02 -5.463854970003012568e-02
7.537787804176332429e-02 -5.407832087075803429e-02
8.038018807565094903e-02 -4.975622835627291352e-02
8.429439995234133676e-02 -5.329714938125107437e-02
7.827915647794725373e-02 -4.498222320398781449e-02
