5.819023753876678695e-02 3.132586461379859022e-02
9.636773727834224701e-03 -8.107324130833148956e-03
1.961311791092157364e-02 -1.658961176872253418e-02
2.869845367968082428e-02 -2.570595778524875641e-02
3.545282455161213875e-02 -3.459717147052288055e-02
4.473207751289010048e-02 -4.263347852975130081e-02
5.379299214109778404e-02 -4.135193582624197006e-02
6.132711935788393021e-02 -4.540054919198155403e-02
6.921816617250442505e-02 -5.144764063879847527e-02
7.808723207563161850e-02 -4.717324161902070045e-02
7.426807773299515247e-02 -4.571617150213569403e-02
7.429743421198509168e-02 -4.354362154845148325e-02
7.577375662913254928e-02 -5.078715982381254435e-02
7.394352988740138244e-02 -4.917482205200940371e-02
6.830027294745377731e-02 -4.708530742209404707e-02
6.237854729806713294e-02 -5.033825419377535582e-02
6.879130858396820258e-02 -4.978870297782123089e-02
7.387436381941370200e-02 -4.812670382671058178e-02
6.986286039864353370e-02 -4.716931021539494395e-02
6.813563048308424186e-02 -5.343779147369787097e-02
6.998305619163147639e-02 -4.938724840758368373e-02
7.306976840300194453e-02 -5.005207919748499990e-02
7.910978924883238506e-02 -5.651279567973688245e-02
7.040542960567108821e-02 -5.674801646091509610e-02
6.340451203686825465e-02 -5.610017357685137540e-02
6.258000698107935023e-02 -5.700924452685285360e-02
5.601879660207487177e-02 -5.810817710880655795e-02
5.286876563150144648e-02 -5.987331732467282563e-02
5.801864279601431917e-02 -6.515073818445671350e-02
5.629153744484938215e-02 -5.947610917792189866e-02
5.477183902803517412e-02 -5.913029496150556952e-02
4.883812213483906817e-02 -5.877216283988673240e-02
5.601192344147420954e-02 -6.144546142604667693e-02
5.968829485755122732e-02 -5.461367017414886504e-02
6.152772877067036461e-02 -6.102670014661271125e-02
5.473216363861865830e-02 -6.266678388055879623e-02
5.668694569430954289e-02 -6.481054525647778064e-02
5.663488699974550400e-02 -6.715168741357047111e-02
5.373960208999051247e-02 -6.818158058740664274e-02
5.375010800435120473e-02 -6.562735950865317136e-02
5.353152167754160473e-02 -7.106272382952738553e-02
5.615155815848993370e-02 -7.187611977860797197e-02
5.665405150739388773e-02 -6.767162489995826036e-02
5.090910764647560427e-02 -6.250113058194983751e-02
5.424277750080364058e-02 -6.083659695286769420e-02
5.379747419738123426e-02 -5.524194992904085666e-02
5.689558044196019182e-02 -5.034645607520360500e-02
5.852342019443312893e-02 -4.962109496409539133e-02
6.168056856495240936e-02 -5.616366771573666483e-02
5.851777335283259163e-02 -5.674125936639029533e-02
5.477157393124798546e-02 -5.731982436554972082e-02
