2.186957785392259351e-02 4.757930910029654903e-02
8.835720829665660858e-03 -2.814655192196369171e-03
1.621974771842360497e-02 -7.055072579532861710e-03
2.402656618505716324e-02 -1.105657545849680901e-02
3.139061015099287033e-02 -1.810546452179551125e-02
3.490155260078608990e-02 -2.004178159404546022e-02
4.060219530947506428e-02 -2.355187886860221624e-02
3.750722785480320454e-02 -2.231331460643559694e-02
4.559383750893175602e-02 -2.253617219685111195e-02
4.599865913041867316e-02 -2.292207114805933088e-02
4.013573579140938818e-02 -2.700734975223895162e-02
3.548351131030358374e-02 -2.439160108042415231e-02
3.556953988299937919e-02 -1.804724450630601496e-02
3.325773322285385802e-02 -1.329052935761865228e-02
3.506916960031958297e-02 -1.800391239521559328e-02
3.634363844321342185e-02 -1.706827447924297303e-02
3.453693469782592729e-02 -2.029993447649758309e-02
2.740566409920575097e-02 -2.176581828098278493e-02
2.012591972743393853e-02 -2.358579837891738862e-02
2.769799368252279237e-02 -2.037438836123328656e-02
3.224588395823957399e-02 -2.491248903970699757e-02
2.617650037427665666e-02 -2.162407354626338929e-02
3.468857729603769258e-02 -1.289200239989440888e-02
3.260489204694749787e-02 -1.566051707777660340e-02
2.997420286556007341e-02 -2.160220376390498132e-02
3.640557942708255723e-02 -1.561401846993248910e-02
3.355376376566709951e-02 -1.537158968858420849e-02
3.269117070158245042e-02 -1.117231626994907856e-02
4.062493262608768418e-02 -1.818599156104028225e-02
3.938075307087274268e-02 -1.111950236372649670e-02
3.543628298939438537e-02 -1.347492774948477745e-02
3.810186347254784778e-02 -8.116453420370817184e-03
3.261308826768072322e-02 -4.888587864115834236e-03
3.667026886978419498e-02 -4.747293860418722034e-03
4.431314476096304134e-02 -1.115502926404587924e-02
4.124846601189346984e-02 -2.005397013272158802e-02
4.301355861389311031e-02 -1.485085437889210880e-02
4.386323469952913001e-02 -1.652871616533957422e-02
5.269664026127429679e-02 -1.740397457615472376e-02
4.522784392611356452e-02 -1.568158986628986895e-02
3.918369173334212974e-02 -1.557679894176544622e-02
4.411065916792722419e-02 -1.049876446631969884e-02
4.030405160301597789e-02 -1.465719100815476850e-02
4.805226892494829372e-02 -1.405404922115849331e-02
4.211632244550855830e-02 -1.459749573405133560e-02
4.745760921650798991e-02 -1.320027112524257973e-02
4.689157015673117712e-02 -2.008425974781857803e-02
4.119309742964105681e-02 -1.544325397844659165e-02
4.308934877190040424e-02 -1.263595879572676495e-02
4.115645128331379965e-02 -9.483714769885409623e-03
4.245017836365150288e-02 -5.554130948439706117e-03
