2.352216002744969905e-03 4.997233157167252360e-02
9.522434324026107788e-03 -8.111815899610519409e-03
1.778992731124162674e-02 -1.619588676840066910e-02
2.347831567749381065e-02 -2.350307395681738853e-02
2.805376378819346428e-02 -2.808913402259349823e-02
3.672423446550965309e-02 -2.913781092502176762e-02
4.030728060752153397e-02 -3.455235320143401623e-02
3.946280799573287368e-02 -3.660737350583076477e-02
3.323456918587908149e-02 -3.670621767378179356e-02
3.050073183840140700e-02 -3.712845817062770948e-02
3.209701454034075141e-02 -4.311120221245801076e-02
3.360768588026985526e-02 -4.904510956112062559e-02
3.830242896219715476e-02 -4.397245859581744298e-02
4.625905019929632545e-02 -5.047523034590994939e-02
5.335211608326062560e-02 -4.537791050825035200e-02
5.170845723478123546e-02 -4.461993733275448903e-02
4.941673268331214786e-02 -4.735537562373792753e-02
5.289379687746986747e-02 -4.252373836789047346e-02
5.704820103710517287e-02 -3.721062084514414892e-02
5.098747735610231757e-02 -4.184885220456635579e-02
5.484039423754438758e-02 -3.576737865660106763e-02
5.491770265507511795e-02 -4.354778015840565786e-02
5.745109912822954357e-02 -5.081687439087545499e-02
5.635072404402308166e-02 -5.028794277313863859e-02
5.692269137944094837e-02 -4.262321712303673849e-02
5.990997838671319187e-02 -4.741355161968385801e-02
5.272663847426883876e-02 -5.194907765690004453e-02
5.105519431526772678e-02 -4.891103729460155591e-02
4.823747064801864326e-02 -5.141155575256561860e-02
5.368254773202352226e-02 -4.604518753330921754e-02
5.001263969461433589e-02 -4.941149209480499849e-02
5.797384397010318935e-02 -4.358730292733525857e-02
5.330324542592279613e-02 -5.158904674317454919e-02
5.517266874085180461e-02 -5.057958969700848684e-02
5.022433164413087070e-02 -5.461716875288402662e-02
4.926968758809380233e-02 -5.983808068413054571e-02
5.264644810813479125e-02 -5.713931484933709726e-02
5.366679382859729230e-02 -5.282391854416346177e-02
5.340386641910299659e-02 -5.557248056720709428e-02
5.642220744630321860e-02 -5.809149322885787115e-02
5.060219898587092757e-02 -5.103148417401826009e-02
5.358590738615021110e-02 -4.606492621678626165e-02
4.791370307793840766e-02 -4.254992483038222417e-02
4.781323944916948676e-02 -4.210065362713066861e-02
5.046970507828518748e-02 -4.606192476785508916e-02
5.458236689446493983e-02 -4.427138342725811526e-02
5.083952023414894938e-02 -5.039308824780164286e-02
5.035408691037446260e-02 -4.464587754773674533e-02
5.063912109471857548e-02 -3.958267298730788752e-02
5.495850020088255405e-02 -4.176437108981190249e-02
5.074891285039484501e-02 -3.950096223707078025e-02
