-1.547843334309692911e-02 4.879482831223153072e-02
6.760059390217065811e-03 -9.974746033549308777e-03
1.010829652659595013e-02 -1.972260046750307083e-02
1.788214384578168392e-02 -2.872896194458007812e-02
1.946682145353406668e-02 -3.779004421085119247e-02
2.727328462060540915e-02 -4.675786755979061127e-02
2.651655359659343958e-02 -4.857669607736170292e-02
1.836938562337309122e-02 -5.777031206525862217e-02
2.048070717137306929e-02 -5.919606878887861967e-02
1.352153706829994917e-02 -6.719832948874682188e-02
1.561623497400432825e-02 -7.049949269276112318e-02
1.305188762489706278e-02 -7.587534037884324789e-02
1.818870857823640108e-02 -7.003144256304949522e-02
1.906213711481541395e-02 -7.659404806327074766e-02
1.285241998266428709e-02 -7.054172351490706205e-02
1.246087171602994204e-02 -7.377555372659116983e-02
1.240305580722633749e-02 -8.080678631085902452e-02
1.170898236159700900e-02 -7.682481326628476381e-02
9.114667613175697625e-03 -8.088595524895936251e-02
9.107230741847160971e-03 -7.728505984414368868e-02
1.476571154626071802e-02 -7.077169802505522966e-02
1.444804262564503006e-02 -7.072019961196929216e-02
1.031459788055144600e-02 -7.974721596110612154e-02
1.699332067937575630e-02 -8.175100490916520357e-02
1.331143397101186565e-02 -7.495153008494526148e-02
9.680563483470905339e-03 -7.034990389365702868e-02
1.384135139369391254e-02 -7.799997192341834307e-02
2.272984375440501026e-02 -8.201324485708028078e-02
2.585308406696640304e-02 -8.006324793677777052e-02
2.823279950962387375e-02 -8.401944616343826056e-02
2.960927460071616224e-02 -7.882152439560741186e-02
3.053741665053166798e-02 -7.335018774028867483e-02
3.735244130211867741e-02 -6.911140808369964361e-02
3.399612517523564748e-02 -7.600969716440886259e-02
3.776668264026739052e-02 -7.525443600025027990e-02
3.384682741443612031e-02 -7.927042234223335981e-02
2.930489061827756814e-02 -7.742675300687551498e-02
3.064501514154471806e-02 -8.115191617980599403e-02
2.413473087790407590e-02 -8.327257540076971054e-02
2.446643072607912472e-02 -8.108184719458222389e-02
2.472889023329116753e-02 -8.933987421914935112e-02
1.886501321996547631e-02 -9.777023317292332649e-02
1.331017092297770432e-02 -9.225838910788297653e-02
8.312922161621827399e-03 -8.613614086061716080e-02
1.058686916212536744e-02 -8.792525110766291618e-02
8.100283755538839614e-03 -9.213130641728639603e-02
5.671875509051460540e-03 -8.292989712208509445e-02
5.289598733270395314e-03 -8.134589542169123888e-02
3.467015705155063188e-03 -8.393191860523074865e-02
2.754777744030434405e-03 -8.223094511777162552e-02
1.017259720674701384e-02 -9.052188694477081299e-02
