-9.766065731202690225e-02 -2.849660460804279150e-02
-9.698341600596904755e-03 -9.936580434441566467e-03
-1.880410965532064438e-02 -1.988178305327892303e-02
-2.855658531188964844e-02 -2.969540283083915710e-02
-3.753515146672725677e-02 -3.857112582772970200e-02
-4.680887237191200256e-02 -4.787983652204275131e-02
-5.430447682738304138e-02 -5.660500284284353256e-02
-6.317113805562257767e-02 -6.557497754693031311e-02
-5.837134644389152527e-02 -7.454067841172218323e-02
-6.531797163188457489e-02 -8.393658418208360672e-02
-6.269208784215152264e-02 -8.570013125427067280e-02
-6.439981155563145876e-02 -8.543154320796020329e-02
-6.738304661121219397e-02 -8.875171726685948670e-02
-7.279292715247720480e-02 -9.557832012069411576e-02
-6.608126300852745771e-02 -8.730607459438033402e-02
-7.080526545178145170e-02 -9.451891554635949433e-02
-7.115581704420037568e-02 -8.767560849082656205e-02
-7.324166366015560925e-02 -8.204596655559726059e-02
-7.767599544604308903e-02 -9.015269277733750641e-02
-7.116831748862750828e-02 -8.376501806196756661e-02
-7.417346446891315281e-02 -8.590983742033131421e-02
-7.074447258492000401e-02 -8.408165574655868113e-02
-6.755843039718456566e-02 -8.650895059690810740e-02
-6.941727633238770068e-02 -9.395292578847147524e-02
-6.372753382311202586e-02 -1.008999430632684380e-01
-6.497527592000551522e-02 -9.679178139776922762e-02
-6.833341650781221688e-02 -1.005146092793438584e-01
-6.783997945603914559e-02 -9.538733065710403025e-02
-7.286709712934680283e-02 -8.833449697704054415e-02
-6.563182527315802872e-02 -9.631829420686699450e-02
-6.099538624403066933e-02 -9.340465944842435420e-02
-6.620279539492912591e-02 -9.658222124562598765e-02
-6.051224123802967370e-02 -9.217242794693447649e-02
-6.474037774023599923e-02 -8.870559898787178099e-02
-6.697219263878650963e-02 -9.389781733625568449e-02
-6.155820729327388108e-02 -8.923201836296357214e-02
-6.149692775943549350e-02 -9.092436698847450316e-02
-6.688436668628128245e-02 -8.574401043006218970e-02
-6.146310165786417201e-02 -8.225363041856326163e-02
-6.661592133605154231e-02 -8.709894414641894400e-02
-6.201177032926352695e-02 -8.279899103217758238e-02
-6.521547411830397323e-02 -8.571688030497170985e-02
-6.191306922846706584e-02 -8.603794488590210676e-02
-5.944995384925277904e-02 -8.282112877350300550e-02
-6.169444893748732284e-02 -8.820928668137639761e-02
-6.558884715923340991e-02 -9.498223604168742895e-02
-6.103436451667221263e-02 -9.153933345805853605e-02
-5.970634567347588018e-02 -8.851601660717278719e-02
-5.820681330078514293e-02 -8.309338393155485392e-02
-5.876398081454681233e-02 -8.415552077349275351e-02
-6.546030933532165363e-02 -9.102267387788742781e-02
