-9.810453270940139303e-02 -6.937783945309680678e-02
-9.808252565562725067e-03 -8.224185556173324585e-03
-1.949707232415676117e-02 -1.719862315803766251e-02
-2.703553158789873123e-02 -2.665919624269008636e-02
-3.193033300340175629e-02 -3.410378284752368927e-02
-4.039897955954074860e-02 -4.245268832892179489e-02
-4.825572483241558075e-02 -4.746269620954990387e-02
-5.798182822763919830e-02 -5.371382366865873337e-02
-6.604830641299486160e-02 -6.279475614428520203e-02
-6.760421057697385550e-02 -6.176540779415518045e-02
-6.480100529734045267e-02 -6.350980268325656652e-02
-7.250338338781148195e-02 -6.966731592547148466e-02
-7.574478827882558107e-02 -7.147750654257833958e-02
-8.253895223606377840e-02 -6.807400635443627834e-02
-7.897923060227185488e-02 -6.629442749544978142e-02
-7.248483283910900354e-02 -6.110049085691571236e-02
-6.554682378191500902e-02 -6.115752296318532899e-02
-7.282471621874719858e-02 -6.031259615701856092e-02
-7.374543033074587584e-02 -6.208778161817463115e-02
-7.704398117493838072e-02 -5.919277098291786388e-02
-8.250231051351875067e-02 -5.463185103872092441e-02
-7.591167499776929617e-02 -5.973489897587569430e-02
-8.050396002363413572e-02 -5.967165606853086501e-02
-7.193027518223971128e-02 -5.893224973988253623e-02
-7.183097742381505668e-02 -5.252333900716621429e-02
-7.841703968006186187e-02 -5.495266809884924442e-02
-7.424097621697001159e-02 -6.193704956967849284e-02
-7.410219396115280688e-02 -5.837853073899168521e-02
-7.472492181113921106e-02 -5.424560660321731120e-02
-6.914973849779926240e-02 -5.172997720364946872e-02
-6.504621854401193559e-02 -5.068608299188781530e-02
-6.942202508798800409e-02 -5.789327966340351850e-02
-6.969532131915912032e-02 -5.865136308420915157e-02
-7.301318523241207004e-02 -6.453119598154444247e-02
-7.414154469734057784e-02 -6.068593480449635535e-02
-7.724153267918154597e-02 -6.019222359464038163e-02
-7.816177653148770332e-02 -6.573206228495109826e-02
-7.418328337371349335e-02 -5.824298919469583780e-02
-7.266516983509063721e-02 -5.043038488656748086e-02
-7.065366324968636036e-02 -5.657716789573896676e-02
-6.607702304609119892e-02 -5.396374985866714269e-02
-7.266893167980015278e-02 -5.425266905513126403e-02
-6.931621697731316090e-02 -5.356801075686234981e-02
-6.718959356658160686e-02 -5.336761755461338907e-02
-6.613449007272720337e-02 -4.898521352151874453e-02
-7.092474261298775673e-02 -5.518494035641197115e-02
-7.010505715152248740e-02 -5.088651088590268046e-02
-6.957589904777705669e-02 -4.719900411146227270e-02
-7.440900593064725399e-02 -4.944352970051113516e-02
-7.044949592091143131e-02 -5.272117957065347582e-02
-7.617836981080472469e-02 -5.975477538595441729e-02
