-9.308825537077475287e-02 -8.653185886353756406e-02
-8.792300708591938019e-03 -9.869211353361606598e-03
-1.837460324168205261e-02 -1.969565264880657196e-02
-2.811483945697546005e-02 -2.962410077452659607e-02
-3.432086203247308731e-02 -3.460515337064862251e-02
-4.085684427991509438e-02 -4.263947950676083565e-02
-4.069162736414000392e-02 -5.257352022454142570e-02
-4.786078276811167598e-02 -6.079170899465680122e-02
-5.255865043727681041e-02 -7.045009685680270195e-02
-4.696574312401935458e-02 -7.615631259977817535e-02
-5.057576036779209971e-02 -8.369649527594447136e-02
-4.799128154991194606e-02 -9.248194424435496330e-02
-5.171034549130126834e-02 -1.015702071599662304e-01
-5.040914035635069013e-02 -9.642642317339777946e-02
-5.693855258869007230e-02 -9.579186973860487342e-02
-5.498310533585026860e-02 -9.826264082221314311e-02
-5.493468967688386329e-02 -1.002996039460413158e-01
-5.652812206608359702e-02 -1.031237530405633152e-01
-5.678348923174780793e-02 -1.030733227453310974e-01
-5.940280696449917741e-02 -1.050728546179016121e-01
-6.044253013169509359e-02 -1.118230811043758877e-01
-5.374454665070516057e-02 -1.144318737278808840e-01
-5.244152834711712785e-02 -1.081531455929507501e-01
-4.710309328584116884e-02 -1.027458578537334688e-01
-5.113269137291354127e-02 -9.843844251736300066e-02
-5.384141956528765149e-02 -9.851750449888641015e-02
-5.870541608965140767e-02 -8.920672719978028908e-02
-5.935815965131041594e-02 -8.696813646383816376e-02
-6.342082667470094748e-02 -8.721401039656484500e-02
-5.703195614114520140e-02 -9.276642799522960559e-02
-6.142939823985216208e-02 -9.820436462905490771e-02
-5.619827063128468581e-02 -9.124618312489474192e-02
-5.699209955128026195e-02 -9.904528837796533480e-02
-5.010844527350855060e-02 -9.825496658595511690e-02
-5.180847754309070297e-02 -1.027985671898932196e-01
-4.854859707484138198e-02 -9.587986025871941820e-02
-5.146980162317049690e-02 -9.882767595263430849e-02
-4.440664562935126014e-02 -9.619617139833280817e-02
-4.670179628374171443e-02 -9.194627826946089044e-02
-5.389466967972111888e-02 -1.008804445518762805e-01
-4.990604838894796558e-02 -9.973537855694303289e-02
-4.844521968698245473e-02 -9.553768838668474928e-02
-5.094140609799069352e-02 -9.281005597586045042e-02
-5.620517982242745347e-02 -9.739830139005789533e-02
-5.198084497897070833e-02 -9.431894918816396967e-02
-5.261737427281332202e-02 -9.074538134882459417e-02
-5.295991977982339449e-02 -9.656272762367734686e-02
-4.807892754979548045e-02 -1.017001325162709691e-01
-4.112411231108126231e-02 -9.987171125976601616e-02
-4.751991048760828562e-02 -1.068997396287159063e-01
-4.566640033226576634e-02 -1.050961674554855563e-01
