-7.104302960735547900e-02 -1.203767571305215389e-01
-8.563767187297344208e-03 -9.855439886450767517e-03
-1.670218445360660553e-02 -1.962270401418209076e-02
-2.515612263232469559e-02 -2.914996817708015442e-02
-3.315472602844238281e-02 -3.898246027529239655e-02
-3.417201992124319077e-02 -4.885281901806592941e-02
-4.182123392820358276e-02 -5.838175211101770401e-02
-4.951022332534193993e-02 -6.812446564435958862e-02
-5.113184335641562939e-02 -7.796002645045518875e-02
-5.313373333774507046e-02 -8.524148818105459213e-02
-4.773337370716035366e-02 -9.203825145959854126e-02
-4.377072327770292759e-02 -1.004069624468684196e-01
-4.959934880025684834e-02 -9.692767495289444923e-02
-4.980244983744341880e-02 -9.633980627404525876e-02
-5.600398623209912330e-02 -9.350438840920105577e-02
-5.269707769912201911e-02 -9.740121668437495828e-02
-5.606811058532912284e-02 -8.929946745047345757e-02
-5.021889957424718887e-02 -9.547336545074358582e-02
-5.348607392807025462e-02 -9.995525149861350656e-02
-5.092519505706150085e-02 -1.053825743147172034e-01
-4.882996070955414325e-02 -1.045675010536797345e-01
-5.043298886448610574e-02 -9.565136610763147473e-02
-5.229178171430248767e-02 -1.027964072418399155e-01
-4.915839417662937194e-02 -9.997325466247275472e-02
-4.807077390432823449e-02 -9.711434185737743974e-02
-4.886894744413439184e-02 -9.295797912636771798e-02
-5.073747913411352783e-02 -9.851340210298076272e-02
-5.101338903477881104e-02 -1.054266156279481947e-01
-4.959308194520417601e-02 -1.003776565776206553e-01
-5.143541436700616032e-02 -1.056829360895790160e-01
-4.312102928815875202e-02 -1.134482427150942385e-01
-4.205911060853395611e-02 -1.048133541480638087e-01
-4.790562078414950520e-02 -9.627120761433616281e-02
-4.644757324422243983e-02 -1.043503601686097682e-01
-4.087913084367755800e-02 -9.546515351394191384e-02
-4.247978913190308958e-02 -9.674792533041909337e-02
-4.154141772596631199e-02 -9.836954117054119706e-02
-4.012450565642211586e-02 -9.465751406969502568e-02
-3.877759330498520285e-02 -1.003576231305487454e-01
-3.996972787717822939e-02 -9.414411318721249700e-02
-4.386961321870330721e-02 -1.024117821943946183e-01
-4.554757395817432553e-02 -1.000081473612226546e-01
-3.853385722322855145e-02 -1.012343889451585710e-01
-4.234972260019276291e-02 -9.337301779305562377e-02
-4.970228475576732308e-02 -9.787768771639093757e-02
-4.271208717545960099e-02 -9.709599544294178486e-02
-4.800562783202622086e-02 -1.063118551392108202e-01
-5.026700779853854328e-02 -1.077731464756652713e-01
-5.274819060286972672e-02 -1.093415603972971439e-01
-4.393067061027977616e-02 -1.128429493401199579e-01
-4.329931440588552505e-02 -1.038141718599945307e-01
