4.054907926159342924e-02 -1.414099128707440312e-01
9.394863620400428772e-03 -9.273888543248176575e-03
1.924649067223072052e-02 -1.593144191429018974e-02
2.854684367775917053e-02 -2.574648475274443626e-02
3.792283497750759125e-02 -3.563442500308156013e-02
4.658855590969324112e-02 -4.544030269607901573e-02
5.464904289692640305e-02 -5.512182367965579033e-02
5.008278181776404381e-02 -6.471880758181214333e-02
5.107667611446231604e-02 -7.436930434778332710e-02
5.378511000890284777e-02 -8.421649271622300148e-02
5.537624878343194723e-02 -9.264485957100987434e-02
5.347886611707508564e-02 -9.473557770252227783e-02
5.513405008241534233e-02 -1.001935545355081558e-01
4.948417469859123230e-02 -9.539642278105020523e-02
5.407611420378088951e-02 -1.033919453620910645e-01
5.843077320605516434e-02 -1.058997488580644131e-01
5.450133699923753738e-02 -1.122625577263534069e-01
5.231862515211105347e-02 -1.081689968705177307e-01
5.841097654774785042e-02 -1.101601340342313051e-01
6.515589542686939240e-02 -1.153681797441095114e-01
6.097416579723358154e-02 -1.176815838553011417e-01
5.664365040138363838e-02 -1.148987372871488333e-01
6.310726609081029892e-02 -1.059179741423577070e-01
6.018295022659003735e-02 -1.042130810674279928e-01
6.430740444920957088e-02 -1.074655579868704081e-01
5.958675383590161800e-02 -1.117730608675628901e-01
5.829263932537287474e-02 -1.173194206785410643e-01
6.018286233302205801e-02 -1.102641311008483171e-01
6.236596463713794947e-02 -1.041833132039755583e-01
6.062533205840736628e-02 -1.114444511476904154e-01
5.995605955831706524e-02 -1.067728849593549967e-01
5.516737862490117550e-02 -1.101806517690420151e-01
6.165548809804022312e-02 -1.150076920166611671e-01
6.023930443916469812e-02 -1.114684576168656349e-01
5.658562632743269205e-02 -1.166757536120712757e-01
5.123745056334882975e-02 -1.091259336099028587e-01
5.747063376475125551e-02 -1.023041331209242344e-01
5.538818927016109228e-02 -1.091649681329727173e-01
5.010403867345303297e-02 -1.082156103802844882e-01
4.985768254846334457e-02 -1.103047257056459785e-01
4.894045711262151599e-02 -1.131234959466382861e-01
5.134554271353408694e-02 -1.124857966206036508e-01
5.825696577085182071e-02 -1.156649700715206563e-01
6.010311114368960261e-02 -1.099497358663938940e-01
5.848209018586203456e-02 -1.081724208197556436e-01
5.865632528730202466e-02 -1.165800275630317628e-01
5.494080432981718332e-02 -1.187134761712513864e-01
5.121298083395231515e-02 -1.186570210375066381e-01
5.282510638062376529e-02 -1.167895992512058001e-01
5.197125255654100329e-02 -1.121959693955432158e-01
4.552390986646059901e-02 -1.106281455831776839e-01
