9.995352652712080621e-02 -4.695163407836980968e-02
9.545040316879749298e-03 -9.665420278906822205e-03
1.821321714669466019e-02 -1.826162543147802353e-02
2.811040636152029037e-02 -2.801744081079959869e-02
3.790303878486156464e-02 -3.748800791800022125e-02
4.732608422636985779e-02 -4.724218975752592087e-02
5.711943935602903366e-02 -5.416052509099245071e-02
6.631164811551570892e-02 -5.475538061000406742e-02
7.584743294864892960e-02 -6.111476034857332706e-02
8.480443526059389114e-02 -5.786315305158495903e-02
8.776460215449333191e-02 -5.863728030817583203e-02
8.247175114229321480e-02 -6.013043568236753345e-02
8.396887080743908882e-02 -6.306451529962942004e-02
8.185740839689970016e-02 -6.794139900011941791e-02
8.381021150853484869e-02 -6.315043492941185832e-02
8.619284990709275007e-02 -6.348244889522902668e-02
8.756657724734395742e-02 -5.862191176856867969e-02
8.781207326683215797e-02 -5.503277058596722782e-02
9.178746325778774917e-02 -5.422997949062846601e-02
9.334575032698921859e-02 -5.609904098673723638e-02
8.866514053079299629e-02 -5.324598131119273603e-02
9.608393601956777275e-02 -5.460117870825342834e-02
8.959778185817413032e-02 -5.875429671141318977e-02
8.160191655042581260e-02 -5.904297810047864914e-02
8.050513509078882635e-02 -5.568284727632999420e-02
8.124386667623184621e-02 -4.945990676060318947e-02
8.042186617967672646e-02 -5.852577136829495430e-02
8.501918407273478806e-02 -6.188792991451919079e-02
8.157796532032079995e-02 -6.973467557691037655e-02
7.618477920186705887e-02 -6.510770204477012157e-02
8.486328905564732850e-02 -5.945324548520147800e-02
9.040885631111450493e-02 -6.058979395311325788e-02
8.212954949703998864e-02 -6.220777274575084448e-02
8.747053219121880829e-02 -6.542811624240130186e-02
8.990028456901200116e-02 -5.940172204282134771e-02
9.243531784159131348e-02 -6.270647223573178053e-02
8.559624597546644509e-02 -6.199561059474945068e-02
9.327530514565296471e-02 -5.665787030011415482e-02
9.264938722481019795e-02 -5.905202077701687813e-02
9.171940517262555659e-02 -6.053861544933170080e-02
9.032548268442042172e-02 -6.073902652133256197e-02
9.389265373465605080e-02 -5.903838202357292175e-02
8.759082833421416581e-02 -5.916015431284904480e-02
8.517930193920619786e-02 -5.459826532751321793e-02
8.777479085256345570e-02 -5.618481698911637068e-02
9.613832648028619587e-02 -5.814062536228448153e-02
9.541346188052557409e-02 -6.357916828710585833e-02
9.987850309698842466e-02 -6.786473991815000772e-02
1.000785243522841483e-01 -6.326366460416465998e-02
1.039619052608031780e-01 -5.984189326409250498e-02
1.029002291907090694e-01 -6.414011504966765642e-02
