9.982273235238396658e-02 -4.404835268985830138e-02
9.749772027134895325e-03 -9.752384386956691742e-03
1.885492447763681412e-02 -1.801540609449148178e-02
2.821543440222740173e-02 -2.730219438672065735e-02
3.808996174484491348e-02 -3.624523989856243134e-02
4.740261193364858627e-02 -4.499208740890026093e-02
5.699421465396881104e-02 -5.492187570780515671e-02
6.597235705703496933e-02 -6.080277124419808388e-02
7.521719671785831451e-02 -6.556838285177946091e-02
8.226092997938394547e-02 -6.541363488940987736e-02
8.716295892372727394e-02 -5.856789987592492253e-02
8.877216512337327003e-02 -4.969675526081118733e-02
8.711436449084430933e-02 -5.295513723103795201e-02
8.426877798046916723e-02 -5.403212401142809540e-02
7.633202651049941778e-02 -6.120849344006273896e-02
8.067411731462925673e-02 -5.603406987211201340e-02
8.364037808496505022e-02 -5.604957244395336602e-02
8.329731819685548544e-02 -5.171959442122897599e-02
9.032251581083983183e-02 -5.189141971095523331e-02
9.176849701907485723e-02 -5.730459666847309563e-02
8.560412598308175802e-02 -5.235105720385035966e-02
9.054437454324215651e-02 -5.601430605202040169e-02
9.184648562222719193e-02 -5.016421261279901955e-02
8.842419623397290707e-02 -5.666629006191215012e-02
8.976016636006534100e-02 -5.960367959960422013e-02
8.815810258965939283e-02 -5.570462406649312470e-02
9.520302794408053160e-02 -5.903035625851771329e-02
9.204465651419013739e-02 -5.090809091962000821e-02
8.996602275874465704e-02 -5.390023919790110085e-02
8.684709051158279181e-02 -5.257345051541051362e-02
8.396295283455401659e-02 -5.812468486874422524e-02
8.763565018307417631e-02 -6.334043215065321419e-02
8.565021364483982325e-02 -6.169774967747798655e-02
8.139968628529459238e-02 -6.035032824183872435e-02
8.905360440257936716e-02 -5.614943571890762541e-02
8.857261520461179316e-02 -6.006120007987192366e-02
9.570083246217109263e-02 -5.201251294965913985e-02
8.896227079094387591e-02 -5.341939711979648564e-02
8.660903424606658518e-02 -5.945420628449937794e-02
8.919089511618949473e-02 -5.950638478498149198e-02
8.978868203121237457e-02 -5.566963636192667764e-02
9.054742174339480698e-02 -5.470432965194049757e-02
9.086574034881778061e-02 -5.874389708151284140e-02
9.184257933520711958e-02 -6.319528976564470213e-02
9.503357592620886862e-02 -6.631409092915419023e-02
9.395017512724734843e-02 -5.999896344837907236e-02
9.179416662664152682e-02 -5.866225664613011759e-02
8.928412329987622797e-02 -6.260433229726913851e-02
9.098052981426008046e-02 -6.747246808481577318e-02
9.773967511137016118e-02 -6.195002650019887369e-02
1.036300370760727674e-01 -6.111051417065027636e-02
