9.993558528408119646e-02 -4.641129634434151136e-02
9.387554600834846497e-03 -9.041897021234035492e-03
1.933942362666130066e-02 -1.185780274681746960e-02
2.743153832852840424e-02 -2.162972628138959408e-02
3.723680134862661362e-02 -3.042002371512353420e-02
4.696151148527860641e-02 -3.995784255675971508e-02
5.654000863432884216e-02 -4.058865638216957450e-02
6.585367769002914429e-02 -4.845891887089237571e-02
7.420136872678995132e-02 -4.815360362408682704e-02
8.231851179152727127e-02 -4.603821452474221587e-02
7.880951184779405594e-02 -5.373120628064498305e-02
8.442714344710111618e-02 -4.722444055369123816e-02
7.720233825966715813e-02 -4.602221137611195445e-02
8.268769737333059311e-02 -4.961995006306096911e-02
8.149353030603379011e-02 -4.417993425158783793e-02
8.289902331307530403e-02 -3.855411167023703456e-02
8.115840738173574209e-02 -4.156860284274443984e-02
8.660673198755830526e-02 -4.460116493282839656e-02
8.234226179774850607e-02 -4.889277572510764003e-02
8.034970110747963190e-02 -4.143304348690435290e-02
8.275132963899523020e-02 -4.008665442233905196e-02
7.754949119407683611e-02 -4.515105992322787642e-02
8.295039192307740450e-02 -4.479098826413974166e-02
8.663230075035244226e-02 -4.444085509749129415e-02
9.230861312244087458e-02 -4.324881226057186723e-02
9.491667977999895811e-02 -4.090667638229206204e-02
8.747610810678452253e-02 -3.948221477912738919e-02
8.861968992277979851e-02 -3.636325878323987126e-02
8.324087038636207581e-02 -3.865625179605558515e-02
8.424921170808374882e-02 -4.133524798089638352e-02
9.253515326417982578e-02 -4.089416170609183609e-02
9.408054675441235304e-02 -4.142119965399615467e-02
8.925587765406817198e-02 -3.906596751767210662e-02
8.664620632771402597e-02 -3.812430592370219529e-02
8.248650154564529657e-02 -4.456272188690491021e-02
8.567108341958373785e-02 -4.554862438817508519e-02
8.068351249676197767e-02 -3.985424109851010144e-02
8.967473439406603575e-02 -4.723856507916934788e-02
8.594907110091298819e-02 -4.690887033939361572e-02
8.897148666437715292e-02 -4.440443823114037514e-02
9.306999470572918653e-02 -4.555790068116039038e-02
9.493089932948350906e-02 -4.963157454039901495e-02
8.972139051184058189e-02 -4.990314462338574231e-02
9.489577915519475937e-02 -4.643327233497984707e-02
8.664248231798410416e-02 -4.415272365440614522e-02
8.066328614950180054e-02 -4.583006145549006760e-02
8.324959827587008476e-02 -5.164957631495781243e-02
7.565888948738574982e-02 -5.467493392643518746e-02
7.935301610268652439e-02 -4.800558908027596772e-02
8.620723779313266277e-02 -4.315739989397116005e-02
8.863737643696367741e-02 -4.374552305671386421e-02
