9.059286832353366514e-02 -7.656969771698052263e-03
9.282720275223255157e-03 -8.302264846861362457e-03
1.836422644555568695e-02 -1.608618348836898804e-02
2.794050890952348709e-02 -2.523309458047151566e-02
3.259843774139881134e-02 -3.275246312841773033e-02
4.250274784862995148e-02 -4.039381118491292000e-02
5.205127783119678497e-02 -4.883309034630656242e-02
6.164708640426397324e-02 -5.449596233665943146e-02
6.531772390007972717e-02 -5.797371198423206806e-02
7.420433033257722855e-02 -5.891640949994325638e-02
7.215409027412533760e-02 -5.229182168841362000e-02
7.258744226419366896e-02 -5.258805557969026268e-02
6.714174026274122298e-02 -5.510192664223723114e-02
7.515479499124921858e-02 -5.457469137036241591e-02
8.040743289166130126e-02 -5.353181870304979384e-02
7.646916076191700995e-02 -4.841690338798798621e-02
7.734433814766816795e-02 -5.113145094946958125e-02
7.426111397217027843e-02 -4.746492384583689272e-02
7.788705985876731575e-02 -5.519673545495606959e-02
8.206369794788770378e-02 -5.345029677846468985e-02
8.230722583539318293e-02 -4.812606205814518034e-02
8.749039545364212245e-02 -5.005105122108943760e-02
8.818858755694236606e-02 -4.926565990899689496e-02
8.461220176832284778e-02 -5.027566655189730227e-02
7.962700059579219669e-02 -4.845943444524891675e-02
8.223805470333900303e-02 -5.295691595529206097e-02
7.640134856046643108e-02 -4.815885893185622990e-02
7.736890953674446791e-02 -4.080218219314701855e-02
7.484700139320921153e-02 -4.154921675217337906e-02
8.147687352902721614e-02 -5.084242651355452836e-02
8.118028262106236070e-02 -4.705296483007259667e-02
8.427123397996183485e-02 -4.496087998268194497e-02
8.741674268094357103e-02 -4.516159206104930490e-02
8.380677665991242975e-02 -4.700137044710572809e-02
7.941069056687410921e-02 -4.696660544141195714e-02
8.764498842356260866e-02 -5.186666277586482465e-02
8.735915615397971123e-02 -5.024862321442924440e-02
8.306703220296185464e-02 -4.407689845538698137e-02
8.147607515275012702e-02 -4.663023151806555688e-02
8.068310927774291486e-02 -5.156669099233113229e-02
7.411419546406250447e-02 -4.615945075056515634e-02
7.462472950282972306e-02 -5.233003091416321695e-02
7.703458347532432526e-02 -5.155712555279023945e-02
7.058293434965889901e-02 -4.883046474424190819e-02
7.914138647902291268e-02 -4.648619753425009549e-02
7.924609872134169564e-02 -4.665325385576579720e-02
8.458231909753521904e-02 -4.553230504097882658e-02
8.357965034520020708e-02 -4.856098025629762560e-02
8.014907404867699370e-02 -4.634859530779067427e-02
8.207095899706473574e-02 -3.904214107024017721e-02
7.689159522851696238e-02 -4.436181417258922011e-02
