6.618231045109210231e-02 2.496600418426518642e-02
9.542256593704223633e-03 -8.921738713979721069e-03
1.636826386675238609e-02 -1.860230322927236557e-02
2.399057708680629730e-02 -2.673668973147869110e-02
3.308229520916938782e-02 -3.631626535207033157e-02
4.154322296380996704e-02 -4.477159958332777023e-02
4.723592661321163177e-02 -5.231966031715273857e-02
4.747856518952175975e-02 -5.936237890273332596e-02
4.981772316386923194e-02 -6.789656821638345718e-02
5.899906059494242072e-02 -6.814977290923707187e-02
5.518015421694144607e-02 -6.356046345899812877e-02
5.477715053712017834e-02 -7.274806589703075588e-02
5.444828429608605802e-02 -6.873207908938638866e-02
4.929895521490834653e-02 -7.423337173531763256e-02
5.146371721639297903e-02 -7.554522107238881290e-02
5.583731512888334692e-02 -7.517129849293269217e-02
5.278643229394219816e-02 -6.965855430462397635e-02
6.097514004795812070e-02 -6.912195993936620653e-02
5.591747499420307577e-02 -7.074712947360239923e-02
5.375355700380168855e-02 -6.974539122893474996e-02
5.431864477577619255e-02 -6.248419368057511747e-02
5.142187091405503452e-02 -6.454044472775422037e-02
5.186824771226383746e-02 -6.470217715832404792e-02
4.732639520079828799e-02 -6.380094305495731533e-02
5.184099022881127894e-02 -6.402154460374731570e-02
5.402751025394536555e-02 -5.566374778572935611e-02
6.338293795124627650e-02 -5.908678525884170085e-02
6.642666706466116011e-02 -6.655857067380566150e-02
6.268045809702016413e-02 -7.393717121158260852e-02
6.184708981891162694e-02 -7.204660605930257589e-02
5.444770076428540051e-02 -7.264907490753103048e-02
5.422551551600918174e-02 -6.795553695701528341e-02
6.032592657720670104e-02 -6.753837956057395786e-02
6.357802142156288028e-02 -6.603117483609821647e-02
6.445688474923372269e-02 -6.330532940046396106e-02
6.268569943495094776e-02 -6.558619216957595199e-02
5.963986529968678951e-02 -7.381983903178479522e-02
5.661306274123489857e-02 -7.503308086597826332e-02
5.824075592681765556e-02 -7.728845333622302860e-02
5.682280322071164846e-02 -7.346162070462014526e-02
6.264578725676983595e-02 -6.729251622164156288e-02
5.656537495087832212e-02 -6.745463011611718684e-02
5.988551222253590822e-02 -7.470399521116632968e-02
5.388878670055419207e-02 -7.340644388750661165e-02
5.678196030203253031e-02 -7.888683858618605882e-02
6.044883432332426310e-02 -7.639703220047522336e-02
5.863036343362182379e-02 -7.489890519354958087e-02
5.439346737693995237e-02 -7.257622441102284938e-02
5.466868466464802623e-02 -7.057068550784606487e-02
4.749291640473529696e-02 -7.927025070239324123e-02
4.865993960993364453e-02 -7.373840229411143810e-02
