-7.703313024854402391e-02 1.376438538957976132e-02
4.335129167884588242e-03 -9.881049394607543945e-03
-1.642207615077495575e-03 -1.967934705317020416e-02
-3.267396125011146069e-03 -2.963167056441307068e-02
-1.948514604009687901e-03 -3.821207117289304733e-02
-1.912921095936326310e-03 -4.568149428814649582e-02
-9.280074747948674485e-03 -5.554033629596233368e-02
-1.331319090604665689e-02 -6.389636546373367310e-02
-1.350488837852026336e-02 -7.353502698242664337e-02
-2.112051935910130851e-02 -7.811083365231752396e-02
-1.363612383647705428e-02 -8.390462351962924004e-02
-1.183556297837640159e-02 -9.248682158067822456e-02
-9.290205063734902069e-03 -9.920978173613548279e-02
-8.491908483847510070e-04 -9.754324785899370909e-02
-5.550096026126993820e-03 -1.035456418758258224e-01
-6.961525632505072281e-03 -9.690155263524502516e-02
-1.352892511567915790e-02 -9.774031571578234434e-02
-6.649674131040228531e-03 -1.040680709993466735e-01
8.356797225133050233e-04 -1.023743872065097094e-01
4.074500659044133499e-03 -1.022018901712726802e-01
4.607823928381549194e-03 -1.099029797769617289e-01
7.306424220587359741e-03 -1.030503362126182765e-01
8.656774549308465794e-03 -9.622236431459896266e-02
1.078134392810170539e-02 -1.033773817762266845e-01
8.628064901131438091e-03 -1.015929749410133809e-01
8.665652781928656623e-03 -9.571546336519531906e-02
3.872182522172806785e-03 -9.091802846523933113e-02
9.507300092082004994e-04 -9.636730534839443862e-02
-9.960351053450722247e-04 -9.357502099010162055e-02
-3.945262684283079579e-03 -8.942202685284428298e-02
-1.907220157590927556e-03 -9.337297847378067672e-02
3.520517097058473155e-03 -9.410297920112498105e-02
4.738702507893322036e-03 -8.997564393212087452e-02
5.837712196807842702e-04 -9.547334027593024075e-02
-5.153967929800273851e-03 -9.471164774731732905e-02
2.749891089479206130e-03 -8.640513513819314539e-02
8.263197796622989699e-03 -8.028078163624741137e-02
9.830063900153618306e-04 -7.459410271258093417e-02
4.846662741329055279e-04 -7.879262455389834940e-02
-8.179083979484857991e-03 -8.600486666546203196e-02
-1.098932796230656095e-02 -8.980470444657839835e-02
-5.632956559566082433e-03 -9.031621957547031343e-02
-7.938529644889058545e-03 -9.545164307928644121e-02
-2.982898429763736203e-03 -8.953448510146699846e-02
-2.576100308942841366e-03 -8.397082178271375597e-02
-1.133321751331095584e-02 -8.841825541458092630e-02
-1.337136015717987902e-02 -9.389869016013108194e-02
-1.983523615126614459e-02 -8.591427825740538538e-02
-1.908892400751938112e-02 -8.844131496152840555e-02
-1.792035469043185003e-02 -9.102558283484540880e-02
-2.071832058209110983e-02 -9.482406041934154928e-02
