-7.606017615748955629e-02 -1.149218730698033791e-01
-9.279246442019939423e-03 -9.988541714847087860e-03
-1.732329931110143661e-02 -1.970283593982458115e-02
-2.654378768056631088e-02 -2.941488195210695267e-02
-3.257335210219025612e-02 -3.932156134396791458e-02
-3.677371283993124962e-02 -4.925706423819065094e-02
-3.350433381274342537e-02 -5.903752241283655167e-02
-3.565950598567724228e-02 -6.887298822402954102e-02
-3.464613645337522030e-02 -7.882241532206535339e-02
-4.344101599417626858e-02 -8.698480017483234406e-02
-4.131026915274560452e-02 -9.606713801622390747e-02
-4.353491775691509247e-02 -1.013721753843128681e-01
-4.477941326331347227e-02 -1.067775781266391277e-01
-5.078242707531899214e-02 -1.058411808335222304e-01
-5.330419947858899832e-02 -1.026944525656290352e-01
-4.809712839778512716e-02 -1.002674766932614148e-01
-4.421222291421145201e-02 -1.013207903015427291e-01
-5.128458037506788969e-02 -1.092813426512293518e-01
-4.959959757979959249e-02 -1.151653138804249465e-01
-4.432248871307820082e-02 -1.181271313107572496e-01
-4.715446394402533770e-02 -1.149625824182294309e-01
-3.915930178482085466e-02 -1.152633087185677141e-01
-4.543707997072488070e-02 -1.082576744665857404e-01
-4.260113986674696207e-02 -1.064427976671140641e-01
-4.517171822953969240e-02 -1.071246002975385636e-01
-4.749867098871618509e-02 -1.056598483992274851e-01
-5.315237364266067743e-02 -1.139240081829484552e-01
-4.856286954600363970e-02 -1.116256710083689541e-01
-4.309493268374353647e-02 -1.061035893799271435e-01
-3.998105030041188002e-02 -1.013126527832355350e-01
-4.513249115552753210e-02 -1.070136396156158298e-01
-4.505904154211748391e-02 -1.152427630440797657e-01
-4.305571033910382539e-02 -1.151876049079874065e-01
-4.285160377912689000e-02 -1.106784981639066245e-01
-3.703907197632361203e-02 -1.162841459699848201e-01
-4.472597101994324476e-02 -1.082346262373903301e-01
-4.222124554507900029e-02 -1.126757534184434917e-01
-4.621059745841193944e-02 -1.184744895399489906e-01
-4.914581980847287923e-02 -1.181361735762038734e-01
-5.058138871390838176e-02 -1.104637039788940456e-01
-4.540641007770318538e-02 -1.132557666824141052e-01
-5.066305639047641307e-02 -1.150093853902944829e-01
-5.299975148227531463e-02 -1.083078493793436792e-01
-5.337943187623750418e-02 -1.161548921336361673e-01
-5.136184328875970095e-02 -1.206223943700024392e-01
-4.633831865794491023e-02 -1.142958954405912664e-01
-4.574869757925625890e-02 -1.077230551709362771e-01
-4.544255860673729330e-02 -1.099981476982065942e-01
-4.253062374482396990e-02 -1.098795439938839991e-01
-4.148800625989679247e-02 -1.142970956752833445e-01
-3.813765665108803660e-02 -1.065624300281342585e-01
