-7.344883431874362628e-03 -1.497298986632001894e-01
9.368138387799263000e-03 -9.890522807836532593e-03
1.881620474159717560e-02 -1.974447537213563919e-02
2.842482272535562515e-02 -2.948916237801313400e-02
3.749061841517686844e-02 -3.936915192753076553e-02
4.599089827388525009e-02 -4.891261179000139236e-02
4.262760607525706291e-02 -5.877113528549671173e-02
4.924299055710434914e-02 -6.859031599014997482e-02
4.409787710756063461e-02 -7.698861975222826004e-02
4.099939041770994663e-02 -8.687064982950687408e-02
4.566878103651106358e-02 -9.572869911789894104e-02
4.872427950613200665e-02 -1.014196262694895267e-01
4.959922324633225799e-02 -1.075408807955682278e-01
4.904887749580666423e-02 -1.063662627711892128e-01
4.227466898737475276e-02 -1.037079468369483948e-01
3.957152453949674964e-02 -1.013403157703578472e-01
4.677278356393799186e-02 -1.106846337206661701e-01
4.843521671136841178e-02 -1.065747826360166073e-01
5.278774345060810447e-02 -1.134809581562876701e-01
4.882817942416295409e-02 -1.125153652974404395e-01
5.238285142695531249e-02 -1.204199293279089034e-01
5.452557042008265853e-02 -1.189433315885253251e-01
4.661578725790604949e-02 -1.171040825429372489e-01
4.580956057179719210e-02 -1.222206048551015556e-01
4.305034002754837275e-02 -1.191738251945935190e-01
4.947321221698075533e-02 -1.168213467462919652e-01
4.613814514596015215e-02 -1.234592617838643491e-01
4.955967573914676905e-02 -1.207298435620032251e-01
4.999848155421204865e-02 -1.155121484189294279e-01
4.666595722665078938e-02 -1.171111848088912666e-01
4.536446838756091893e-02 -1.184128679451532662e-01
4.569732813979499042e-02 -1.220109963905997574e-01
4.154259941424243152e-02 -1.260546197299845517e-01
4.365118753048591316e-02 -1.247545054065994918e-01
4.050982973421923816e-02 -1.283426428562961519e-01
3.989126588567160070e-02 -1.198945189244113863e-01
4.270620606257580221e-02 -1.196431351418141276e-01
4.257855258765630424e-02 -1.175059367960784584e-01
4.229172610212117434e-02 -1.251231454371009022e-01
3.793582657817751169e-02 -1.216274403559509665e-01
4.601755796466022730e-02 -1.148695793526712805e-01
4.839659866411238909e-02 -1.168411524558905512e-01
4.933354549575597048e-02 -1.153512974560726434e-01
4.416444350499659777e-02 -1.185724211682099849e-01
4.442934799590148032e-02 -1.139409828756470233e-01
4.347038440755568445e-02 -1.163001209788490087e-01
4.300827259430661798e-02 -1.094171032600570470e-01
4.259418961009941995e-02 -1.177269621111918241e-01
4.450618856935761869e-02 -1.229814435646403581e-01
4.095683930790983140e-02 -1.136836805671919137e-01
3.904446665546856821e-02 -1.226029941171873361e-01
