1.428449620863693481e-02 -1.489745076677092550e-01
8.802955970168113708e-03 -9.951437823474407196e-03
1.752971019595861435e-02 -1.981967594474554062e-02
2.669232897460460663e-02 -2.968834806233644485e-02
3.651603683829307556e-02 -3.785446844995021820e-02
4.617542959749698639e-02 -4.702639952301979065e-02
5.564395058900117874e-02 -5.510825943201780319e-02
6.480441428720951080e-02 -5.055073322728276253e-02
7.206677272915840149e-02 -5.006308498559519649e-02
7.465043128468096256e-02 -4.467586119426414371e-02
7.625577982980757952e-02 -4.799961223034188151e-02
7.207798177842050791e-02 -4.933302412973716855e-02
8.160590531770139933e-02 -5.176553601631894708e-02
8.464249002281576395e-02 -4.537425987655296922e-02
7.996589003596454859e-02 -4.597592109348624945e-02
7.783511036541312933e-02 -4.957936040591448545e-02
7.775445157312788069e-02 -4.456880583893507719e-02
8.492137226858176291e-02 -4.410827890387736261e-02
8.767055781208910048e-02 -3.862653751275502145e-02
8.607640783884562552e-02 -3.979151925886981189e-02
8.548462789622135460e-02 -4.308095524902455509e-02
8.426497739856131375e-02 -4.929167308728210628e-02
8.676521576126106083e-02 -4.281297509442083538e-02
9.000548979383893311e-02 -4.486588548752479255e-02
8.485731462133117020e-02 -4.170210679876618087e-02
8.490418771179975010e-02 -4.345618080697022378e-02
9.379459114643395878e-02 -4.926393632194958627e-02
9.080224496210576035e-02 -4.664303301251493394e-02
9.527978871847153641e-02 -4.275727047934196889e-02
9.959601483205915429e-02 -4.091828127275221050e-02
9.631450206870795228e-02 -4.466578314895741642e-02
9.038839547793031670e-02 -4.679849321837536991e-02
9.206271847142488696e-02 -4.151509000803343952e-02
9.351540042916894890e-02 -4.637297891895286739e-02
9.838150686482549645e-02 -4.179525651852600276e-02
8.989554702202440239e-02 -3.788035080651752651e-02
8.634385175901115872e-02 -4.477728201891295612e-02
8.319287735866964795e-02 -4.357531745336018503e-02
8.656949003125191666e-02 -3.809379911399446428e-02
8.249054162661195733e-02 -3.824937736499123275e-02
8.860326011563302018e-02 -3.832202827470609918e-02
8.676511014709831215e-02 -4.124104654329130426e-02
8.853454550626338460e-02 -4.312333619600394741e-02
8.985933266012580134e-02 -3.806910539424279705e-02
8.584846207304508425e-02 -4.204265136650064960e-02
8.542545687305391766e-02 -4.453060279047349468e-02
8.762475138428271748e-02 -3.900351902848342434e-02
9.587584564360440709e-02 -4.374659728637197986e-02
8.906598191606462933e-02 -4.455165516264969483e-02
8.473675547065795399e-02 -4.425312410603510216e-02
8.823931275765062310e-02 -5.081535614590393379e-02
