5.231128483006169255e-02 -1.352263426378731703e-01
7.245371118187904358e-03 -9.300020523369312286e-03
1.955475658178329468e-03 -1.862511690706014633e-02
1.273121684789657593e-03 -2.628359757363796234e-02
-2.174759050831198692e-03 -3.578833863139152527e-02
-6.825004937127232552e-03 -4.543021693825721741e-02
-1.182599714957177639e-02 -5.469415988773107529e-02
-1.419990579597651958e-02 -5.812393268570303917e-02
-2.182550984434783459e-02 -6.608068430796265602e-02
-2.489952999167144299e-02 -7.517780875787138939e-02
-2.850421611219644547e-02 -7.022261712700128555e-02
-2.565715974196791649e-02 -7.188707264140248299e-02
-3.230935987085103989e-02 -7.757382746785879135e-02
-3.217148718249518424e-02 -8.198856562376022339e-02
-3.118967237242031842e-02 -8.893668651580810547e-02
-3.129112782335141674e-02 -8.189643407240509987e-02
-2.848942220589378849e-02 -8.472581813111901283e-02
-3.022443110967287794e-02 -8.898050384595990181e-02
-2.948795373231405392e-02 -8.079246105626225471e-02
-2.848023825936252251e-02 -7.491927919909358025e-02
-2.474013271421426907e-02 -6.854180665686726570e-02
-2.992112164065474644e-02 -7.066637603566050529e-02
-3.249876804329687729e-02 -7.305209664627909660e-02
-2.992677290603751317e-02 -6.522554205730557442e-02
-3.436574267834657803e-02 -6.149203237146139145e-02
-2.791251496091717854e-02 -5.637956783175468445e-02
-3.608712714776629582e-02 -6.499654240906238556e-02
-3.948709529504412785e-02 -6.437473010737448931e-02
-3.431227032706374303e-02 -6.705985020380467176e-02
-3.148765394143993035e-02 -5.951969453599303961e-02
-2.524833751522237435e-02 -5.579535791184753180e-02
-1.816614016570383683e-02 -5.462584330234676600e-02
-2.515045504696900025e-02 -6.019353691954165697e-02
-3.073870435036951676e-02 -5.773384158965200186e-02
-2.744108459592098370e-02 -6.158685137052088976e-02
-2.111774238437647000e-02 -7.035842176992446184e-02
-2.564708956197137013e-02 -6.318758719135075808e-02
-2.805806694232160226e-02 -6.733817898202687502e-02
-3.099181105062598363e-02 -6.743634902522899210e-02
-2.399875244736904278e-02 -5.875207149074412882e-02
-2.511057278752559796e-02 -6.791722160414792597e-02
-2.812847329914802685e-02 -6.320026880712248385e-02
-2.689064582955325022e-02 -6.482669353135861456e-02
-2.783056276530260220e-02 -6.277527814381755888e-02
-3.252922671526903287e-02 -6.832371666678227484e-02
-3.324430183420190588e-02 -7.581110546016134322e-02
-3.827618741343030706e-02 -7.872759821475483477e-02
-4.292855531821260229e-02 -8.091591708944179118e-02
-3.906936574639985338e-02 -8.261434666928835213e-02
-3.623859704384813085e-02 -8.184884182992391288e-02
-3.587431493360782042e-02 -8.702244676533155143e-02
