9.049763909067351508e-02 -9.254617866523622005e-02
9.517535567283630371e-03 -9.707906283438205719e-03
1.926634833216667175e-02 -1.874825917184352875e-02
2.867372799664735794e-02 -2.843396458774805069e-02
3.609368111938238144e-02 -3.832034859806299210e-02
4.233586182817816734e-02 -4.818977229297161102e-02
4.429729213006794453e-02 -5.810304265469312668e-02
4.670586320571601391e-02 -6.777128577232360840e-02
5.284938053227961063e-02 -7.764570135623216629e-02
5.445833399426192045e-02 -8.741954434663057327e-02
4.769344523083418608e-02 -9.636070020496845245e-02
5.397415941115468740e-02 -1.028032004833221436e-01
5.175139743369072676e-02 -1.015547573333606124e-01
4.936946008820086718e-02 -1.068618040299043059e-01
4.961492630536668003e-02 -1.113583537517115474e-01
5.007104368996806443e-02 -1.124792768387123942e-01
5.595067355898208916e-02 -1.067390063544735312e-01
6.380278736469335854e-02 -1.074487921432591975e-01
5.863382274401374161e-02 -1.060049305087886751e-01
6.475120483082719147e-02 -1.111311022541485727e-01
6.152139490586705506e-02 -1.173363276175223291e-01
6.370939550106413662e-02 -1.121729085571132600e-01
6.231654589646495879e-02 -1.141139116953127086e-01
5.978156151832081378e-02 -1.103610174614004791e-01
5.245431783259846270e-02 -1.091805117321200669e-01
5.874243835569359362e-02 -1.126774554722942412e-01
5.959123230422846973e-02 -1.091143948142416775e-01
5.777556457906030118e-02 -1.055761534371413291e-01
5.619038568693213165e-02 -1.015734430984593928e-01
5.535387326381169260e-02 -9.924845915520563722e-02
5.264444937347434461e-02 -1.054980978951789439e-01
5.985113009228371084e-02 -9.868557943264022470e-02
6.277992585091851652e-02 -1.003855473245494068e-01
6.244002978201024234e-02 -1.041131920064799488e-01
5.713790419395081699e-02 -1.107172245974652469e-01
6.071313141728751361e-02 -1.164100781898014247e-01
6.058636544912587851e-02 -1.174285892047919333e-01
5.941698972310405225e-02 -1.161221757647581398e-01
5.837800206791143864e-02 -1.140975668677128851e-01
5.977014363452326506e-02 -1.178896632627584040e-01
5.916092100960668176e-02 -1.216377891250886023e-01
5.327429132012184709e-02 -1.187766970251686871e-01
5.542123386112507433e-02 -1.192242998804431409e-01
6.256197973561938852e-02 -1.118674871686380357e-01
5.999939375033136457e-02 -1.058653804648201913e-01
6.139948776399251074e-02 -1.040734777634497732e-01
5.485213267093058676e-02 -1.003312038665171713e-01
4.868243121018167585e-02 -1.005490379757247865e-01
4.746050979883875698e-02 -1.066097276634536684e-01
5.012390749470796436e-02 -9.843607380753383040e-02
5.322479024471249431e-02 -1.001441866974346340e-01
