9.720200175691688649e-02 -7.348980320156658919e-02
9.611804038286209106e-03 -9.867142885923385620e-03
1.931628119200468063e-02 -1.961062196642160416e-02
2.771187387406826019e-02 -2.871125191450119019e-02
3.732332680374383926e-02 -3.865677211433649063e-02
4.715324565768241882e-02 -4.690910130739212036e-02
5.270333448424935341e-02 -5.648093111813068390e-02
6.119326734915375710e-02 -6.331831635907292366e-02
6.677605770528316498e-02 -7.082589017227292061e-02
6.913921143859624863e-02 -7.745787873864173889e-02
6.666333833709359169e-02 -7.577777758706361055e-02
6.283457390964031219e-02 -6.810814992059022188e-02
6.014892691746354103e-02 -7.271250721532851458e-02
6.750623323023319244e-02 -7.097720261663198471e-02
6.725343206198886037e-02 -7.470610714517533779e-02
6.256641849176958203e-02 -7.272203662432730198e-02
5.898350832285359502e-02 -7.335559284547343850e-02
5.884231743402779102e-02 -7.103959360392764211e-02
6.583573040552437305e-02 -6.709088973002508283e-02
7.237068819813430309e-02 -7.101818342925980687e-02
7.128598738927394152e-02 -6.930402544094249606e-02
7.094456127379089594e-02 -7.128055900102481246e-02
7.572808919940143824e-02 -7.058167905779555440e-02
7.379475771449506283e-02 -6.473819940583780408e-02
7.242278102785348892e-02 -7.053312688367441297e-02
7.085704093333333731e-02 -7.417964847991243005e-02
7.442883483599871397e-02 -7.638061261968687177e-02
7.341261859983205795e-02 -7.679582096170634031e-02
7.484869717154651880e-02 -7.514861563686281443e-02
7.005999947432428598e-02 -7.809533213730901480e-02
7.141433260403573513e-02 -7.547916506882756948e-02
7.171353002195246518e-02 -7.197403779719024897e-02
7.286446940270252526e-02 -6.880845536943525076e-02
7.007290262845344841e-02 -7.624796486925333738e-02
6.993286091892514378e-02 -7.713224383769556880e-02
6.557974791212473065e-02 -7.472082943422719836e-02
7.018169261573348194e-02 -8.050246321363374591e-02
6.723330369277391583e-02 -7.720764976693317294e-02
5.838968431635294110e-02 -7.605424028588458896e-02
6.688925171329174191e-02 -8.440731343580409884e-02
7.131384279637131840e-02 -7.922396500362083316e-02
7.373068238666746765e-02 -7.377692562295123935e-02
6.579236350080464035e-02 -7.656265347031876445e-02
6.567614398227306083e-02 -7.190454349620267749e-02
6.280533283279510215e-02 -7.434648548951372504e-02
6.873580406681867316e-02 -7.919585652416571975e-02
7.170534914621384814e-02 -7.213279086863622069e-02
6.785253005364211276e-02 -6.708157848333939910e-02
6.336708914750488475e-02 -7.358008757000789046e-02
5.641565647238167003e-02 -7.336700454470701516e-02
6.037667010241420940e-02 -7.827165236813016236e-02
