9.985880692132509395e-02 -5.531212577500926181e-02
9.215867146849632263e-03 -9.305750951170921326e-03
1.909867487847805023e-02 -1.884676702320575714e-02
2.817496471107006073e-02 -2.830949798226356506e-02
3.666923940181732178e-02 -3.758259024471044540e-02
4.660545475780963898e-02 -4.742748010903596878e-02
5.531990434974431992e-02 -5.518783489242196083e-02
6.509586703032255173e-02 -6.413918128237128258e-02
6.279732356779277325e-02 -7.064801314845681190e-02
6.937794317491352558e-02 -7.663360098376870155e-02
7.347302534617483616e-02 -7.085747690871357918e-02
7.970070070587098598e-02 -7.374638528563082218e-02
8.113707124721258879e-02 -6.705853459425270557e-02
7.892160362098366022e-02 -6.609493494033813477e-02
7.178546499926596880e-02 -6.559775117784738541e-02
6.892350700218230486e-02 -6.313852802850306034e-02
7.014946243725717068e-02 -6.552753946743905544e-02
7.051422973745502532e-02 -6.697478971909731627e-02
7.550468822591938078e-02 -7.093462662305682898e-02
8.300056090229190886e-02 -7.245816418435424566e-02
7.760573938139714301e-02 -6.551121908705681562e-02
7.744525506859645247e-02 -6.621282297419384122e-02
7.328862132271751761e-02 -5.833723983960226178e-02
6.854148296406492591e-02 -6.215492804767563939e-02
6.468347174813970923e-02 -6.229899605386890471e-02
6.115219573257490993e-02 -6.622631722711957991e-02
7.024579698918387294e-02 -6.265951567911542952e-02
6.921143824001774192e-02 -5.537965256371535361e-02
7.646631536772474647e-02 -5.925174607546068728e-02
7.868609362049028277e-02 -5.733005658839829266e-02
7.970795204164460301e-02 -6.127142303739674389e-02
7.855067303171381354e-02 -5.580866712261922657e-02
8.321573067223653197e-02 -5.355752122704870999e-02
8.113951486302539706e-02 -5.201104414300061762e-02
8.402189420303329825e-02 -5.517421607510186732e-02
7.764230569591745734e-02 -5.278650662512518466e-02
7.604992418782785535e-02 -5.720377332181669772e-02
7.322638790355995297e-02 -5.590533025679178536e-02
7.354744354961439967e-02 -5.800048707169480622e-02
7.681380183203145862e-02 -6.168896544841118157e-02
7.399977970635518432e-02 -6.246561513398773968e-02
7.015718327602371573e-02 -5.726163883809931576e-02
7.303455210058018565e-02 -5.567062998306937516e-02
7.383944845059886575e-02 -5.914952352759428322e-02
7.847567187855020165e-02 -6.072944836341775954e-02
7.966912846313789487e-02 -6.572278137900866568e-02
8.069641090696677566e-02 -5.833401079871691763e-02
8.003066340461373329e-02 -5.263697975897230208e-02
8.483071345835924149e-02 -5.931756753125227988e-02
7.823422411456704140e-02 -5.931947428382500220e-02
7.180998008698225021e-02 -5.637113891191347648e-02
