9.832551941969613907e-02 -3.177660210479505559e-02
9.836803190410137177e-03 -9.543326683342456818e-03
1.895755808800458908e-02 -1.948996540158987045e-02
2.876755967736244202e-02 -2.903333213180303574e-02
3.863334562629461288e-02 -3.870038036257028580e-02
4.766279365867376328e-02 -4.692129697650671005e-02
5.722644645720720291e-02 -5.660220049321651459e-02
6.705479882657527924e-02 -6.286410987377166748e-02
7.446757331490516663e-02 -6.083485321141779423e-02
7.894844794645905495e-02 -5.687846406362950802e-02
7.671046047471463680e-02 -6.234477669931948185e-02
8.407652494497597218e-02 -6.046371022239327431e-02
8.425711271411273628e-02 -6.476076273247599602e-02
8.220564191287849098e-02 -5.850120726972818375e-02
8.218067770030756947e-02 -5.448525166139006615e-02
8.690609808218141552e-02 -5.896037304773926735e-02
9.252178880524297711e-02 -5.274011334404349327e-02
8.558559722405334469e-02 -4.740237584337592125e-02
8.912707145464082714e-02 -5.233206739649176598e-02
9.044187599465658423e-02 -5.197192542254924774e-02
9.683671025231888052e-02 -5.157733196392655373e-02
9.289546999752928969e-02 -5.003160948399454355e-02
9.919444322258641478e-02 -4.922757024178281426e-02
1.034396480736177182e-01 -5.281933170044794679e-02
9.689568532303383108e-02 -4.949672572547569871e-02
1.002185536981414771e-01 -5.098114960128441453e-02
1.010618187337968266e-01 -5.454951856518164277e-02
1.036298550516221439e-01 -5.358879425330087543e-02
1.080088984072062885e-01 -5.761167610762640834e-02
1.024409761503193295e-01 -5.400772177381440997e-02
1.027927698942221468e-01 -5.711403809254989028e-02
1.023455955928511685e-01 -6.481959152733907104e-02
9.392794546693039592e-02 -5.764928873395547271e-02
9.105488657041860279e-02 -4.958373348927125335e-02
9.311988227091205772e-02 -4.604125901823863387e-02
9.112778305097890552e-02 -4.926218598848208785e-02
9.162148116411117371e-02 -5.188799573807045817e-02
9.169098375241446774e-02 -5.647047347156330943e-02
8.607850842054176610e-02 -5.396266415482386947e-02
8.737887315328407567e-02 -5.357353761792182922e-02
8.709101671229291242e-02 -5.304523662198334932e-02
9.125540139029908460e-02 -5.014312814455479383e-02
9.230663302696484607e-02 -5.250438454095274210e-02
9.773433908230799716e-02 -5.288594486773945391e-02
1.020379802339448361e-01 -5.161635045078583062e-02
1.030552121937944321e-01 -4.622066140291281044e-02
1.044441315007134108e-01 -4.514419325278140604e-02
9.809658887206751388e-02 -4.603531249449588358e-02
9.589803452945488971e-02 -4.688384718610905111e-02
9.965337744324642699e-02 -5.074424910708330572e-02
9.872110835385683458e-02 -4.541650935425423086e-02
