9.270631406399794383e-02 -1.250947676188852303e-02
9.002680890262126923e-03 -8.063966408371925354e-03
1.891408208757638931e-02 -1.660473365336656570e-02
2.879761997610330582e-02 -2.575444430112838745e-02
3.863485530018806458e-02 -3.514227643609046936e-02
4.753945022821426392e-02 -4.451424814760684967e-02
5.553190875798463821e-02 -5.016940180212259293e-02
6.366293132305145264e-02 -4.790619690902531147e-02
7.004831219092011452e-02 -4.422687855549156666e-02
6.981778288900386542e-02 -4.855148144997656345e-02
7.063548230507876724e-02 -5.362553452141582966e-02
6.651175172009970993e-02 -5.630453024059534073e-02
7.366926466056611389e-02 -6.094162678346037865e-02
7.254752433800604194e-02 -5.843171686865389347e-02
7.468159576819743961e-02 -5.190496542491018772e-02
7.890211218909826130e-02 -5.572771746665239334e-02
8.492790102900471538e-02 -5.225113360211253166e-02
8.335789803822990507e-02 -5.046183080412447453e-02
8.095254002546425909e-02 -4.487598664127290249e-02
8.535985973139759153e-02 -4.683439619839191437e-02
8.080277823319192976e-02 -5.059191095642745495e-02
7.661524646391626447e-02 -5.175728246103972197e-02
7.547313089889939874e-02 -5.474394361954182386e-02
7.514990384515840560e-02 -4.891644779127091169e-02
8.011303453531581908e-02 -5.277680454310029745e-02
7.992379217466805130e-02 -5.604463152121752501e-02
7.419833158201072365e-02 -5.498398840427398682e-02
7.397638833208475262e-02 -5.813554348424077034e-02
7.401331936853239313e-02 -5.922227085102349520e-02
7.740044155070791021e-02 -6.064432079438120127e-02
8.017994676629314199e-02 -5.560001928824931383e-02
7.708988947706529871e-02 -5.349108774680644274e-02
6.973597504111239687e-02 -5.345129688066663221e-02
6.856967791827628389e-02 -5.475699972157599404e-02
7.665121186437318102e-02 -5.256667803769232705e-02
7.579106084449449554e-02 -5.207225157209904864e-02
7.221556656440952793e-02 -4.897748318762751296e-02
7.485553381411591545e-02 -5.019721587450476363e-02
7.448935387219535187e-02 -5.508658535109134391e-02
6.882675708766328171e-02 -5.137418758386047557e-02
7.765994099463569000e-02 -4.998162762058200315e-02
7.147323730896459892e-02 -4.321625270677031949e-02
8.005242440412985161e-02 -5.116313137841643766e-02
7.964060878293821588e-02 -4.738990707119228318e-02
8.151580781122902408e-02 -4.183426569943549111e-02
8.105957718362333253e-02 -5.124702933972002938e-02
7.518755202909233049e-02 -4.652369512041332200e-02
7.362142508645774797e-02 -3.897578386386157945e-02
7.730157906917156652e-02 -4.662204278429271653e-02
7.821386034629540518e-02 -4.542542238050373271e-02
7.252187334961490706e-02 -5.377355300151975825e-02
