3.868030491770355767e-02 4.221623507535686437e-02
8.502338081598281860e-03 -7.324129343032836914e-03
7.087157573550939560e-03 -1.367322728037834167e-02
1.082022022455930710e-02 -2.327952906489372253e-02
1.144396257586777210e-02 -3.148630447685718536e-02
1.558589399792253971e-02 -3.868341865018010139e-02
1.408137858379632235e-02 -4.772840486839413643e-02
2.095102577004581690e-02 -5.677803838625550270e-02
1.490803260821849108e-02 -6.235952582210302353e-02
1.503889579907990992e-02 -7.148530986160039902e-02
2.320576869533397257e-02 -7.991412188857793808e-02
1.782785393879748881e-02 -7.900643616449087858e-02
1.788562514411751181e-02 -7.444265426602214575e-02
1.630379656853619963e-02 -7.751681504305452108e-02
9.019541801535524428e-03 -7.285388174932450056e-02
1.682166314276400954e-02 -7.761172053869813681e-02
2.502691025438252836e-02 -7.754276035120710731e-02
2.351746139174792916e-02 -8.118796272901818156e-02
2.506863886083010584e-02 -7.958233758108690381e-02
2.084399388695601374e-02 -7.514731801347807050e-02
2.167600196844432503e-02 -8.415860059903934598e-02
2.034729173465166241e-02 -8.413277986801404040e-02
1.295832278265152127e-02 -7.679444459608930629e-02
1.336108685063663870e-02 -8.432067885405558627e-02
1.096610842796508223e-02 -8.440793945737823378e-02
1.273389627749565989e-02 -8.562924095713242423e-02
1.258967450121417642e-02 -7.693830446623906028e-02
1.137953688157722354e-02 -7.619877892830118071e-02
5.799257371108978987e-03 -8.534130069710954558e-02
5.414821120211854577e-03 -8.728599757705524098e-02
1.294490686268545687e-02 -8.882601710320159327e-02
1.129037016653455794e-02 -9.490921872020408046e-02
1.414319258765317500e-02 -8.830032602236315142e-02
1.618814925313927233e-02 -8.853718414138711523e-02
1.234237421886064112e-02 -8.693458451125479769e-02
2.086582631454803050e-02 -9.437529495153285097e-02
2.668018304393626750e-02 -8.921096878293610644e-02
3.255606620223261416e-02 -8.507230118084407877e-02
2.750440864474512637e-02 -7.913811071011878084e-02
2.495387816452421248e-02 -8.720338562670804095e-02
2.486366176890442148e-02 -8.563357809725857805e-02
2.825807713816175237e-02 -9.162759626451588701e-02
3.251022593030938879e-02 -8.453863704744435381e-02
3.790079130703816190e-02 -8.181301093827642035e-02
4.113814843731233850e-02 -7.806495166551030707e-02
3.587004499422619119e-02 -7.257290844972885679e-02
4.021874958561966196e-02 -7.858087456952489447e-02
3.506627403112361208e-02 -7.410957998763478827e-02
3.429508946283021942e-02 -7.900237486865080427e-02
4.199054130731383339e-02 -8.690220312382734846e-02
4.194105872375075705e-02 -7.944913123901642393e-02
