-3.777080091429316916e-02 4.259247592700408924e-02
8.847657591104507446e-03 -9.746713563799858093e-03
1.731931231915950775e-02 -1.900443900376558304e-02
2.215143339708447456e-02 -2.776498999446630478e-02
2.560910466127097607e-02 -3.571370895951986313e-02
3.305157157592475414e-02 -4.487565439194440842e-02
2.745060273446142673e-02 -5.107038095593452454e-02
2.113580261357128620e-02 -5.591428419575095177e-02
1.918448368087410927e-02 -5.867952131666243076e-02
1.650540623813867569e-02 -6.225322023965418339e-02
1.721929345512762666e-02 -6.591563532128930092e-02
2.013762976275756955e-02 -6.995443394407629967e-02
2.092371246544644237e-02 -6.649872707203030586e-02
1.586159848375245929e-02 -7.204131316393613815e-02
1.097078964812681079e-02 -7.120860886061564088e-02
1.094552502763690427e-02 -7.116138529454474337e-02
7.878371987317223102e-03 -7.305346792054479010e-02
8.748372092668432742e-03 -7.625210228798096068e-02
1.716268528980435804e-02 -6.797636243936722167e-02
1.539049624261679128e-02 -6.994355227288906462e-02
1.197834616323234513e-02 -7.630442352456157096e-02
8.150275571097154170e-03 -7.294315322724287398e-02
5.635542569507379085e-03 -6.895510795948212035e-02
9.722727125335950404e-03 -7.536315768447821029e-02
1.740530839015264064e-03 -8.372592869636719115e-02
6.276782842178363353e-03 -7.790350857612793334e-02
1.026105625351192430e-02 -7.849651518699829467e-02
6.661645144049543887e-03 -7.358970716086332686e-02
7.305946273845620453e-04 -8.131730779496137984e-02
6.019859582011122257e-03 -7.958431345832650550e-02
4.313968711358029395e-03 -8.000856738726724871e-02
5.579029566433746368e-03 -7.197265055219759233e-02
1.275548933335812762e-02 -6.725538669343222864e-02
5.999193883326370269e-03 -7.176326967964996584e-02
9.609239765268284827e-03 -7.913181752155651338e-02
1.076269092300208285e-02 -8.392867034490336664e-02
2.149041167285759002e-03 -7.537383640374173410e-02
8.443081642326433212e-03 -7.895000356438686140e-02
8.139539633702952415e-03 -7.734840766715933569e-02
1.009735314437421039e-02 -8.307365638393093832e-02
8.797619615506846458e-03 -8.341640812068362720e-02
7.946740086481440812e-03 -8.538170783504028805e-02
1.320058172132121399e-02 -8.365953418615390547e-02
1.576165966253029183e-02 -8.561254114101757295e-02
8.701937920704949647e-03 -7.714227315227617510e-02
1.102485968294786289e-02 -8.351382713954080828e-02
9.412961728230584413e-03 -7.816403739343513735e-02
6.591575867787469178e-03 -8.084273089843918569e-02
3.088738485530484468e-03 -8.239767184204538353e-02
8.979896731034386903e-03 -7.581141587070305832e-02
3.990114382759202272e-03 -7.321580774805624969e-02
